config_id,d_model,n_layers,n_heads,weight_decay,beta1,beta2,cooldown_steps,lr,global_batch_size,final_step,total_compute,n_data,n_param,micro_batch_size,current_lr,tokens_so_far,flops_so_far,eval_step,valid_loss,test_loss,flops_bin
config_1,320,12,16,0.0132792294025421,0.9559746980667114,0.9189565181732178,0.2744268774986267,0.0004101854865439,32,14725.0,280990337434583040,965026304,32808320,16,0.0004101854865439,481689600.0,1.4048562744946691e+17,7362.0,2.07233168390438,2.0928174570601064,bin_0
config_1,320,12,16,0.0132792294025421,0.9559746980667114,0.9189565181732178,0.2744268774986267,0.0004101854865439,32,14725.0,280990337434583040,965026304,32808320,16,2.538276525643104e-06,963379200.0,2.8099033743458304e+17,14725.0,1.913160704754214,1.9317844720361477,bin_0
config_10,256,10,8,0.0110481297597289,0.9453505277633668,0.920198917388916,0.040860541164875,0.0099732372909784,64,74513.0,1867943765636284416,9766611968,21395968,16,0.0099732372909784,1592524800.0,3.051111023789033e+17,12171.0,1.9619531839355404,1.9820368300535995,bin_1
config_10,256,10,8,0.0110481297597289,0.9453505277633668,0.920198917388916,0.040860541164875,0.0099732372909784,64,74513.0,1867943765636284416,9766611968,21395968,16,0.0099732372909784,3191603200.0,6.102222047578066e+17,24342.0,1.9324457706429408,1.9524125612550784,bin_1
config_10,256,10,8,0.0110481297597289,0.9453505277633668,0.920198917388916,0.040860541164875,0.0099732372909784,64,74513.0,1867943765636284416,9766611968,21395968,16,0.0099732372909784,4784128000.0,9.15358375832986e+17,36514.0,1.9214906085565584,1.940251476245799,bin_1
config_10,256,10,8,0.0110481297597289,0.9453505277633668,0.920198917388916,0.040860541164875,0.0099732372909784,64,74513.0,1867943765636284416,9766611968,21395968,16,0.0099732372909784,6383206400.0,1.2204694782118894e+18,48685.0,1.9141126134146544,1.932214277172356,bin_1
config_10,256,10,8,0.0110481297597289,0.9453505277633668,0.920198917388916,0.040860541164875,0.0099732372909784,64,74513.0,1867943765636284416,9766611968,21395968,16,0.0099732372909784,7975731200.0,1.5255805805907924e+18,60856.0,1.907489993645688,1.9262185468046489,bin_1
config_10,256,10,8,0.0110481297597289,0.9453505277633668,0.920198917388916,0.040860541164875,0.0099732372909784,64,74513.0,1867943765636284416,9766611968,21395968,16,0.0047933134548953,9574809600.0,1.830691682969696e+18,73027.0,1.85494254038475,1.8718838306824244,bin_1
config_10,256,10,8,0.0110481297597289,0.9453505277633668,0.920198917388916,0.040860541164875,0.0099732372909784,64,74513.0,1867943765636284416,9766611968,21395968,16,4.2592669113902457e-05,9764864000.0,1.8679437656362844e+18,74513.0,1.802013479400255,1.8179803949541924,bin_1
config_100,1152,12,24,0.0042233127169311,0.9851252436637878,0.9088492393493652,0.1137933507561683,3.8907313864910975e-05,32,7995.0,960968000226484224,524010656,249050880,8,3.8907313864910975e-05,262144000.0,4.804239020519397e+17,3997.0,2.426504022488829,2.450970768733103,bin_0
config_100,1152,12,24,0.0042233127169311,0.9851252436637878,0.9088492393493652,0.1137933507561683,3.8907313864910975e-05,32,7995.0,960968000226484224,524010656,249050880,8,1.9261046467777696e-06,521011200.0,9.609680002264842e+17,7995.0,2.065101157759057,2.085876265705609,bin_0
config_1000,704,16,8,0.0019037378951907,0.8819778561592102,0.9847095608711244,0.1628177165985107,0.0012314933119341,32,8672.0,622204658863349760,568354880,136343680,8,0.0012314933119341,285081600.0,3.111023294316749e+17,4336.0,1.9888474745046896,2.0089491661650234,bin_0
config_1000,704,16,8,0.0019037378951907,0.8819778561592102,0.9847095608711244,0.1628177165985107,0.0012314933119341,32,8672.0,622204658863349760,568354880,136343680,8,1.920117141215568e-05,566886400.0,6.222046588633498e+17,8672.0,1.8093905598218325,1.8281533119717583,bin_0
config_1001,1600,25,32,0.0211585089564323,0.8120240569114685,0.9486563801765442,0.2870637476444244,0.0006547073717229,128,152587.0,245405568000000000000,40000000000,858764800,8,0.0006547073717229,3997696000.0,2.454103928979533e+19,15259.0,1.5490562641718348,1.5657421070630433,bin_2
config_1001,1600,25,32,0.0211585089564323,0.8120240569114685,0.9486563801765442,0.2870637476444244,0.0006547073717229,128,152587.0,245405568000000000000,40000000000,858764800,8,0.0006547073717229,7995392000.0,4.908207857959066e+19,30518.0,1.4716942145199072,1.4861655582072304,bin_2
config_1001,1600,25,32,0.0211585089564323,0.8120240569114685,0.9486563801765442,0.2870637476444244,0.0006547073717229,128,152587.0,245405568000000000000,40000000000,858764800,8,0.0006547073717229,12006195200.0,7.362150957006823e+19,45776.0,1.4399380815126857,1.4542293587571284,bin_2
config_1001,1600,25,32,0.0211585089564323,0.8120240569114685,0.9486563801765442,0.2870637476444244,0.0006547073717229,128,152587.0,245405568000000000000,40000000000,858764800,8,0.0006547073717229,16003891200.0,9.816254885986356e+19,61035.0,1.4173331546588022,1.4320629746308091,bin_2
config_1001,1600,25,32,0.0211585089564323,0.8120240569114685,0.9486563801765442,0.2870637476444244,0.0006547073717229,128,152587.0,245405568000000000000,40000000000,858764800,8,0.0006547073717229,20001587200.0,1.227035881496589e+20,76294.0,1.4036765375782232,1.417639951490965,bin_2
config_1001,1600,25,32,0.0211585089564323,0.8120240569114685,0.9486563801765442,0.2870637476444244,0.0006547073717229,128,152587.0,245405568000000000000,40000000000,858764800,8,0.0006547073717229,23999283200.0,1.4724462743945422e+20,91553.0,1.3941557532255766,1.407884028641904,bin_2
config_1001,1600,25,32,0.0211585089564323,0.8120240569114685,0.9486563801765442,0.2870637476444244,0.0006547073717229,128,152587.0,245405568000000000000,40000000000,858764800,8,0.0006547073717229,27996979200.0,1.7178566672924954e+20,106812.0,1.3868811311291869,1.4005187210587204,bin_2
config_1001,1600,25,32,0.0211585089564323,0.8120240569114685,0.9486563801765442,0.2870637476444244,0.0006547073717229,128,152587.0,245405568000000000000,40000000000,858764800,8,0.0004564357565933,31994675200.0,1.963250977197271e+20,122070.0,1.3612349254967735,1.3746715378468153,bin_2
config_1001,1600,25,32,0.0211585089564323,0.8120240569114685,0.9486563801765442,0.2870637476444244,0.0006547073717229,128,152587.0,245405568000000000000,40000000000,858764800,8,0.0002277470486037,36005478400.0,2.2086613700952244e+20,137329.0,1.3301989756353565,1.3443693153486878,bin_2
config_1001,1600,25,32,0.0211585089564323,0.8120240569114685,0.9486563801765442,0.2870637476444244,0.0006547073717229,128,152587.0,245405568000000000000,40000000000,858764800,8,5.530380520009284e-07,39990067200.0,2.45405568e+20,152587.0,1.30263127768626,1.3156831211340232,bin_2
config_1002,1536,28,32,0.0035706458147615,0.8650363087654114,0.9713625907897948,0.1879289299249649,0.0001633287320146,128,152587.0,251066327040000000000,40000000000,870036480,8,0.0001633287320146,3997696000.0,2.5107126323365425e+19,15259.0,1.5842650784429957,1.6008725144042344,bin_2
config_1002,1536,28,32,0.0035706458147615,0.8650363087654114,0.9713625907897948,0.1879289299249649,0.0001633287320146,128,152587.0,251066327040000000000,40000000000,870036480,8,0.0001633287320146,7995392000.0,5.021425264673085e+19,30518.0,1.479347008798943,1.4950620824684862,bin_2
config_1002,1536,28,32,0.0035706458147615,0.8650363087654114,0.9713625907897948,0.1879289299249649,0.0001633287320146,128,152587.0,251066327040000000000,40000000000,870036480,8,0.0001633287320146,12006195200.0,7.531973357221152e+19,45776.0,1.4355865615117744,1.4504233974413794,bin_2
config_1002,1536,28,32,0.0035706458147615,0.8650363087654114,0.9713625907897948,0.1879289299249649,0.0001633287320146,128,152587.0,251066327040000000000,40000000000,870036480,8,0.0001633287320146,16003891200.0,1.0042685989557695e+20,61035.0,1.40938696985362,1.4241139158655385,bin_2
config_1002,1536,28,32,0.0035706458147615,0.8650363087654114,0.9713625907897948,0.1879289299249649,0.0001633287320146,128,152587.0,251066327040000000000,40000000000,870036480,8,0.0001633287320146,20001587200.0,1.2553398621894238e+20,76294.0,1.3908169194713969,1.4052173552845346,bin_2
config_1002,1536,28,32,0.0035706458147615,0.8650363087654114,0.9713625907897948,0.1879289299249649,0.0001633287320146,128,152587.0,251066327040000000000,40000000000,870036480,8,0.0001633287320146,23999283200.0,1.506411125423078e+20,91553.0,1.3781396898383,1.391731928635816,bin_2
config_1002,1536,28,32,0.0035706458147615,0.8650363087654114,0.9713625907897948,0.1879289299249649,0.0001633287320146,128,152587.0,251066327040000000000,40000000000,870036480,8,0.0001633287320146,27996979200.0,1.7574823886567322e+20,106812.0,1.3678528383227646,1.3821783914624668,bin_2
config_1002,1536,28,32,0.0035706458147615,0.8650363087654114,0.9713625907897948,0.1879289299249649,0.0001633287320146,128,152587.0,251066327040000000000,40000000000,870036480,8,0.0001633287320146,31994675200.0,2.008537197911539e+20,122070.0,1.3594766663039315,1.3731917872194384,bin_2
config_1002,1536,28,32,0.0035706458147615,0.8650363087654114,0.9713625907897948,0.1879289299249649,0.0001633287320146,128,152587.0,251066327040000000000,40000000000,870036480,8,8.678779039954573e-05,36005478400.0,2.259608461145193e+20,137329.0,1.3325472257078672,1.34721287509457,bin_2
config_1002,1536,28,32,0.0035706458147615,0.8650363087654114,0.9713625907897948,0.1879289299249649,0.0001633287320146,128,152587.0,251066327040000000000,40000000000,870036480,8,2.1074675098662135e-07,39990067200.0,2.5106632704e+20,152587.0,1.3104359568337924,1.3242683695867414,bin_2
config_1003,1600,30,32,0.0953069329261779,0.8493140339851379,0.9440252780914308,0.1924067586660385,9.312440670328216e-05,128,152587.0,290625408000000000000,40000000000,1014428800,8,9.312440670328216e-05,3997696000.0,2.9063112196137288e+19,15259.0,1.615721895167085,1.632888736900736,bin_2
config_1003,1600,30,32,0.0953069329261779,0.8493140339851379,0.9440252780914308,0.1924067586660385,9.312440670328216e-05,128,152587.0,290625408000000000000,40000000000,1014428800,8,9.312440670328216e-05,7995392000.0,5.8126224392274575e+19,30518.0,1.503813812830409,1.5197946321377989,bin_2
config_1003,1600,30,32,0.0953069329261779,0.8493140339851379,0.9440252780914308,0.1924067586660385,9.312440670328216e-05,128,152587.0,290625408000000000000,40000000000,1014428800,8,9.312440670328216e-05,12006195200.0,8.718743193462091e+19,45776.0,1.4555260382812532,1.4709122682204012,bin_2
config_1003,1600,30,32,0.0953069329261779,0.8493140339851379,0.9440252780914308,0.1924067586660385,9.312440670328216e-05,128,152587.0,290625408000000000000,40000000000,1014428800,8,9.312440670328216e-05,16003891200.0,1.1625054413075818e+20,61035.0,1.4278757365414354,1.4428071224298633,bin_2
config_1003,1600,30,32,0.0953069329261779,0.8493140339851379,0.9440252780914308,0.1924067586660385,9.312440670328216e-05,128,152587.0,290625408000000000000,40000000000,1014428800,8,9.312440670328216e-05,20001587200.0,1.4531365632689548e+20,76294.0,1.409308151944739,1.4238469220087175,bin_2
config_1003,1600,30,32,0.0953069329261779,0.8493140339851379,0.9440252780914308,0.1924067586660385,9.312440670328216e-05,128,152587.0,290625408000000000000,40000000000,1014428800,8,9.312440670328216e-05,23999283200.0,1.743767685230328e+20,91553.0,1.3957526770282964,1.4100162905454636,bin_2
config_1003,1600,30,32,0.0953069329261779,0.8493140339851379,0.9440252780914308,0.1924067586660385,9.312440670328216e-05,128,152587.0,290625408000000000000,40000000000,1014428800,8,9.312440670328216e-05,27996979200.0,2.0343988071917004e+20,106812.0,1.386169617762331,1.4006282983744731,bin_2
config_1003,1600,30,32,0.0953069329261779,0.8493140339851379,0.9440252780914308,0.1924067586660385,9.312440670328216e-05,128,152587.0,290625408000000000000,40000000000,1014428800,8,9.312440670328216e-05,31994675200.0,2.325010882615164e+20,122070.0,1.3783221747445278,1.3923687759872343,bin_2
config_1003,1600,30,32,0.0953069329261779,0.8493140339851379,0.9440252780914308,0.1924067586660385,9.312440670328216e-05,128,152587.0,290625408000000000000,40000000000,1014428800,8,4.833219514060597e-05,36005478400.0,2.6156420045765368e+20,137329.0,1.34238367544823,1.3573221771052626,bin_2
config_1003,1600,30,32,0.0953069329261779,0.8493140339851379,0.9440252780914308,0.1924067586660385,9.312440670328216e-05,128,152587.0,290625408000000000000,40000000000,1014428800,8,1.1736504693853155e-07,39990067200.0,2.90625408e+20,152587.0,1.310232699073729,1.3247624779333833,bin_2
config_1005,1536,28,24,0.0253744889050722,0.9126790761947632,0.9151521325111388,0.0420300215482711,0.0033936274703592,128,152587.0,251066327040000000000,40000000000,870036480,8,0.0033936274703592,3997696000.0,2.5107126323365425e+19,15259.0,1.550930912670542,1.566762078922303,bin_2
config_1005,1536,28,24,0.0253744889050722,0.9126790761947632,0.9151521325111388,0.0420300215482711,0.0033936274703592,128,152587.0,251066327040000000000,40000000000,870036480,8,0.0033936274703592,7995392000.0,5.021425264673085e+19,30518.0,1.4999684140721306,1.514953042307838,bin_2
config_1005,1536,28,24,0.0253744889050722,0.9126790761947632,0.9151521325111388,0.0420300215482711,0.0033936274703592,128,152587.0,251066327040000000000,40000000000,870036480,8,0.0033936274703592,12006195200.0,7.531973357221152e+19,45776.0,1.4834787228850068,1.4980361804024118,bin_2
config_1005,1536,28,24,0.0253744889050722,0.9126790761947632,0.9151521325111388,0.0420300215482711,0.0033936274703592,128,152587.0,251066327040000000000,40000000000,870036480,8,0.0033936274703592,16003891200.0,1.0042685989557695e+20,61035.0,1.472358144394687,1.487417871228984,bin_2
config_1005,1536,28,24,0.0253744889050722,0.9126790761947632,0.9151521325111388,0.0420300215482711,0.0033936274703592,128,152587.0,251066327040000000000,40000000000,870036480,8,0.0033936274703592,20001587200.0,1.2553398621894238e+20,76294.0,1.4652356552491423,1.4801668585226184,bin_2
config_1005,1536,28,24,0.0253744889050722,0.9126790761947632,0.9151521325111388,0.0420300215482711,0.0033936274703592,128,152587.0,251066327040000000000,40000000000,870036480,8,0.0033936274703592,23999283200.0,1.506411125423078e+20,91553.0,1.4604505296320212,1.4751626538057796,bin_2
config_1005,1536,28,24,0.0253744889050722,0.9126790761947632,0.9151521325111388,0.0420300215482711,0.0033936274703592,128,152587.0,251066327040000000000,40000000000,870036480,8,0.0033936274703592,27996979200.0,1.7574823886567322e+20,106812.0,1.456781498271911,1.4714364812999474,bin_2
config_1005,1536,28,24,0.0253744889050722,0.9126790761947632,0.9151521325111388,0.0420300215482711,0.0033936274703592,128,152587.0,251066327040000000000,40000000000,870036480,8,0.0033936274703592,31994675200.0,2.008537197911539e+20,122070.0,1.4536342304456429,1.4685466730203784,bin_2
config_1005,1536,28,24,0.0253744889050722,0.9126790761947632,0.9151521325111388,0.0420300215482711,0.0033936274703592,128,152587.0,251066327040000000000,40000000000,870036480,8,0.0033936274703592,36005478400.0,2.259608461145193e+20,137329.0,1.450856288945089,1.466535563234423,bin_2
config_1005,1536,28,24,0.0253744889050722,0.9126790761947632,0.9151521325111388,0.0420300215482711,0.0033936274703592,128,152587.0,251066327040000000000,40000000000,870036480,8,1.9579637673988737e-05,39990067200.0,2.5106632704e+20,152587.0,1.3426383603205447,1.356476918097402,bin_2
config_1007,1600,25,40,0.0083345444872975,0.9536025524139404,0.9747037887573242,0.0981422439217567,1.0914099220826756e-05,64,38147.0,30675721129530163200,5000004096,858764800,8,1.0914099220826756e-05,3997696000.0,2.4540898561643155e+19,30518.0,1.767485147147882,1.7870332299099594,bin_2
config_1007,1600,25,40,0.0083345444872975,0.9536025524139404,0.9747037887573242,0.0981422439217567,1.0914099220826756e-05,64,38147.0,30675721129530163200,5000004096,858764800,8,1.370458625110483e-07,4993843200.0,3.0675721129530163e+19,38147.0,1.7056780702950525,1.7243826187829503,bin_2
config_1008,1472,27,32,0.0058504804037511,0.9771342277526855,0.9493226408958436,0.0457836985588073,0.0048220525495707,128,53947.0,81389685765605031936,14142143488,796475648,8,0.0048220525495707,3997696000.0,2.3021209985677926e+19,15259.0,3.241783032221872,3.273652175567189,bin_2
config_1008,1472,27,32,0.0058504804037511,0.9771342277526855,0.9493226408958436,0.0457836985588073,0.0048220525495707,128,53947.0,81389685765605031936,14142143488,796475648,8,0.0048220525495707,7995392000.0,4.604241997135585e+19,30518.0,3.810904707009675,3.802464913032094,bin_2
config_1008,1472,27,32,0.0058504804037511,0.9771342277526855,0.9493226408958436,0.0457836985588073,0.0048220525495707,128,53947.0,81389685765605031936,14142143488,796475648,8,0.0048220525495707,12006195200.0,6.906212125987239e+19,45776.0,3.624841011703992,3.624865590158056,bin_2
config_1008,1472,27,32,0.0058504804037511,0.9771342277526855,0.9493226408958436,0.0457836985588073,0.0048220525495707,128,53947.0,81389685765605031936,14142143488,796475648,8,9.17928188861189e-05,14129561600.0,8.138968576560503e+19,53947.0,3.425106484186454,3.4609660354598626,bin_2
config_1009,1536,25,32,0.0221605394035577,0.987869679927826,0.9124249219894408,0.0011175335384905,3.290204767836258e-05,64,38147.0,28269043317981315072,5000004096,785092608,8,3.290204767836258e-05,3997696000.0,2.261553107657624e+19,30518.0,1.608751932480296,1.6263213791221869,bin_2
config_1009,1536,25,32,0.0221605394035577,0.987869679927826,0.9124249219894408,0.0011175335384905,3.290204767836258e-05,64,38147.0,28269043317981315072,5000004096,785092608,8,3.290204767836258e-05,4993843200.0,2.8269043317981315e+19,38147.0,1.576589391778727,1.5933359719886155,bin_2
config_101,448,6,16,0.0169699434190988,0.9789988994598388,0.9388537406921388,0.1072206497192382,0.0005221497267484,64,54092.0,2070548428635832320,7090002432,37668736,16,0.0005221497267484,1592524800.0,4.658848799254366e+17,12171.0,1.875778960695905,1.8956656883569505,bin_1
config_101,448,6,16,0.0169699434190988,0.9789988994598388,0.9388537406921388,0.1072206497192382,0.0005221497267484,64,54092.0,2070548428635832320,7090002432,37668736,16,0.0005221497267484,3191603200.0,9.317697598508732e+17,24342.0,1.8164531844256728,1.835650774277236,bin_1
config_101,448,6,16,0.0169699434190988,0.9789988994598388,0.9388537406921388,0.1072206497192382,0.0005221497267484,64,54092.0,2070548428635832320,7090002432,37668736,16,0.0005221497267484,4784128000.0,1.3976929180508908e+18,36514.0,1.7917469716746055,1.8096628246036317,bin_1
config_101,448,6,16,0.0169699434190988,0.9789988994598388,0.9388537406921388,0.1072206497192382,0.0005221497267484,64,54092.0,2070548428635832320,7090002432,37668736,16,0.0004855029016429,6383206400.0,1.8635777979763277e+18,48685.0,1.7759741803025662,1.7930301795706065,bin_1
config_101,448,6,16,0.0169699434190988,0.9789988994598388,0.9388537406921388,0.1072206497192382,0.0005221497267484,64,54092.0,2070548428635832320,7090002432,37668736,16,3.781736251670209e-06,7084441600.0,2.0705484286358323e+18,54092.0,1.723590162780149,1.74018399499706,bin_1
config_1012,1344,30,24,0.0049717058427631,0.9463396072387696,0.9163929224014282,0.054472591727972,0.0003275729250162,128,152587.0,211920952320000000000,40000000000,717935232,8,0.0003275729250162,3997696000.0,2.119251188797788e+19,15259.0,1.5587699660512269,1.575202001880427,bin_2
config_1012,1344,30,24,0.0049717058427631,0.9463396072387696,0.9163929224014282,0.054472591727972,0.0003275729250162,128,152587.0,211920952320000000000,40000000000,717935232,8,0.0003275729250162,7995392000.0,4.238502377595576e+19,30518.0,1.4718200083443376,1.4872852730946462,bin_2
config_1012,1344,30,24,0.0049717058427631,0.9463396072387696,0.9163929224014282,0.054472591727972,0.0003275729250162,128,152587.0,211920952320000000000,40000000000,717935232,8,0.0003275729250162,12006195200.0,6.3576146810674045e+19,45776.0,1.435532546121566,1.4503205550205511,bin_2
config_1012,1344,30,24,0.0049717058427631,0.9463396072387696,0.9163929224014282,0.054472591727972,0.0003275729250162,128,152587.0,211920952320000000000,40000000000,717935232,8,0.0003275729250162,16003891200.0,8.476865869865191e+19,61035.0,1.412837540790683,1.4275721313816605,bin_2
config_1012,1344,30,24,0.0049717058427631,0.9463396072387696,0.9163929224014282,0.054472591727972,0.0003275729250162,128,152587.0,211920952320000000000,40000000000,717935232,8,0.0003275729250162,20001587200.0,1.059611705866298e+20,76294.0,1.3968458717963734,1.4113511564106238,bin_2
config_1012,1344,30,24,0.0049717058427631,0.9463396072387696,0.9163929224014282,0.054472591727972,0.0003275729250162,128,152587.0,211920952320000000000,40000000000,717935232,8,0.0003275729250162,23999283200.0,1.2715368247460767e+20,91553.0,1.3851960705147417,1.3991242936106978,bin_2
config_1012,1344,30,24,0.0049717058427631,0.9463396072387696,0.9163929224014282,0.054472591727972,0.0003275729250162,128,152587.0,211920952320000000000,40000000000,717935232,8,0.0003275729250162,27996979200.0,1.4834619436258555e+20,106812.0,1.3758688016895388,1.389646496342831,bin_2
config_1012,1344,30,24,0.0049717058427631,0.9463396072387696,0.9163929224014282,0.054472591727972,0.0003275729250162,128,152587.0,211920952320000000000,40000000000,717935232,8,0.0003275729250162,31994675200.0,1.6953731739730382e+20,122070.0,1.3686146541990218,1.382391315092806,bin_2
config_1012,1344,30,24,0.0049717058427631,0.9463396072387696,0.9163929224014282,0.054472591727972,0.0003275729250162,128,152587.0,211920952320000000000,40000000000,717935232,8,0.0003275729250162,36005478400.0,1.907298292852817e+20,137329.0,1.3612082121411309,1.3757155140501554,bin_2
config_1012,1344,30,24,0.0049717058427631,0.9463396072387696,0.9163929224014282,0.054472591727972,0.0003275729250162,128,152587.0,211920952320000000000,40000000000,717935232,8,1.458332117146256e-06,39990067200.0,2.1192095232e+20,152587.0,1.3203317081732828,1.3342395619486198,bin_2
config_1014,1408,26,22,0.0031757194083184,0.8178160786628723,0.922970712184906,0.1348576098680496,3.016423761437181e-05,64,38147.0,25459124856097996800,5000004096,698765056,8,3.016423761437181e-05,3997696000.0,2.0367566842960093e+19,30518.0,1.670143856298728,1.6886780459763573,bin_2
config_1014,1408,26,22,0.0031757194083184,0.8178160786628723,0.922970712184906,0.1348576098680496,3.016423761437181e-05,64,38147.0,25459124856097996800,5000004096,698765056,8,2.7560637011576016e-07,4993843200.0,2.5459124856098e+19,38147.0,1.6121759003889364,1.630074117672248,bin_2
config_1015,1408,26,32,0.1227086037397384,0.8032700419425964,0.9663455486297609,0.2265827059745788,3.852509325952269e-05,128,19073.0,25459124856097996800,5000004096,698765056,16,3.408503391139904e-05,3997696000.0,2.036810078011846e+19,15259.0,1.6666014752231662,1.684660566517564,bin_2
config_1015,1408,26,32,0.1227086037397384,0.8032700419425964,0.9663455486297609,0.2265827059745788,3.852509325952269e-05,128,19073.0,25459124856097996800,5000004096,698765056,16,2.0506298194145533e-07,4993843200.0,2.5459124856098e+19,19073.0,1.611610448634038,1.629373969445463,bin_2
config_1016,1280,30,32,0.0011709695681929,0.9023759961128236,0.9359208345413208,0.1834082752466201,2.1993368136463687e-05,128,53947.0,70523398526958305280,14142143488,673917440,8,2.1993368136463687e-05,3997696000.0,1.994766230045891e+19,15259.0,1.7679650188664922,1.78749361771052,bin_2
config_1016,1280,30,32,0.0011709695681929,0.9023759961128236,0.9359208345413208,0.1834082752466201,2.1993368136463687e-05,128,53947.0,70523398526958305280,14142143488,673917440,8,2.1993368136463687e-05,7995392000.0,3.989532460091782e+19,30518.0,1.6349106831042493,1.652979665447454,bin_2
config_1016,1280,30,32,0.0011709695681929,0.9023759961128236,0.9359208345413208,0.1834082752466201,2.1993368136463687e-05,128,53947.0,70523398526958305280,14142143488,673917440,8,1.81099626245977e-05,12006195200.0,5.984167962945193e+19,45776.0,1.5709842159904417,1.5880527356999818,bin_2
config_1016,1280,30,32,0.0011709695681929,0.9023759961128236,0.9359208345413208,0.1834082752466201,2.1993368136463687e-05,128,53947.0,70523398526958305280,14142143488,673917440,8,1.0447627879662193e-07,14129561600.0,7.052339852695831e+19,53947.0,1.5357812821571943,1.552359793772463,bin_2
config_1017,1472,28,32,0.0093127079308032,0.8652438521385193,0.9090521931648254,0.2986895442008972,0.0004321930173318,128,152587.0,238072919040000000000,40000000000,823233664,8,0.0004321930173318,3997696000.0,2.380775997713672e+19,15259.0,1.5626256115710149,1.5786870806920723,bin_2
config_1017,1472,28,32,0.0093127079308032,0.8652438521385193,0.9090521931648254,0.2986895442008972,0.0004321930173318,128,152587.0,238072919040000000000,40000000000,823233664,8,0.0004321930173318,7995392000.0,4.761551995427344e+19,30518.0,1.480377402540113,1.4955953915197342,bin_2
config_1017,1472,28,32,0.0093127079308032,0.8652438521385193,0.9090521931648254,0.2986895442008972,0.0004321930173318,128,152587.0,238072919040000000000,40000000000,823233664,8,0.0004321930173318,12006195200.0,7.14217196876211e+19,45776.0,1.445543338138549,1.4589469632946075,bin_2
config_1017,1472,28,32,0.0093127079308032,0.8652438521385193,0.9090521931648254,0.2986895442008972,0.0004321930173318,128,152587.0,238072919040000000000,40000000000,823233664,8,0.0004321930173318,16003891200.0,9.52294796647578e+19,61035.0,1.4237188638526883,1.4366770423728912,bin_2
config_1017,1472,28,32,0.0093127079308032,0.8652438521385193,0.9090521931648254,0.2986895442008972,0.0004321930173318,128,152587.0,238072919040000000000,40000000000,823233664,8,0.0004321930173318,20001587200.0,1.1903723964189454e+20,76294.0,1.4069696301124135,1.4209494732149313,bin_2
config_1017,1472,28,32,0.0093127079308032,0.8652438521385193,0.9090521931648254,0.2986895442008972,0.0004321930173318,128,152587.0,238072919040000000000,40000000000,823233664,8,0.0004321930173318,23999283200.0,1.4284499961903124e+20,91553.0,1.3955611304279234,1.4091693262878011,bin_2
config_1017,1472,28,32,0.0093127079308032,0.8652438521385193,0.9090521931648254,0.2986895442008972,0.0004321930173318,128,152587.0,238072919040000000000,40000000000,823233664,8,0.0004321930173318,27996979200.0,1.6665275959616795e+20,106812.0,1.3874868189115994,1.400709637432802,bin_2
config_1017,1472,28,32,0.0093127079308032,0.8652438521385193,0.9090521931648254,0.2986895442008972,0.0004321930173318,128,152587.0,238072919040000000000,40000000000,823233664,8,0.000289579563153,31994675200.0,1.904589593295156e+20,122070.0,1.3636760823062208,1.3761737344010931,bin_2
config_1017,1472,28,32,0.0093127079308032,0.8652438521385193,0.9090521931648254,0.2986895442008972,0.0004321930173318,128,152587.0,238072919040000000000,40000000000,823233664,8,0.0001444910699729,36005478400.0,2.1426671930665232e+20,137329.0,1.3398997189764117,1.3514182725011326,bin_2
config_1017,1472,28,32,0.0093127079308032,0.8652438521385193,0.9090521931648254,0.2986895442008972,0.0004321930173318,128,152587.0,238072919040000000000,40000000000,823233664,8,3.508675978865813e-07,39990067200.0,2.3807291904e+20,152587.0,1.3191156022959067,1.329394390925032,bin_2
config_1018,1472,24,32,0.033575166016817,0.9359514117240906,0.9933380484580994,0.0206245426088571,0.0030903618317097,128,152587.0,206599910400000000000,40000000000,716201600,16,0.0030903618317097,3997696000.0,2.0660397234322715e+19,15259.0,1.5585282907329625,1.5752770666997942,bin_2
config_1018,1472,24,32,0.033575166016817,0.9359514117240906,0.9933380484580994,0.0206245426088571,0.0030903618317097,128,152587.0,206599910400000000000,40000000000,716201600,16,0.0030903618317097,7995392000.0,4.132079446864543e+19,30518.0,1.5072617843502858,1.5234851100796558,bin_2
config_1018,1472,24,32,0.033575166016817,0.9359514117240906,0.9933380484580994,0.0206245426088571,0.0030903618317097,128,152587.0,206599910400000000000,40000000000,716201600,16,0.0030903618317097,12006195200.0,6.197983772189243e+19,45776.0,1.4915270886264864,1.505118040452238,bin_2
config_1018,1472,24,32,0.033575166016817,0.9359514117240906,0.9933380484580994,0.0206245426088571,0.0030903618317097,128,152587.0,206599910400000000000,40000000000,716201600,16,0.0030903618317097,16003891200.0,8.264023495621514e+19,61035.0,1.4817016410436787,1.4953728045010175,bin_2
config_1018,1472,24,32,0.033575166016817,0.9359514117240906,0.9933380484580994,0.0206245426088571,0.0030903618317097,128,152587.0,206599910400000000000,40000000000,716201600,16,0.0030903618317097,20001587200.0,1.0330063219053786e+20,76294.0,1.47389003401897,1.487977375945107,bin_2
config_1018,1472,24,32,0.033575166016817,0.9359514117240906,0.9933380484580994,0.0206245426088571,0.0030903618317097,128,152587.0,206599910400000000000,40000000000,716201600,16,0.0030903618317097,23999283200.0,1.2396102942486058e+20,91553.0,1.4692688523745927,1.4832926869001546,bin_2
config_1018,1472,24,32,0.033575166016817,0.9359514117240906,0.9933380484580994,0.0206245426088571,0.0030903618317097,128,152587.0,206599910400000000000,40000000000,716201600,16,0.0030903618317097,27996979200.0,1.4462142665918328e+20,106812.0,1.465989360574816,1.4800269901557046,bin_2
config_1018,1472,24,32,0.033575166016817,0.9359514117240906,0.9933380484580994,0.0206245426088571,0.0030903618317097,128,152587.0,206599910400000000000,40000000000,716201600,16,0.0030903618317097,31994675200.0,1.6528046991243028e+20,122070.0,1.4644708520076315,1.477024992489424,bin_2
config_1018,1472,24,32,0.033575166016817,0.9359514117240906,0.9933380484580994,0.0206245426088571,0.0030903618317097,128,152587.0,206599910400000000000,40000000000,716201600,16,0.0030903618317097,36005478400.0,1.85940867146753e+20,137329.0,1.4599851575835807,1.4746472232849872,bin_2
config_1018,1472,24,32,0.033575166016817,0.9359514117240906,0.9933380484580994,0.0206245426088571,0.0030903618317097,128,152587.0,206599910400000000000,40000000000,716201600,16,3.633409207920609e-05,39990067200.0,2.065999104e+20,152587.0,1.370721450516435,1.3842226186736686,bin_2
config_1019,1600,26,32,0.0321649722754955,0.8598933815956116,0.9951958060264589,0.0210293773561716,0.0029935764614492,128,152587.0,254449536000000000000,40000000000,889897600,8,0.0029935764614492,3997696000.0,2.544545387106372e+19,15259.0,3.334988963095868,3.371997895279869,bin_2
config_1019,1600,26,32,0.0321649722754955,0.8598933815956116,0.9951958060264589,0.0210293773561716,0.0029935764614492,128,152587.0,254449536000000000000,40000000000,889897600,8,0.0029935764614492,7995392000.0,5.089090774212744e+19,30518.0,3.239131127107339,3.2736269973536007,bin_2
config_1019,1600,26,32,0.0321649722754955,0.8598933815956116,0.9951958060264589,0.0210293773561716,0.0029935764614492,128,152587.0,254449536000000000000,40000000000,889897600,8,0.0029935764614492,12006195200.0,7.633469404297876e+19,45776.0,3.435317138961104,3.470933887137741,bin_2
config_1019,1600,26,32,0.0321649722754955,0.8598933815956116,0.9951958060264589,0.0210293773561716,0.0029935764614492,128,152587.0,254449536000000000000,40000000000,889897600,8,0.0029935764614492,16003891200.0,1.0178014791404247e+20,61035.0,3.803688356133758,3.8035260823906447,bin_2
config_1019,1600,26,32,0.0321649722754955,0.8598933815956116,0.9951958060264589,0.0210293773561716,0.0029935764614492,128,152587.0,254449536000000000000,40000000000,889897600,8,0.0029935764614492,20001587200.0,1.272256017851062e+20,76294.0,3.821223368761969,3.852497157620602,bin_2
config_1019,1600,26,32,0.0321649722754955,0.8598933815956116,0.9951958060264589,0.0210293773561716,0.0029935764614492,128,152587.0,254449536000000000000,40000000000,889897600,8,0.0029935764614492,23999283200.0,1.5267105565616993e+20,91553.0,3.5531709603794286,3.589577393570884,bin_2
config_1019,1600,26,32,0.0321649722754955,0.8598933815956116,0.9951958060264589,0.0210293773561716,0.0029935764614492,128,152587.0,254449536000000000000,40000000000,889897600,8,0.0029935764614492,27996979200.0,1.7811650952723363e+20,106812.0,3.8138177154103263,3.809104862213135,bin_2
config_1019,1600,26,32,0.0321649722754955,0.8598933815956116,0.9951958060264589,0.0210293773561716,0.0029935764614492,128,152587.0,254449536000000000000,40000000000,889897600,8,0.0029935764614492,31994675200.0,2.035602958280849e+20,122070.0,3.7363033504955103,3.724369345102154,bin_2
config_1019,1600,26,32,0.0321649722754955,0.8598933815956116,0.9951958060264589,0.0210293773561716,0.0029935764614492,128,152587.0,254449536000000000000,40000000000,889897600,8,0.0029935764614492,36005478400.0,2.2900574969914868e+20,137329.0,3.5176303762686056,3.554286518136009,bin_2
config_1019,1600,26,32,0.0321649722754955,0.8598933815956116,0.9951958060264589,0.0210293773561716,0.0029935764614492,128,152587.0,254449536000000000000,40000000000,889897600,8,3.452691055910945e-05,39990067200.0,2.54449536e+20,152587.0,3.5417465533193995,3.579403803465796,bin_2
config_102,960,11,20,0.0013601216487586,0.9374064803123474,0.9187837839126588,0.0700860694050788,0.0051341792568564,32,10042.0,841764477773905920,658129664,169939200,8,0.0051341792568564,327680000.0,4.2088223888695296e+17,5021.0,3.233158091253772,3.2653875197611195,bin_0
config_102,960,11,20,0.0013601216487586,0.9374064803123474,0.9187837839126588,0.0700860694050788,0.0051341792568564,32,10042.0,841764477773905920,658129664,169939200,8,0.0003067361718178,655360000.0,8.417644777739059e+17,10042.0,3.052902620543453,3.083511560924946,bin_0
config_1021,1472,26,32,0.0521329529583454,0.9244918823242188,0.9891207218170166,0.0642420351505279,0.0025289298500865,128,152587.0,222336414720000000000,40000000000,769717632,8,0.0025289298500865,3997696000.0,2.2234078605729714e+19,15259.0,1.562013935554223,1.578559880100313,bin_2
config_1021,1472,26,32,0.0521329529583454,0.9244918823242188,0.9891207218170166,0.0642420351505279,0.0025289298500865,128,152587.0,222336414720000000000,40000000000,769717632,8,0.0025289298500865,7995392000.0,4.446815721145943e+19,30518.0,1.516943728132326,1.5325837996162353,bin_2
config_1021,1472,26,32,0.0521329529583454,0.9244918823242188,0.9891207218170166,0.0642420351505279,0.0025289298500865,128,152587.0,222336414720000000000,40000000000,769717632,8,0.0025289298500865,12006195200.0,6.670077870475676e+19,45776.0,1.5017534619472066,1.517557293987665,bin_2
config_1021,1472,26,32,0.0521329529583454,0.9244918823242188,0.9891207218170166,0.0642420351505279,0.0025289298500865,128,152587.0,222336414720000000000,40000000000,769717632,8,0.0025289298500865,16003891200.0,8.893485731048648e+19,61035.0,1.492224520874805,1.5076432515754077,bin_2
config_1021,1472,26,32,0.0521329529583454,0.9244918823242188,0.9891207218170166,0.0642420351505279,0.0025289298500865,128,152587.0,222336414720000000000,40000000000,769717632,8,0.0025289298500865,20001587200.0,1.111689359162162e+20,76294.0,1.4852835345072823,1.5006990039934878,bin_2
config_1021,1472,26,32,0.0521329529583454,0.9244918823242188,0.9891207218170166,0.0642420351505279,0.0025289298500865,128,152587.0,222336414720000000000,40000000000,769717632,8,0.0025289298500865,23999283200.0,1.3340301452194592e+20,91553.0,1.4809793251948278,1.4962237582832083,bin_2
config_1021,1472,26,32,0.0521329529583454,0.9244918823242188,0.9891207218170166,0.0642420351505279,0.0025289298500865,128,152587.0,222336414720000000000,40000000000,769717632,8,0.0025289298500865,27996979200.0,1.556370931276756e+20,106812.0,1.4776841705744383,1.492498355019288,bin_2
config_1021,1472,26,32,0.0521329529583454,0.9244918823242188,0.9891207218170166,0.0642420351505279,0.0025289298500865,128,152587.0,222336414720000000000,40000000000,769717632,8,0.0025289298500865,31994675200.0,1.7786971462097296e+20,122070.0,1.476739873749311,1.491467990562564,bin_2
config_1021,1472,26,32,0.0521329529583454,0.9244918823242188,0.9891207218170166,0.0642420351505279,0.0025289298500865,128,152587.0,222336414720000000000,40000000000,769717632,8,0.0025289298500865,36005478400.0,2.0010379322670265e+20,137329.0,1.471883406707498,1.487961391405981,bin_2
config_1021,1472,26,32,0.0521329529583454,0.9244918823242188,0.9891207218170166,0.0642420351505279,0.0025289298500865,128,152587.0,222336414720000000000,40000000000,769717632,8,9.546052280473389e-06,39990067200.0,2.2233641472e+20,152587.0,1.3485663779055486,1.3615262571319204,bin_2
config_1024,1344,29,32,0.0858112201094627,0.8986269235610962,0.9214816689491272,0.2508361041545868,0.0051054689101874,128,152587.0,205397498880000000000,40000000000,696256512,8,0.0051054689101874,3997696000.0,2.054015371827168e+19,15259.0,1.6710035003599573,1.6874463537481963,bin_2
config_1024,1344,29,32,0.0858112201094627,0.8986269235610962,0.9214816689491272,0.2508361041545868,0.0051054689101874,128,152587.0,205397498880000000000,40000000000,696256512,8,0.0051054689101874,7995392000.0,4.108030743654335e+19,30518.0,1.64213956125447,1.6584896013971235,bin_2
config_1024,1344,29,32,0.0858112201094627,0.8986269235610962,0.9214816689491272,0.2508361041545868,0.0051054689101874,128,152587.0,205397498880000000000,40000000000,696256512,8,0.0051054689101874,12006195200.0,6.161911505390944e+19,45776.0,1.6338454439405534,1.650627385534224,bin_2
config_1024,1344,29,32,0.0858112201094627,0.8986269235610962,0.9214816689491272,0.2508361041545868,0.0051054689101874,128,152587.0,205397498880000000000,40000000000,696256512,8,0.0051054689101874,16003891200.0,8.215926877218111e+19,61035.0,1.6273695792917346,1.6445851105158449,bin_2
config_1024,1344,29,32,0.0858112201094627,0.8986269235610962,0.9214816689491272,0.2508361041545868,0.0051054689101874,128,152587.0,205397498880000000000,40000000000,696256512,8,0.0051054689101874,20001587200.0,1.026994224904528e+20,76294.0,1.6218594169421274,1.6378111608888282,bin_2
config_1024,1344,29,32,0.0858112201094627,0.8986269235610962,0.9214816689491272,0.2508361041545868,0.0051054689101874,128,152587.0,205397498880000000000,40000000000,696256512,8,0.0051054689101874,23999283200.0,1.2323957620872448e+20,91553.0,1.6227020559740848,1.6385029357574026,bin_2
config_1024,1344,29,32,0.0858112201094627,0.8986269235610962,0.9214816689491272,0.2508361041545868,0.0051054689101874,128,152587.0,205397498880000000000,40000000000,696256512,8,0.0051054689101874,27996979200.0,1.4377972992699612e+20,106812.0,1.6194635922986953,1.636052469151919,bin_2
config_1024,1344,29,32,0.0858112201094627,0.8986269235610962,0.9214816689491272,0.2508361041545868,0.0051054689101874,128,152587.0,205397498880000000000,40000000000,696256512,8,0.0040734102552749,31994675200.0,1.6431853754436223e+20,122070.0,1.5904614985966292,1.6067953474013532,bin_2
config_1024,1344,29,32,0.0858112201094627,0.8986269235610962,0.9214816689491272,0.2508361041545868,0.0051054689101874,128,152587.0,205397498880000000000,40000000000,696256512,8,0.0020325032602948,36005478400.0,1.848586912626339e+20,137329.0,1.51650031614499,1.532778193247123,bin_2
config_1024,1344,29,32,0.0858112201094627,0.8986269235610962,0.9214816689491272,0.2508361041545868,0.0051054689101874,128,152587.0,205397498880000000000,40000000000,696256512,8,4.935526719886639e-06,39990067200.0,2.0539749888e+20,152587.0,1.3703701476288623,1.3841354444085574,bin_2
config_1025,1600,26,32,0.0018478849669918,0.810010552406311,0.9886847734451294,0.0033480050042271,0.0018297935603186,128,152587.0,254449536000000000000,40000000000,889897600,8,0.0018297935603186,3997696000.0,2.544545387106372e+19,15259.0,1.5169204815489348,1.5326474262065577,bin_2
config_1025,1600,26,32,0.0018478849669918,0.810010552406311,0.9886847734451294,0.0033480050042271,0.0018297935603186,128,152587.0,254449536000000000000,40000000000,889897600,8,0.0018297935603186,7995392000.0,5.089090774212744e+19,30518.0,1.434849802001578,1.4496572211140493,bin_2
config_1025,1600,26,32,0.0018478849669918,0.810010552406311,0.9886847734451294,0.0033480050042271,0.0018297935603186,128,152587.0,254449536000000000000,40000000000,889897600,8,0.0018297935603186,12006195200.0,7.633469404297876e+19,45776.0,1.400484067348183,1.4142963327833864,bin_2
config_1025,1600,26,32,0.0018478849669918,0.810010552406311,0.9886847734451294,0.0033480050042271,0.0018297935603186,128,152587.0,254449536000000000000,40000000000,889897600,8,0.0018297935603186,16003891200.0,1.0178014791404247e+20,61035.0,1.378781600604292,1.3929409522306724,bin_2
config_1025,1600,26,32,0.0018478849669918,0.810010552406311,0.9886847734451294,0.0033480050042271,0.0018297935603186,128,152587.0,254449536000000000000,40000000000,889897600,8,0.0018297935603186,20001587200.0,1.272256017851062e+20,76294.0,1.3621564556242989,1.3763147918415852,bin_2
config_1025,1600,26,32,0.0018478849669918,0.810010552406311,0.9886847734451294,0.0033480050042271,0.0018297935603186,128,152587.0,254449536000000000000,40000000000,889897600,8,0.0018297935603186,23999283200.0,1.5267105565616993e+20,91553.0,1.3509462730122397,1.3644502980982671,bin_2
config_1025,1600,26,32,0.0018478849669918,0.810010552406311,0.9886847734451294,0.0033480050042271,0.0018297935603186,128,152587.0,254449536000000000000,40000000000,889897600,8,0.0018297935603186,27996979200.0,1.7811650952723363e+20,106812.0,1.3419192562924056,1.3553070666360074,bin_2
config_1025,1600,26,32,0.0018478849669918,0.810010552406311,0.9886847734451294,0.0033480050042271,0.0018297935603186,128,152587.0,254449536000000000000,40000000000,889897600,8,0.0018297935603186,31994675200.0,2.035602958280849e+20,122070.0,1.3348310978002236,1.3481042287291074,bin_2
config_1025,1600,26,32,0.0018478849669918,0.810010552406311,0.9886847734451294,0.0033480050042271,0.0018297935603186,128,152587.0,254449536000000000000,40000000000,889897600,8,0.0018297935603186,36005478400.0,2.2900574969914868e+20,137329.0,1.3286593088067946,1.3423561283310903,bin_2
config_1025,1600,26,32,0.0018478849669918,0.810010552406311,0.9886847734451294,0.0033480050042271,0.0018297935603186,128,152587.0,254449536000000000000,40000000000,889897600,8,0.0001327497288858,39990067200.0,2.54449536e+20,152587.0,1.3102730079166225,1.3234257554226234,bin_2
config_1026,1408,24,32,0.0341600328683853,0.8530227541923523,0.9851613640785216,0.0108071751892566,0.0039819437079131,128,19073.0,23664092345608568832,5000004096,650459392,16,0.0039819437079131,3997696000.0,1.893201830344682e+19,15259.0,3.545981713670199,3.5741043547333264,bin_2
config_1026,1408,24,32,0.0341600328683853,0.8530227541923523,0.9851613640785216,0.0108071751892566,0.0039819437079131,128,19073.0,23664092345608568832,5000004096,650459392,16,0.0004445859479708,4993843200.0,2.366409234560857e+19,19073.0,3.642587003160696,3.673950459370848,bin_2
config_1027,1408,28,32,0.0374277643859386,0.9433184266090392,0.9654158353805542,0.2331526577472686,7.272933726198971e-05,128,152587.0,218033080320000000000,40000000000,747070720,8,7.272933726198971e-05,3997696000.0,2.180373670498064e+19,15259.0,1.631845167621237,1.6488472279955129,bin_2
config_1027,1408,28,32,0.0374277643859386,0.9433184266090392,0.9654158353805542,0.2331526577472686,7.272933726198971e-05,128,152587.0,218033080320000000000,40000000000,747070720,8,7.272933726198971e-05,7995392000.0,4.360747340996127e+19,30518.0,1.5162333523640867,1.5322116200259477,bin_2
config_1027,1408,28,32,0.0374277643859386,0.9433184266090392,0.9654158353805542,0.2331526577472686,7.272933726198971e-05,128,152587.0,218033080320000000000,40000000000,747070720,8,7.272933726198971e-05,12006195200.0,6.540978120500646e+19,45776.0,1.4671206337506657,1.4821982635728648,bin_2
config_1027,1408,28,32,0.0374277643859386,0.9433184266090392,0.9654158353805542,0.2331526577472686,7.272933726198971e-05,128,152587.0,218033080320000000000,40000000000,747070720,8,7.272933726198971e-05,16003891200.0,8.721351790998708e+19,61035.0,1.4366783190750685,1.4515491882015448,bin_2
config_1027,1408,28,32,0.0374277643859386,0.9433184266090392,0.9654158353805542,0.2331526577472686,7.272933726198971e-05,128,152587.0,218033080320000000000,40000000000,747070720,8,7.272933726198971e-05,20001587200.0,1.0901725461496771e+20,76294.0,1.4151631234219817,1.429965127374305,bin_2
config_1027,1408,28,32,0.0374277643859386,0.9433184266090392,0.9654158353805542,0.2331526577472686,7.272933726198971e-05,128,152587.0,218033080320000000000,40000000000,747070720,8,7.272933726198971e-05,23999283200.0,1.3082099131994836e+20,91553.0,1.3999530044051467,1.4144408952896712,bin_2
config_1027,1408,28,32,0.0374277643859386,0.9433184266090392,0.9654158353805542,0.2331526577472686,7.272933726198971e-05,128,152587.0,218033080320000000000,40000000000,747070720,8,7.272933726198971e-05,27996979200.0,1.5262472802492898e+20,106812.0,1.388268068208069,1.4024741627446942,bin_2
config_1027,1408,28,32,0.0374277643859386,0.9433184266090392,0.9654158353805542,0.2331526577472686,7.272933726198971e-05,128,152587.0,218033080320000000000,40000000000,747070720,8,6.242792253118338e-05,31994675200.0,1.7442703581997416e+20,122070.0,1.3733092345956897,1.3877144686120455,bin_2
config_1027,1408,28,32,0.0374277643859386,0.9433184266090392,0.9654158353805542,0.2331526577472686,7.272933726198971e-05,128,152587.0,218033080320000000000,40000000000,747070720,8,3.114956464641718e-05,36005478400.0,1.962307725249548e+20,137329.0,1.3482879806248869,1.362319230378651,bin_2
config_1027,1408,28,32,0.0374277643859386,0.9433184266090392,0.9654158353805542,0.2331526577472686,7.272933726198971e-05,128,152587.0,218033080320000000000,40000000000,747070720,8,7.564047331610796e-08,39990067200.0,2.1803308032e+20,152587.0,1.3294778925668995,1.343434111612742,bin_2
config_1029,1344,27,32,0.0803639814257621,0.8106352686882019,0.9217413663864136,0.0731457769870758,0.0006117930170148,128,19073.0,24043843696700620800,5000004096,652899072,16,0.0006117930170148,3997696000.0,1.923583133056964e+19,15259.0,1.548704071748452,1.5643880621331636,bin_2
config_1029,1344,27,32,0.0803639814257621,0.8106352686882019,0.9217413663864136,0.0731457769870758,0.0006117930170148,128,19073.0,24043843696700620800,5000004096,652899072,16,1.0086909957951191e-05,4993843200.0,2.404384369670062e+19,19073.0,1.4692203892254438,1.4842147508996433,bin_2
config_103,1152,24,16,0.1009353175759315,0.842544674873352,0.9827691316604614,0.1769083738327026,0.002076867269352,32,13385.0,2912552297940271104,877214656,440181504,8,0.002076867269352,439091200.0,1.4561673498555318e+18,6692.0,3.3757873026660232,3.4109810581754467,bin_1
config_103,1152,24,16,0.1009353175759315,0.842544674873352,0.9827691316604614,0.1769083738327026,0.002076867269352,32,13385.0,2912552297940271104,877214656,440181504,8,3.070990892578042e-05,874905600.0,2.912552297940271e+18,13385.0,3.174262734671108,3.208777855028872,bin_1
config_1030,1408,29,32,0.0037042368203401,0.9463045597076416,0.932694137096405,0.2664867341518402,8.02926515461877e-05,128,53947.0,79624936328711110656,14142143488,771223552,8,8.02926515461877e-05,3997696000.0,2.2522047628965515e+19,15259.0,1.595333671335314,1.6130386606982496,bin_2
config_1030,1408,29,32,0.0037042368203401,0.9463045597076416,0.932694137096405,0.2664867341518402,8.02926515461877e-05,128,53947.0,79624936328711110656,14142143488,771223552,8,8.02926515461877e-05,7995392000.0,4.504409525793103e+19,30518.0,1.5046416575693693,1.5205113011891724,bin_2
config_1030,1408,29,32,0.0037042368203401,0.9463045597076416,0.932694137096405,0.2664867341518402,8.02926515461877e-05,128,53947.0,79624936328711110656,14142143488,771223552,8,4.5502520321841344e-05,12006195200.0,6.756466690238716e+19,45776.0,1.4447129866334258,1.459745926984021,bin_2
config_1030,1408,29,32,0.0037042368203401,0.9463045597076416,0.932694137096405,0.2664867341518402,8.02926515461877e-05,128,53947.0,79624936328711110656,14142143488,771223552,8,2.6250379957365173e-07,14129561600.0,7.962493632871111e+19,53947.0,1.4153517786987493,1.429994858434943,bin_2
config_1031,1536,29,32,0.168276160955429,0.8665711879730225,0.9431711435317992,0.0838976204395294,0.000188872727449,64,38147.0,32421407679595413504,5000004096,898351104,8,0.000188872727449,3997696000.0,2.593746610653244e+19,30518.0,1.5740841786587825,1.589317903850899,bin_2
config_1031,1536,29,32,0.168276160955429,0.8665711879730225,0.9431711435317992,0.0838976204395294,0.000188872727449,64,38147.0,32421407679595413504,5000004096,898351104,8,2.7740681844079464e-06,4993843200.0,3.2421407679595414e+19,38147.0,1.4831165003287987,1.4975156676378407,bin_2
config_1032,1344,24,32,0.0030655404552817,0.948828101158142,0.9857750535011292,0.0689475983381271,0.0002478951937519,128,19073.0,21597546652695724032,5000004096,587862912,16,0.0002478951937519,3997696000.0,1.727871673955246e+19,15259.0,1.5444706110094415,1.5605665308921064,bin_2
config_1032,1344,24,32,0.0030655404552817,0.948828101158142,0.9857750535011292,0.0689475983381271,0.0002478951937519,128,19073.0,21597546652695724032,5000004096,587862912,16,4.335809472466736e-06,4993843200.0,2.1597546652695724e+19,19073.0,1.4858084797468345,1.501382830690165,bin_2
config_1033,1280,27,40,0.030692609027028,0.8161378502845764,0.9956157207489014,0.1574826836585998,6.298529478954151e-05,128,19073.0,22633477741329776640,5000004096,612961280,16,6.298529478954151e-05,3997696000.0,1.8107494198864943e+19,15259.0,1.6455866417728486,1.6640957040474065,bin_2
config_1033,1280,27,40,0.030692609027028,0.8161378502845764,0.9956157207489014,0.1574826836585998,6.298529478954151e-05,128,19073.0,22633477741329776640,5000004096,612961280,16,4.824048551979501e-07,4993843200.0,2.2633477741329777e+19,19073.0,1.58386275713561,1.6013394815413675,bin_2
config_1034,1600,25,32,0.0131658026948571,0.9310050010681152,0.9468766450881958,0.0596522241830825,0.0006736828945577,128,152587.0,245405568000000000000,40000000000,858764800,8,0.0006736828945577,3997696000.0,2.454103928979533e+19,15259.0,1.5498707500637554,1.5659234056511864,bin_2
config_1034,1600,25,32,0.0131658026948571,0.9310050010681152,0.9468766450881958,0.0596522241830825,0.0006736828945577,128,152587.0,245405568000000000000,40000000000,858764800,8,0.0006736828945577,7995392000.0,4.908207857959066e+19,30518.0,1.4673230591172075,1.481299696740557,bin_2
config_1034,1600,25,32,0.0131658026948571,0.9310050010681152,0.9468766450881958,0.0596522241830825,0.0006736828945577,128,152587.0,245405568000000000000,40000000000,858764800,8,0.0006736828945577,12006195200.0,7.362150957006823e+19,45776.0,1.4314665729491438,1.4451155006885528,bin_2
config_1034,1600,25,32,0.0131658026948571,0.9310050010681152,0.9468766450881958,0.0596522241830825,0.0006736828945577,128,152587.0,245405568000000000000,40000000000,858764800,8,0.0006736828945577,16003891200.0,9.816254885986356e+19,61035.0,1.4090724083341537,1.42325023073642,bin_2
config_1034,1600,25,32,0.0131658026948571,0.9310050010681152,0.9468766450881958,0.0596522241830825,0.0006736828945577,128,152587.0,245405568000000000000,40000000000,858764800,8,0.0006736828945577,20001587200.0,1.227035881496589e+20,76294.0,1.3942550720152307,1.4080914100174045,bin_2
config_1034,1600,25,32,0.0131658026948571,0.9310050010681152,0.9468766450881958,0.0596522241830825,0.0006736828945577,128,152587.0,245405568000000000000,40000000000,858764800,8,0.0006736828945577,23999283200.0,1.4724462743945422e+20,91553.0,1.383538538618166,1.3973914815265625,bin_2
config_1034,1600,25,32,0.0131658026948571,0.9310050010681152,0.9468766450881958,0.0596522241830825,0.0006736828945577,128,152587.0,245405568000000000000,40000000000,858764800,8,0.0006736828945577,27996979200.0,1.7178566672924954e+20,106812.0,1.3752627900877936,1.3890165907828531,bin_2
config_1034,1600,25,32,0.0131658026948571,0.9310050010681152,0.9468766450881958,0.0596522241830825,0.0006736828945577,128,152587.0,245405568000000000000,40000000000,858764800,8,0.0006736828945577,31994675200.0,1.963250977197271e+20,122070.0,1.3688617914621948,1.3824697149190746,bin_2
config_1034,1600,25,32,0.0131658026948571,0.9310050010681152,0.9468766450881958,0.0596522241830825,0.0006736828945577,128,152587.0,245405568000000000000,40000000000,858764800,8,0.0006736828945577,36005478400.0,2.2086613700952244e+20,137329.0,1.363075211849369,1.377560438220618,bin_2
config_1034,1600,25,32,0.0131658026948571,0.9310050010681152,0.9468766450881958,0.0596522241830825,0.0006736828945577,128,152587.0,245405568000000000000,40000000000,858764800,8,2.7385483518606226e-06,39990067200.0,2.45405568e+20,152587.0,1.3115339630842209,1.3250086348076335,bin_2
config_1037,1536,27,32,0.0384781882166862,0.9668207168579102,0.9246646165847778,0.1450330018997192,0.0003259089426137,64,38147.0,30345225498788364288,5000004096,841721856,8,0.0003259089426137,3997696000.0,2.427649859155433e+19,30518.0,1.538778419377374,1.5547179370825408,bin_2
config_1037,1536,27,32,0.0384781882166862,0.9668207168579102,0.9246646165847778,0.1450330018997192,0.0003259089426137,64,38147.0,30345225498788364288,5000004096,841721856,8,2.768929917361916e-06,4993843200.0,3.0345225498788364e+19,38147.0,1.4549875887495571,1.4698291567896231,bin_2
config_1038,1472,28,32,0.1646162718534469,0.9114007949829102,0.9723398685455322,0.1119196638464927,4.821330003323965e-05,64,38147.0,29759139258666909696,5000004096,823233664,8,4.821330003323965e-05,3997696000.0,2.3807623453901926e+19,30518.0,1.5950445768872246,1.6117822412780074,bin_2
config_1038,1472,28,32,0.1646162718534469,0.9114007949829102,0.9723398685455322,0.1119196638464927,4.821330003323965e-05,64,38147.0,29759139258666909696,5000004096,823233664,8,5.308093468171148e-07,4993843200.0,2.975913925866691e+19,38147.0,1.5305567380053098,1.5464563692006907,bin_2
config_1039,1280,29,32,0.0018268721178174,0.8821435570716858,0.99347722530365,0.2668881118297577,0.0065257330425083,128,53947.0,68354640860385116160,14142143488,653598720,8,0.0065257330425083,3997696000.0,1.933422553410971e+19,15259.0,3.3510993488108527,3.3867154176899645,bin_2
config_1039,1280,29,32,0.0018268721178174,0.8821435570716858,0.99347722530365,0.2668881118297577,0.0065257330425083,128,53947.0,68354640860385116160,14142143488,653598720,8,0.0065257330425083,7995392000.0,3.866845106821942e+19,30518.0,3.578139151588815,3.586735155777853,bin_2
config_1039,1280,29,32,0.0018268721178174,0.8821435570716858,0.99347722530365,0.2668881118297577,0.0065257330425083,128,53947.0,68354640860385116160,14142143488,653598720,8,0.003692793435946,12006195200.0,5.80014095320405e+19,45776.0,3.9046100883014874,3.91055825299904,bin_2
config_1039,1280,29,32,0.0018268721178174,0.8821435570716858,0.99347722530365,0.2668881118297577,0.0065257330425083,128,53947.0,68354640860385116160,14142143488,653598720,8,2.1303705841348337e-05,14129561600.0,6.835464086038512e+19,53947.0,4.737256320421813,4.737473953434678,bin_2
config_104,512,18,16,0.0038574652280658,0.8251498341560364,0.9780817031860352,0.2090599685907364,0.0070676342584192,64,18365.0,1802936398739668992,2407145472,87102464,8,0.0070676342584192,1592524800.0,1.1948564611522194e+18,12171.0,3.155054211572092,3.186785405679518,bin_1
config_104,512,18,16,0.0038574652280658,0.8251498341560364,0.9780817031860352,0.2090599685907364,0.0070676342584192,64,18365.0,1802936398739668992,2407145472,87102464,8,2.761513776407612e-05,2405171200.0,1.802936398739669e+18,18365.0,3.0411088133032025,3.0719627091536217,bin_1
config_1040,1472,29,16,0.0071547138504683,0.9213964939117432,0.933717966079712,0.009841633029282,0.0056820344179868,64,38147.0,30742671584375930880,5000004096,849991680,8,0.0056820344179868,3997696000.0,2.459445962754567e+19,30518.0,3.252641460074753,3.2766382307302755,bin_2
config_1040,1472,29,16,0.0071547138504683,0.9213964939117432,0.933717966079712,0.009841633029282,0.0056820344179868,64,38147.0,30742671584375930880,5000004096,849991680,8,0.000712148313721,4993843200.0,3.074267158437593e+19,38147.0,3.2693532673257297,3.302586561500049,bin_2
config_1041,1280,30,40,0.1438715159893036,0.860273540019989,0.9063361287117004,0.2494284957647323,2.323250737390481e-05,128,152587.0,199470182400000000000,40000000000,673917440,8,2.323250737390481e-05,3997696000.0,1.994741041662527e+19,15259.0,1.825229514993605,1.8450302945785837,bin_2
config_1041,1280,30,40,0.1438715159893036,0.860273540019989,0.9063361287117004,0.2494284957647323,2.323250737390481e-05,128,152587.0,199470182400000000000,40000000000,673917440,8,2.323250737390481e-05,7995392000.0,3.989482083325054e+19,30518.0,1.6556653487486916,1.6734429591210165,bin_2
config_1041,1280,30,40,0.1438715159893036,0.860273540019989,0.9063361287117004,0.2494284957647323,2.323250737390481e-05,128,152587.0,199470182400000000000,40000000000,673917440,8,2.323250737390481e-05,12006195200.0,5.984092399445824e+19,45776.0,1.5867514841185242,1.6035050316130528,bin_2
config_1041,1280,30,40,0.1438715159893036,0.860273540019989,0.9063361287117004,0.2494284957647323,2.323250737390481e-05,128,152587.0,199470182400000000000,40000000000,673917440,8,2.323250737390481e-05,16003891200.0,7.978833441108351e+19,61035.0,1.544679202329917,1.5606352213953365,bin_2
config_1041,1280,30,40,0.1438715159893036,0.860273540019989,0.9063361287117004,0.2494284957647323,2.323250737390481e-05,128,152587.0,199470182400000000000,40000000000,673917440,8,2.323250737390481e-05,20001587200.0,9.973574482770878e+19,76294.0,1.5140961468415182,1.5301714587016184,bin_2
config_1041,1280,30,40,0.1438715159893036,0.860273540019989,0.9063361287117004,0.2494284957647323,2.323250737390481e-05,128,152587.0,199470182400000000000,40000000000,673917440,8,2.323250737390481e-05,23999283200.0,1.1968315524433406e+20,91553.0,1.492205974723472,1.5073660315841926,bin_2
config_1041,1280,30,40,0.1438715159893036,0.860273540019989,0.9063361287117004,0.2494284957647323,2.323250737390481e-05,128,152587.0,199470182400000000000,40000000000,673917440,8,2.323250737390481e-05,27996979200.0,1.3963056566095933e+20,106812.0,1.474615078197151,1.4894419527053833,bin_2
config_1041,1280,30,40,0.1438715159893036,0.860273540019989,0.9063361287117004,0.2494284957647323,2.323250737390481e-05,128,152587.0,199470182400000000000,40000000000,673917440,8,1.864082287177622e-05,31994675200.0,1.5957666882216703e+20,122070.0,1.4541419673747704,1.46908794705985,bin_2
config_1041,1280,30,40,0.1438715159893036,0.860273540019989,0.9063361287117004,0.2494284957647323,2.323250737390481e-05,128,152587.0,199470182400000000000,40000000000,673917440,8,9.301182765080206e-06,36005478400.0,1.7952407923879228e+20,137329.0,1.43081720415686,1.445559325853332,bin_2
config_1041,1280,30,40,0.1438715159893036,0.860273540019989,0.9063361287117004,0.2494284957647323,2.323250737390481e-05,128,152587.0,199470182400000000000,40000000000,673917440,8,2.2586057774362744e-08,39990067200.0,1.994701824e+20,152587.0,1.4147421156871514,1.4292640050219707,bin_2
config_1042,1344,30,28,0.1449876725673675,0.9268251657485962,0.9166992902755736,0.2308869510889053,0.0016078812768682,128,152587.0,211920952320000000000,40000000000,717935232,8,0.0016078812768682,3997696000.0,2.119251188797788e+19,15259.0,1.6125943219857135,1.630029325426602,bin_2
config_1042,1344,30,28,0.1449876725673675,0.9268251657485962,0.9166992902755736,0.2308869510889053,0.0016078812768682,128,152587.0,211920952320000000000,40000000000,717935232,8,0.0016078812768682,7995392000.0,4.238502377595576e+19,30518.0,1.576550422574653,1.59300039744768,bin_2
config_1042,1344,30,28,0.1449876725673675,0.9268251657485962,0.9166992902755736,0.2308869510889053,0.0016078812768682,128,152587.0,211920952320000000000,40000000000,717935232,8,0.0016078812768682,12006195200.0,6.3576146810674045e+19,45776.0,1.5624386643679415,1.5787648667859249,bin_2
config_1042,1344,30,28,0.1449876725673675,0.9268251657485962,0.9166992902755736,0.2308869510889053,0.0016078812768682,128,152587.0,211920952320000000000,40000000000,717935232,8,0.0016078812768682,16003891200.0,8.476865869865191e+19,61035.0,1.5550834422228763,1.5711137268386903,bin_2
config_1042,1344,30,28,0.1449876725673675,0.9268251657485962,0.9166992902755736,0.2308869510889053,0.0016078812768682,128,152587.0,211920952320000000000,40000000000,717935232,8,0.0016078812768682,20001587200.0,1.059611705866298e+20,76294.0,1.5494914299738212,1.5653374918171616,bin_2
config_1042,1344,30,28,0.1449876725673675,0.9268251657485962,0.9166992902755736,0.2308869510889053,0.0016078812768682,128,152587.0,211920952320000000000,40000000000,717935232,8,0.0016078812768682,23999283200.0,1.2715368247460767e+20,91553.0,1.545777136790948,1.5616023077339425,bin_2
config_1042,1344,30,28,0.1449876725673675,0.9268251657485962,0.9166992902755736,0.2308869510889053,0.0016078812768682,128,152587.0,211920952320000000000,40000000000,717935232,8,0.0016078812768682,27996979200.0,1.4834619436258555e+20,106812.0,1.5434634902242754,1.559522158024741,bin_2
config_1042,1344,30,28,0.1449876725673675,0.9268251657485962,0.9166992902755736,0.2308869510889053,0.0016078812768682,128,152587.0,211920952320000000000,40000000000,717935232,8,0.0013936948779939,31994675200.0,1.6953731739730382e+20,122070.0,1.5247503672564615,1.540152036635602,bin_2
config_1042,1344,30,28,0.1449876725673675,0.9268251657485962,0.9166992902755736,0.2308869510889053,0.0016078812768682,128,152587.0,211920952320000000000,40000000000,717935232,8,0.0006954097932342,36005478400.0,1.907298292852817e+20,137329.0,1.4598167703190787,1.4752144966946277,bin_2
config_1042,1344,30,28,0.1449876725673675,0.9268251657485962,0.9166992902755736,0.2308869510889053,0.0016078812768682,128,152587.0,211920952320000000000,40000000000,717935232,8,1.6886632768699662e-06,39990067200.0,2.1192095232e+20,152587.0,1.3442297613523049,1.3576816778691088,bin_2
config_1043,1472,28,32,0.1249647811055183,0.8697582483291626,0.984172821044922,0.1891277730464935,0.0027069984935224,128,53947.0,84171534541767180288,14142143488,823233664,8,0.0027069984935224,3997696000.0,2.380806060712969e+19,15259.0,3.713249446681288,3.752609808484062,bin_2
config_1043,1472,28,32,0.1249647811055183,0.8697582483291626,0.984172821044922,0.1891277730464935,0.0027069984935224,128,53947.0,84171534541767180288,14142143488,823233664,8,0.0027069984935224,7995392000.0,4.761612121425938e+19,30518.0,3.607450554722645,3.646214196369296,bin_2
config_1043,1472,28,32,0.1249647811055183,0.8697582483291626,0.984172821044922,0.1891277730464935,0.0027069984935224,128,53947.0,84171534541767180288,14142143488,823233664,8,0.0021617248310847,12006195200.0,7.14226215578982e+19,45776.0,3.6703147708783375,3.7093570477063538,bin_2
config_1043,1472,28,32,0.1249647811055183,0.8697582483291626,0.984172821044922,0.1891277730464935,0.0027069984935224,128,53947.0,84171534541767180288,14142143488,823233664,8,1.247097914090908e-05,14129561600.0,8.417153454176718e+19,53947.0,3.286210428456791,3.321216402249258,bin_2
config_1044,1280,29,40,0.0012668850831687,0.807770848274231,0.9455793499946594,0.1227493658661842,0.0036922257859259,64,38147.0,24167021397607710720,5000004096,653598720,8,0.0036922257859259,3997696000.0,1.9333870527490814e+19,30518.0,3.152174307948253,3.183607019791838,bin_2
config_1044,1280,29,40,0.0012668850831687,0.807770848274231,0.9455793499946594,0.1227493658661842,0.0036922257859259,64,38147.0,24167021397607710720,5000004096,653598720,8,3.706420588178586e-05,4993843200.0,2.416702139760771e+19,38147.0,3.002427752643335,3.0332696596129995,bin_2
config_1045,1408,25,32,0.1914293617010116,0.9645602703094482,0.9021538496017456,0.1857613921165466,0.0023860295768827,128,152587.0,196492707840000000000,40000000000,674612224,16,0.0023860295768827,3997696000.0,1.964965710663792e+19,15259.0,1.6697018908281795,1.684758470214781,bin_2
config_1045,1408,25,32,0.1914293617010116,0.9645602703094482,0.9021538496017456,0.1857613921165466,0.0023860295768827,128,152587.0,196492707840000000000,40000000000,674612224,16,0.0023860295768827,7995392000.0,3.929931421327584e+19,30518.0,1.6436566319621977,1.6591306760662892,bin_2
config_1045,1408,25,32,0.1914293617010116,0.9645602703094482,0.9021538496017456,0.1857613921165466,0.0023860295768827,128,152587.0,196492707840000000000,40000000000,674612224,16,0.0023860295768827,12006195200.0,5.894768357778736e+19,45776.0,1.6278017513869238,1.6436495383841092,bin_2
config_1045,1408,25,32,0.1914293617010116,0.9645602703094482,0.9021538496017456,0.1857613921165466,0.0023860295768827,128,152587.0,196492707840000000000,40000000000,674612224,16,0.0023860295768827,16003891200.0,7.859734068442528e+19,61035.0,1.625112256691104,1.640823986061284,bin_2
config_1045,1408,25,32,0.1914293617010116,0.9645602703094482,0.9021538496017456,0.1857613921165466,0.0023860295768827,128,152587.0,196492707840000000000,40000000000,674612224,16,0.0023860295768827,20001587200.0,9.82469977910632e+19,76294.0,1.6184296067816313,1.634323857455957,bin_2
config_1045,1408,25,32,0.1914293617010116,0.9645602703094482,0.9021538496017456,0.1857613921165466,0.0023860295768827,128,152587.0,196492707840000000000,40000000000,674612224,16,0.0023860295768827,23999283200.0,1.1789665489770113e+20,91553.0,1.61784906105917,1.6340429660140492,bin_2
config_1045,1408,25,32,0.1914293617010116,0.9645602703094482,0.9021538496017456,0.1857613921165466,0.0023860295768827,128,152587.0,196492707840000000000,40000000000,674612224,16,0.0023860295768827,27996979200.0,1.3754631200433902e+20,106812.0,1.6153227759580142,1.6312881985648733,bin_2
config_1045,1408,25,32,0.1914293617010116,0.9645602703094482,0.9021538496017456,0.1857613921165466,0.0023860295768827,128,152587.0,196492707840000000000,40000000000,674612224,16,0.0023860295768827,31994675200.0,1.5719468136885056e+20,122070.0,1.618536675601709,1.633013731964299,bin_2
config_1045,1408,25,32,0.1914293617010116,0.9645602703094482,0.9021538496017456,0.1857613921165466,0.0023860295768827,128,152587.0,196492707840000000000,40000000000,674612224,16,0.0012826676779199,36005478400.0,1.7684433847548848e+20,137329.0,1.5422779724246165,1.5580010172187304,bin_2
config_1045,1408,25,32,0.1914293617010116,0.9645602703094482,0.9021538496017456,0.1857613921165466,0.0023860295768827,128,152587.0,196492707840000000000,40000000000,674612224,16,3.114701324606704e-06,39990067200.0,1.9649270784e+20,152587.0,1.375712542631587,1.388985996129083,bin_2
config_1048,1536,30,32,0.0014884503325447,0.9175788164138794,0.9041529297828674,0.1587036699056625,0.000111161811219,64,38147.0,33459498769998938112,5000004096,926665728,8,0.000111161811219,3997696000.0,2.6767949864021484e+19,30518.0,1.5706824007776916,1.5876303186182117,bin_2
config_1048,1536,30,32,0.0014884503325447,0.9175788164138794,0.9041529297828674,0.1587036699056625,0.000111161811219,64,38147.0,33459498769998938112,5000004096,926665728,8,8.630005165668868e-07,4993843200.0,3.345949876999894e+19,38147.0,1.4982355131379894,1.514293250177727,bin_2
config_105,320,16,8,0.0019486513920128,0.9387255907058716,0.9140135645866394,0.2617934942245483,0.0063762944191694,64,31700.0,1479404596388659200,4154995968,38381440,16,0.0063762944191694,1592524800.0,5.680073609667625e+17,12171.0,1.876155128021307,1.8949156194026444,bin_1
config_105,320,16,8,0.0019486513920128,0.9387255907058716,0.9140135645866394,0.2617934942245483,0.0063762944191694,64,31700.0,1479404596388659200,4154995968,38381440,16,0.0056478385130025,3191603200.0,1.136014721933525e+18,24342.0,1.8198836749590697,1.83789410229975,bin_1
config_105,320,16,8,0.0019486513920128,0.9387255907058716,0.9140135645866394,0.2617934942245483,0.0063762944191694,64,31700.0,1479404596388659200,4154995968,38381440,16,0.0,4154982400.0,1.4794045963886592e+18,31700.0,1.740968009614955,1.758251849476892,bin_1
config_1050,1600,25,40,0.0015425181481987,0.8313138484954834,0.9935500025749208,0.1204179376363754,3.617503170971759e-05,128,152587.0,245405568000000000000,40000000000,858764800,8,3.617503170971759e-05,3997696000.0,2.454103928979533e+19,15259.0,1.700834738563319,1.7186025735980175,bin_2
config_1050,1600,25,40,0.0015425181481987,0.8313138484954834,0.9935500025749208,0.1204179376363754,3.617503170971759e-05,128,152587.0,245405568000000000000,40000000000,858764800,8,3.617503170971759e-05,7995392000.0,4.908207857959066e+19,30518.0,1.5628582920793628,1.579586051682957,bin_2
config_1050,1600,25,40,0.0015425181481987,0.8313138484954834,0.9935500025749208,0.1204179376363754,3.617503170971759e-05,128,152587.0,245405568000000000000,40000000000,858764800,8,3.617503170971759e-05,12006195200.0,7.362150957006823e+19,45776.0,1.5047371287619482,1.520786301542501,bin_2
config_1050,1600,25,40,0.0015425181481987,0.8313138484954834,0.9935500025749208,0.1204179376363754,3.617503170971759e-05,128,152587.0,245405568000000000000,40000000000,858764800,8,3.617503170971759e-05,16003891200.0,9.816254885986356e+19,61035.0,1.4675180710632294,1.4829763727598504,bin_2
config_1050,1600,25,40,0.0015425181481987,0.8313138484954834,0.9935500025749208,0.1204179376363754,3.617503170971759e-05,128,152587.0,245405568000000000000,40000000000,858764800,8,3.617503170971759e-05,20001587200.0,1.227035881496589e+20,76294.0,1.4411962415546666,1.4562446125218125,bin_2
config_1050,1600,25,40,0.0015425181481987,0.8313138484954834,0.9935500025749208,0.1204179376363754,3.617503170971759e-05,128,152587.0,245405568000000000000,40000000000,858764800,8,3.617503170971759e-05,23999283200.0,1.4724462743945422e+20,91553.0,1.421933615706006,1.4365809277237438,bin_2
config_1050,1600,25,40,0.0015425181481987,0.8313138484954834,0.9935500025749208,0.1204179376363754,3.617503170971759e-05,128,152587.0,245405568000000000000,40000000000,858764800,8,3.617503170971759e-05,27996979200.0,1.7178566672924954e+20,106812.0,1.4066007974988124,1.4209804198683285,bin_2
config_1050,1600,25,40,0.0015425181481987,0.8313138484954834,0.9935500025749208,0.1204179376363754,3.617503170971759e-05,128,152587.0,245405568000000000000,40000000000,858764800,8,3.617503170971759e-05,31994675200.0,1.963250977197271e+20,122070.0,1.393838014407236,1.4082295294374716,bin_2
config_1050,1600,25,40,0.0015425181481987,0.8313138484954834,0.9935500025749208,0.1204179376363754,3.617503170971759e-05,128,152587.0,245405568000000000000,40000000000,858764800,8,2.9998854803579343e-05,36005478400.0,2.2086613700952244e+20,137329.0,1.379315736469675,1.3937919360301534,bin_2
config_1050,1600,25,40,0.0015425181481987,0.8313138484954834,0.9935500025749208,0.1204179376363754,3.617503170971759e-05,128,152587.0,245405568000000000000,40000000000,858764800,8,7.284620514093375e-08,39990067200.0,2.45405568e+20,152587.0,1.3530115362952968,1.3669782854299075,bin_2
config_1051,1472,30,16,0.009228135459125,0.8566741347312927,0.9826772809028624,0.0384821370244026,0.0019357100827619,128,38458.0,6.397121539846177e+19,10081771520,876749696,8,0.0019357100827619,3997696000.0,2.5381891303893287e+19,15259.0,2.9508627841120862,2.9819012716168265,bin_2
config_1051,1472,30,16,0.009228135459125,0.8566741347312927,0.9826772809028624,0.0384821370244026,0.0019357100827619,128,38458.0,6.397121539846177e+19,10081771520,876749696,8,0.0019357100827619,7995392000.0,5.076378260778657e+19,30518.0,2.868210841534568,2.8995346448069714,bin_2
config_1051,1472,30,16,0.009228135459125,0.8566741347312927,0.9826772809028624,0.0384821370244026,0.0019357100827619,128,38458.0,6.397121539846177e+19,10081771520,876749696,8,1.0470372320551612e-05,10079436800.0,6.397121539846177e+19,38458.0,2.6909852571956447,2.721236658799844,bin_2
config_1052,1600,26,32,0.0643120035529136,0.8813177943229675,0.9780206680297852,0.1863614618778228,0.0001808239467209,128,113705.0,1.896111237550768e+20,29807265792,889897600,8,0.0001808239467209,3997696000.0,2.54454609505186e+19,15259.0,1.5603601430674068,1.5769116002418957,bin_2
config_1052,1600,26,32,0.0643120035529136,0.8813177943229675,0.9780206680297852,0.1863614618778228,0.0001808239467209,128,113705.0,1.896111237550768e+20,29807265792,889897600,8,0.0001808239467209,7995392000.0,5.089092190103719e+19,30518.0,1.4758262932495994,1.4914363704157658,bin_2
config_1052,1600,26,32,0.0643120035529136,0.8813177943229675,0.9780206680297852,0.1863614618778228,0.0001808239467209,128,113705.0,1.896111237550768e+20,29807265792,889897600,8,0.0001808239467209,12006195200.0,7.633471528087944e+19,45776.0,1.434245822625082,1.449247887017297,bin_2
config_1052,1600,26,32,0.0643120035529136,0.8813177943229675,0.9780206680297852,0.1863614618778228,0.0001808239467209,128,113705.0,1.896111237550768e+20,29807265792,889897600,8,0.0001808239467209,16003891200.0,1.0178017623139805e+20,61035.0,1.4102485350800342,1.4251358706345325,bin_2
config_1052,1600,26,32,0.0643120035529136,0.8813177943229675,0.9780206680297852,0.1863614618778228,0.0001808239467209,128,113705.0,1.896111237550768e+20,29807265792,889897600,8,0.0001808239467209,20001587200.0,1.2722563718191664e+20,76294.0,1.394785523619808,1.4091459488477864,bin_2
config_1052,1600,26,32,0.0643120035529136,0.8813177943229675,0.9780206680297852,0.1863614618778228,0.0001808239467209,128,113705.0,1.896111237550768e+20,29807265792,889897600,8,0.0001808239467209,23999283200.0,1.5267109813243524e+20,91553.0,1.3842249050980708,1.3977140100178171,bin_2
config_1052,1600,26,32,0.0643120035529136,0.8813177943229675,0.9780206680297852,0.1863614618778228,0.0001808239467209,128,113705.0,1.896111237550768e+20,29807265792,889897600,8,5.892351826842643e-05,27996979200.0,1.7811655908295383e+20,106812.0,1.3372604849397158,1.3504977337454187,bin_2
config_1052,1600,26,32,0.0643120035529136,0.8813177943229675,0.9780206680297852,0.1863614618778228,0.0001808239467209,128,113705.0,1.896111237550768e+20,29807265792,889897600,8,4.266728332254808e-08,29805772800.0,1.896111237550768e+20,113705.0,1.317636962024892,1.3308641458143953,bin_2
config_1054,1344,28,32,0.0338147245347499,0.9884421825408936,0.9018410444259644,0.0250119753181934,9.920966840581968e-05,128,69361.0,9.040180508903552e+19,18182725632,674577792,8,9.920966840581968e-05,3997696000.0,1.988784971170533e+19,15259.0,1.6049251484675486,1.621832562880438,bin_2
config_1054,1344,28,32,0.0338147245347499,0.9884421825408936,0.9018410444259644,0.0250119753181934,9.920966840581968e-05,128,69361.0,9.040180508903552e+19,18182725632,674577792,8,9.920966840581968e-05,7995392000.0,3.977569942341065e+19,30518.0,1.510158206048559,1.5259038394200997,bin_2
config_1054,1344,28,32,0.0338147245347499,0.9884421825408936,0.9018410444259644,0.0250119753181934,9.920966840581968e-05,128,69361.0,9.040180508903552e+19,18182725632,674577792,8,9.920966840581968e-05,12006195200.0,5.966224578301481e+19,45776.0,1.4677463388442993,1.4831014683989228,bin_2
config_1054,1344,28,32,0.0338147245347499,0.9884421825408936,0.9018410444259644,0.0250119753181934,9.920966840581968e-05,128,69361.0,9.040180508903552e+19,18182725632,674577792,8,9.920966840581968e-05,16003891200.0,7.955009549472013e+19,61035.0,1.451568782583612,1.4638606504924965,bin_2
config_1054,1344,28,32,0.0338147245347499,0.9884421825408936,0.9018410444259644,0.0250119753181934,9.920966840581968e-05,128,69361.0,9.040180508903552e+19,18182725632,674577792,8,6.293577580530646e-07,18179686400.0,9.040180508903552e+19,69361.0,1.407232097817249,1.4220479701581548,bin_2
config_1055,1280,27,32,0.0052364151924848,0.9594790935516356,0.9879084825515748,0.0831740871071815,0.000195964006707,128,36941.0,4.383594955649581e+19,9683881984,612961280,16,0.000195964006707,3997696000.0,1.8107055961738164e+19,15259.0,1.562174979272436,1.5785003504205923,bin_2
config_1055,1280,27,32,0.0052364151924848,0.9594790935516356,0.9879084825515748,0.0831740871071815,0.000195964006707,128,36941.0,4.383594955649581e+19,9683881984,612961280,16,0.000195964006707,7995392000.0,3.621411192347633e+19,30518.0,1.481348663392614,1.4971000744866545,bin_2
config_1055,1280,27,32,0.0052364151924848,0.9594790935516356,0.9879084825515748,0.0831740871071815,0.000195964006707,128,36941.0,4.383594955649581e+19,9683881984,612961280,16,2.6154050374316284e-06,9673113600.0,4.383594955649581e+19,36941.0,1.4326697840651528,1.4456755900382996,bin_2
config_1057,1280,26,20,0.0032632213551551,0.8949321508407593,0.9694199562072754,0.0281189400702714,0.0004053533484693,128,61797.0,7.084763696427172e+19,16199901184,592642560,16,0.0004053533484693,3997696000.0,1.7493795692959564e+19,15259.0,1.5499659793494178,1.5655484527838035,bin_2
config_1057,1280,26,20,0.0032632213551551,0.8949321508407593,0.9694199562072754,0.0281189400702714,0.0004053533484693,128,61797.0,7.084763696427172e+19,16199901184,592642560,16,0.0004053533484693,7995392000.0,3.4987591385919128e+19,30518.0,1.4753940511922368,1.490857638531044,bin_2
config_1057,1280,26,20,0.0032632213551551,0.8949321508407593,0.9694199562072754,0.0281189400702714,0.0004053533484693,128,61797.0,7.084763696427172e+19,16199901184,592642560,16,0.0004053533484693,12006195200.0,5.248024062133278e+19,45776.0,1.441140486138766,1.453800352948611,bin_2
config_1057,1280,26,20,0.0032632213551551,0.8949321508407593,0.9694199562072754,0.0281189400702714,0.0004053533484693,128,61797.0,7.084763696427172e+19,16199901184,592642560,16,0.0001743229426059,16003891200.0,6.997403631429235e+19,61035.0,1.403569176197052,1.415132267006108,bin_2
config_1057,1280,26,20,0.0032632213551551,0.8949321508407593,0.9694199562072754,0.0281189400702714,0.0004053533484693,128,61797.0,7.084763696427172e+19,16199901184,592642560,16,1.096811017735176e-05,16187392000.0,7.084763696427172e+19,61797.0,1.3923838486436937,1.4036112755243897,bin_2
config_1058,1472,26,32,0.0058767963200807,0.8389076590538025,0.9362383484840392,0.295707494020462,0.009270479902625,128,15259.0,1.764888900806671e+20,31751684096,769717632,8,0.0,31751684096.0,1.764888900806671e+20,15259.0,3.8806710870148704,3.9060281414282128,bin_2
config_106,640,5,16,0.0536591298878192,0.8733065724372864,0.9073991775512696,0.2389845848083496,0.0057292403653264,64,51481.0,2861589101421527040,6747788288,57579520,16,0.0057292403653264,1592524800.0,6.765292234688799e+17,12171.0,1.91879154505478,1.9379396118000427,bin_1
config_106,640,5,16,0.0536591298878192,0.8733065724372864,0.9073991775512696,0.2389845848083496,0.0057292403653264,64,51481.0,2861589101421527040,6747788288,57579520,16,0.0057292403653264,3191603200.0,1.3530584469377595e+18,24342.0,1.895491816304203,1.91457894536518,bin_1
config_106,640,5,16,0.0536591298878192,0.8733065724372864,0.9073991775512696,0.2389845848083496,0.0057292403653264,64,51481.0,2861589101421527040,6747788288,57579520,16,0.0057292403653264,4784128000.0,2.0296432557507748e+18,36514.0,1.892415537173093,1.9112133301085923,bin_1
config_106,640,5,16,0.0536591298878192,0.8733065724372864,0.9073991775512696,0.2389845848083496,0.0057292403653264,64,51481.0,2861589101421527040,6747788288,57579520,16,0.0012950514066465,6383206400.0,2.7061724792196547e+18,48685.0,1.760820791602477,1.7789356956565894,bin_1
config_106,640,5,16,0.0536591298878192,0.8733065724372864,0.9073991775512696,0.2389845848083496,0.0057292403653264,64,51481.0,2861589101421527040,6747788288,57579520,16,1.4436027905804888e-05,6743654400.0,2.861589101421527e+18,51481.0,1.701676914713579,1.7191515603861098,bin_1
config_1061,1600,29,20,0.0104306330904364,0.878086507320404,0.90516996383667,0.0440634191036224,0.0029389879200607,128,149251.0,2.7542507675281e+20,39125458944,983296000,8,0.0029389879200607,3997696000.0,2.8158680653202506e+19,15259.0,1.537646353264324,1.5539503964635193,bin_2
config_1061,1600,29,20,0.0104306330904364,0.878086507320404,0.90516996383667,0.0440634191036224,0.0029389879200607,128,149251.0,2.7542507675281e+20,39125458944,983296000,8,0.0029389879200607,7995392000.0,5.631736130640501e+19,30518.0,1.470189736749305,1.485209763304132,bin_2
config_1061,1600,29,20,0.0104306330904364,0.878086507320404,0.90516996383667,0.0440634191036224,0.0029389879200607,128,149251.0,2.7542507675281e+20,39125458944,983296000,8,0.0029389879200607,12006195200.0,8.447419657782279e+19,45776.0,1.4449298961045312,1.4592524426784672,bin_2
config_1061,1600,29,20,0.0104306330904364,0.878086507320404,0.90516996383667,0.0440634191036224,0.0029389879200607,128,149251.0,2.7542507675281e+20,39125458944,983296000,8,0.0029389879200607,16003891200.0,1.126328772310253e+20,61035.0,1.4314642201193044,1.4452173851747985,bin_2
config_1061,1600,29,20,0.0104306330904364,0.878086507320404,0.90516996383667,0.0440634191036224,0.0029389879200607,128,149251.0,2.7542507675281e+20,39125458944,983296000,8,0.0029389879200607,20001587200.0,1.407915578842278e+20,76294.0,1.4214934937680357,1.435875551397683,bin_2
config_1061,1600,29,20,0.0104306330904364,0.878086507320404,0.90516996383667,0.0440634191036224,0.0029389879200607,128,149251.0,2.7542507675281e+20,39125458944,983296000,8,0.0029389879200607,23999283200.0,1.6895023853743034e+20,91553.0,1.4148264558198025,1.4292261196257638,bin_2
config_1061,1600,29,20,0.0104306330904364,0.878086507320404,0.90516996383667,0.0440634191036224,0.0029389879200607,128,149251.0,2.7542507675281e+20,39125458944,983296000,8,0.0029389879200607,27996979200.0,1.971089191906328e+20,106812.0,1.4109472220940669,1.425177771097324,bin_2
config_1061,1600,29,20,0.0104306330904364,0.878086507320404,0.90516996383667,0.0440634191036224,0.0029389879200607,128,149251.0,2.7542507675281e+20,39125458944,983296000,8,0.0029389879200607,31994675200.0,2.252657544620506e+20,122070.0,1.406838998657758,1.4209830467036513,bin_2
config_1061,1600,29,20,0.0104306330904364,0.878086507320404,0.90516996383667,0.0440634191036224,0.0029389879200607,128,149251.0,2.7542507675281e+20,39125458944,983296000,8,0.0029389879200607,36005478400.0,2.534244351152531e+20,137329.0,1.4027090024264133,1.417480065617405,bin_2
config_1061,1600,29,20,0.0104306330904364,0.878086507320404,0.90516996383667,0.0440634191036224,0.0029389879200607,128,149251.0,2.7542507675281e+20,39125458944,983296000,8,4.469263868707267e-07,39124992000.0,2.7542507675281e+20,149251.0,1.3260387438047128,1.3394845479824504,bin_2
config_1063,1472,25,32,0.0106984609737992,0.8777312636375427,0.998589038848877,0.0257540177553892,0.0009664000244811,128,62004.0,8.714945149449693e+19,16254058496,742959616,8,0.0009664000244811,3997696000.0,2.1447220830180774e+19,15259.0,1.5493195852881572,1.565696606088857,bin_2
config_1063,1472,25,32,0.0106984609737992,0.8777312636375427,0.998589038848877,0.0257540177553892,0.0009664000244811,128,62004.0,8.714945149449693e+19,16254058496,742959616,8,0.0009664000244811,7995392000.0,4.289444166036155e+19,30518.0,1.4620006620981654,1.4771030665811946,bin_2
config_1063,1472,25,32,0.0106984609737992,0.8777312636375427,0.998589038848877,0.0257540177553892,0.0009664000244811,128,62004.0,8.714945149449693e+19,16254058496,742959616,8,0.0009664000244811,12006195200.0,6.4340256944908255e+19,45776.0,1.4257252495503816,1.4401956617050484,bin_2
config_1063,1472,25,32,0.0106984609737992,0.8777312636375427,0.998589038848877,0.0257540177553892,0.0009664000244811,128,62004.0,8.714945149449693e+19,16254058496,742959616,8,0.0005776601650093,16003891200.0,8.578747777508903e+19,61035.0,1.3911151348274262,1.405188809095836,bin_2
config_1063,1472,25,32,0.0106984609737992,0.8777312636375427,0.998589038848877,0.0257540177553892,0.0009664000244811,128,62004.0,8.714945149449693e+19,16254058496,742959616,8,2.422055199200867e-06,16252928000.0,8.714945149449693e+19,62004.0,1.373703280530992,1.3874267684436234,bin_2
config_1064,1472,26,32,0.1080594435334205,0.8023157715797424,0.9486888647079468,0.2980164289474487,3.790413029491901e-05,128,86452.0,1.2597017484035123e+20,22662985728,769717632,8,3.790413029491901e-05,3997696000.0,2.223405933800166e+19,15259.0,1.6831112922410496,1.7017718365935028,bin_2
config_1064,1472,26,32,0.1080594435334205,0.8023157715797424,0.9486888647079468,0.2980164289474487,3.790413029491901e-05,128,86452.0,1.2597017484035123e+20,22662985728,769717632,8,3.790413029491901e-05,7995392000.0,4.446811867600332e+19,30518.0,1.5637921864185176,1.5812202424885795,bin_2
config_1064,1472,26,32,0.1080594435334205,0.8023157715797424,0.9486888647079468,0.2980164289474487,3.790413029491901e-05,128,86452.0,1.2597017484035123e+20,22662985728,769717632,8,3.790413029491901e-05,12006195200.0,6.670072090283531e+19,45776.0,1.5098236194985812,1.526690687859645,bin_2
config_1064,1472,26,32,0.1080594435334205,0.8023157715797424,0.9486888647079468,0.2980164289474487,3.790413029491901e-05,128,86452.0,1.2597017484035123e+20,22662985728,769717632,8,3.737155401923354e-05,16003891200.0,8.893478024083695e+19,61035.0,1.4763673616041904,1.4925430580338497,bin_2
config_1064,1472,26,32,0.1080594435334205,0.8023157715797424,0.9486888647079468,0.2980164289474487,3.790413029491901e-05,128,86452.0,1.2597017484035123e+20,22662985728,769717632,8,1.4935675002096642e-05,20001587200.0,1.111688395788386e+20,76294.0,1.4332309026503172,1.4483223225054194,bin_2
config_1064,1472,26,32,0.1080594435334205,0.8023157715797424,0.9486888647079468,0.2980164289474487,3.790413029491901e-05,128,86452.0,1.2597017484035123e+20,22662985728,769717632,8,2.942410362906931e-09,22662348800.0,1.2597017484035124e+20,86452.0,1.4154275885957186,1.430227319520028,bin_2
config_1065,1600,25,40,0.0326768420636653,0.9135241508483888,0.972268044948578,0.2636273205280304,0.0018303747056052,64,53151.0,4.274189434435338e+19,6966735872,858764800,8,0.0018303747056052,3997696000.0,2.454134694739472e+19,30518.0,3.1557554690955114,3.1891358369686564,bin_2
config_1065,1600,25,40,0.0326768420636653,0.9135241508483888,0.972268044948578,0.2636273205280304,0.0018303747056052,64,53151.0,4.274189434435338e+19,6966735872,858764800,8,1.3062908261530538e-07,6966476800.0,4.274189434435338e+19,53151.0,2.781940689321424,2.81251820454832,bin_2
config_1066,1600,25,32,0.0019196326611563,0.9709811806678772,0.9875470995903016,0.0150917181745171,0.0002231904800282,128,126157.0,2.0289840231451853e+20,33071523840,858764800,8,0.0002231904800282,3997696000.0,2.454106170024048e+19,15259.0,1.549780547003277,1.565730373878948,bin_2
config_1066,1600,25,32,0.0019196326611563,0.9709811806678772,0.9875470995903016,0.0150917181745171,0.0002231904800282,128,126157.0,2.0289840231451853e+20,33071523840,858764800,8,0.0002231904800282,7995392000.0,4.9082123400480965e+19,30518.0,1.4558222069896636,1.4710359678893792,bin_2
config_1066,1600,25,32,0.0019196326611563,0.9709811806678772,0.9875470995903016,0.0150917181745171,0.0002231904800282,128,126157.0,2.0289840231451853e+20,33071523840,858764800,8,0.0002231904800282,12006195200.0,7.3621576799935005e+19,45776.0,1.4142319060642212,1.429190102004614,bin_2
config_1066,1600,25,32,0.0019196326611563,0.9709811806678772,0.9875470995903016,0.0150917181745171,0.0002231904800282,128,126157.0,2.0289840231451853e+20,33071523840,858764800,8,0.0002231904800282,16003891200.0,9.816263850017548e+19,61035.0,1.3904931051320717,1.4050935725501326,bin_2
config_1066,1600,25,32,0.0019196326611563,0.9709811806678772,0.9875470995903016,0.0150917181745171,0.0002231904800282,128,126157.0,2.0289840231451853e+20,33071523840,858764800,8,0.0002231904800282,20001587200.0,1.2270370020041595e+20,76294.0,1.3725724254963827,1.3868061990132097,bin_2
config_1066,1600,25,32,0.0019196326611563,0.9709811806678772,0.9875470995903016,0.0150917181745171,0.0002231904800282,128,126157.0,2.0289840231451853e+20,33071523840,858764800,8,0.0002231904800282,23999283200.0,1.4724476190065644e+20,91553.0,1.3594013870544122,1.373256534015546,bin_2
config_1066,1600,25,32,0.0019196326611563,0.9709811806678772,0.9875470995903016,0.0150917181745171,0.0002231904800282,128,126157.0,2.0289840231451853e+20,33071523840,858764800,8,0.0002231904800282,27996979200.0,1.717858236008969e+20,106812.0,1.3490278543409755,1.362696288228035,bin_2
config_1066,1600,25,32,0.0019196326611563,0.9709811806678772,0.9875470995903016,0.0150917181745171,0.0002231904800282,128,126157.0,2.0289840231451853e+20,33071523840,858764800,8,0.0002231904800282,31994675200.0,1.9632527700035096e+20,122070.0,1.3403195575710205,1.3541454627279377,bin_2
config_1066,1600,25,32,0.0019196326611563,0.9709811806678772,0.9875470995903016,0.0150917181745171,0.0002231904800282,128,126157.0,2.0289840231451853e+20,33071523840,858764800,8,8.209844246967707e-07,33069465600.0,2.0289840231451853e+20,126157.0,1.3203128466547511,1.333618507267999,bin_2
config_1067,1408,28,22,0.177440196275711,0.9806585311889648,0.9808151125907898,0.091559961438179,0.0002516417298465,128,103138.0,1.4737529184980828e+20,27037235200,747070720,8,0.0002516417298465,3997696000.0,2.180379276635405e+19,15259.0,1.5510711632204837,1.5670947541956042,bin_2
config_1067,1408,28,22,0.177440196275711,0.9806585311889648,0.9808151125907898,0.091559961438179,0.0002516417298465,128,103138.0,1.4737529184980828e+20,27037235200,747070720,8,0.0002516417298465,7995392000.0,4.360758553270811e+19,30518.0,1.4807405171042582,1.4960329267822328,bin_2
config_1067,1408,28,22,0.177440196275711,0.9806585311889648,0.9808151125907898,0.091559961438179,0.0002516417298465,128,103138.0,1.4737529184980828e+20,27037235200,747070720,8,0.0002516417298465,12006195200.0,6.540994938545273e+19,45776.0,1.4527544035090776,1.467852641793548,bin_2
config_1067,1408,28,22,0.177440196275711,0.9806585311889648,0.9808151125907898,0.091559961438179,0.0002516417298465,128,103138.0,1.4737529184980828e+20,27037235200,747070720,8,0.0002516417298465,16003891200.0,8.72137421518068e+19,61035.0,1.436989393996411,1.4520241435433998,bin_2
config_1067,1408,28,22,0.177440196275711,0.9806585311889648,0.9808151125907898,0.091559961438179,0.0002516417298465,128,103138.0,1.4737529184980828e+20,27037235200,747070720,8,0.0002516417298465,20001587200.0,1.0901753491816084e+20,76294.0,1.4270366292898773,1.4410104011316769,bin_2
config_1067,1408,28,22,0.177440196275711,0.9806585311889648,0.9808151125907898,0.091559961438179,0.0002516417298465,128,103138.0,1.4737529184980828e+20,27037235200,747070720,8,0.0002516417298465,23999283200.0,1.308213276845149e+20,91553.0,1.4191673542046157,1.4332340556187708,bin_2
config_1067,1408,28,22,0.177440196275711,0.9806585311889648,0.9808151125907898,0.091559961438179,0.0002516417298465,128,103138.0,1.4737529184980828e+20,27037235200,747070720,8,1.0126427760426206e-06,27027046400.0,1.4737529184980828e+20,103138.0,1.3366239335595584,1.3496579196120873,bin_2
config_1068,1536,29,24,0.0043087773956358,0.8994571566581726,0.9326446056365968,0.0621217526495456,0.0010792425600811,128,148852.0,2.530220573551881e+20,39020863488,898351104,8,0.0010792425600811,3997696000.0,2.5937599583363445e+19,15259.0,1.5468205316731187,1.5620511035254745,bin_2
config_1068,1536,29,24,0.0043087773956358,0.8994571566581726,0.9326446056365968,0.0621217526495456,0.0010792425600811,128,148852.0,2.530220573551881e+20,39020863488,898351104,8,0.0010792425600811,7995392000.0,5.187519916672689e+19,30518.0,1.4568135434779963,1.4718207797163825,bin_2
config_1068,1536,29,24,0.0043087773956358,0.8994571566581726,0.9326446056365968,0.0621217526495456,0.0010792425600811,128,148852.0,2.530220573551881e+20,39020863488,898351104,8,0.0010792425600811,12006195200.0,7.78110989270624e+19,45776.0,1.42297430739051,1.4375717718483971,bin_2
config_1068,1536,29,24,0.0043087773956358,0.8994571566581726,0.9326446056365968,0.0621217526495456,0.0010792425600811,128,148852.0,2.530220573551881e+20,39020863488,898351104,8,0.0010792425600811,16003891200.0,1.0374869851042583e+20,61035.0,1.403020548068109,1.4172917674408585,bin_2
config_1068,1536,29,24,0.0043087773956358,0.8994571566581726,0.9326446056365968,0.0621217526495456,0.0010792425600811,128,148852.0,2.530220573551881e+20,39020863488,898351104,8,0.0010792425600811,20001587200.0,1.2968629809378928e+20,76294.0,1.3875518368990696,1.4016276610483889,bin_2
config_1068,1536,29,24,0.0043087773956358,0.8994571566581726,0.9326446056365968,0.0621217526495456,0.0010792425600811,128,148852.0,2.530220573551881e+20,39020863488,898351104,8,0.0010792425600811,23999283200.0,1.556238976771527e+20,91553.0,1.3770450851174652,1.3905957646154967,bin_2
config_1068,1536,29,24,0.0043087773956358,0.8994571566581726,0.9326446056365968,0.0621217526495456,0.0010792425600811,128,148852.0,2.530220573551881e+20,39020863488,898351104,8,0.0010792425600811,27996979200.0,1.815614972605161e+20,106812.0,1.3690071055928217,1.3825331357072612,bin_2
config_1068,1536,29,24,0.0043087773956358,0.8994571566581726,0.9326446056365968,0.0621217526495456,0.0010792425600811,128,148852.0,2.530220573551881e+20,39020863488,898351104,8,0.0010792425600811,31994675200.0,2.0749739702085167e+20,122070.0,1.3630714779994526,1.376054137251416,bin_2
config_1068,1536,29,24,0.0043087773956358,0.8994571566581726,0.9326446056365968,0.0621217526495456,0.0010792425600811,128,148852.0,2.530220573551881e+20,39020863488,898351104,8,0.0010792425600811,36005478400.0,2.334349966042151e+20,137329.0,1.3566827421012473,1.3710770226404314,bin_2
config_1068,1536,29,24,0.0043087773956358,0.8994571566581726,0.9326446056365968,0.0621217526495456,0.0010792425600811,128,148852.0,2.530220573551881e+20,39020863488,898351104,8,2.3345069437188774e-07,39020134400.0,2.530220573551881e+20,148852.0,1.310864752658078,1.3239506737814577,bin_2
config_107,832,13,16,0.0902814045548439,0.8629905581474304,0.9867217540740968,0.2638017833232879,0.008754183538258,64,8077.0,1250759751808819200,1058770880,152608768,8,0.008754183538258,530841600.0,6.253024486571762e+17,4038.0,3.78672948507788,3.824311209367264,bin_1
config_107,832,13,16,0.0902814045548439,0.8629905581474304,0.9867217540740968,0.2638017833232879,0.008754183538258,64,8077.0,1250759751808819200,1058770880,152608768,8,0.0001109685237243,1055129600.0,1.2507597518088192e+18,8077.0,3.486915605641975,3.5227669512043365,bin_1
config_1070,1344,30,32,0.0082349348813295,0.8132417798042297,0.9878344535827636,0.0733523964881897,0.003996015060693,128,97554.0,1.3548786663306166e+20,25573283840,717935232,8,0.003996015060693,3997696000.0,2.1192461169750987e+19,15259.0,3.192545141939257,3.22755649851971,bin_2
config_1070,1344,30,32,0.0082349348813295,0.8132417798042297,0.9878344535827636,0.0733523964881897,0.003996015060693,128,97554.0,1.3548786663306166e+20,25573283840,717935232,8,0.003996015060693,7995392000.0,4.238492233950197e+19,30518.0,3.1452867430937093,3.178370418353159,bin_2
config_1070,1344,30,32,0.0082349348813295,0.8132417798042297,0.9878344535827636,0.0733523964881897,0.003996015060693,128,97554.0,1.3548786663306166e+20,25573283840,717935232,8,0.003996015060693,12006195200.0,6.35759946593172e+19,45776.0,3.44633642911911,3.47727911429327,bin_2
config_1070,1344,30,32,0.0082349348813295,0.8132417798042297,0.9878344535827636,0.0733523964881897,0.003996015060693,128,97554.0,1.3548786663306166e+20,25573283840,717935232,8,0.003996015060693,16003891200.0,8.47684558290682e+19,61035.0,3.1623978956019294,3.1967228788626,bin_2
config_1070,1344,30,32,0.0082349348813295,0.8132417798042297,0.9878344535827636,0.0733523964881897,0.003996015060693,128,97554.0,1.3548786663306166e+20,25573283840,717935232,8,0.003996015060693,20001587200.0,1.0596091699881918e+20,76294.0,2.9994966107118324,3.0308962447135177,bin_2
config_1070,1344,30,32,0.0082349348813295,0.8132417798042297,0.9878344535827636,0.0733523964881897,0.003996015060693,128,97554.0,1.3548786663306166e+20,25573283840,717935232,8,0.0033531899964222,23999283200.0,1.2715337816857017e+20,91553.0,3.054830292091995,3.086392125301674,bin_2
config_1070,1344,30,32,0.0082349348813295,0.8132417798042297,0.9878344535827636,0.0733523964881897,0.003996015060693,128,97554.0,1.3548786663306166e+20,25573283840,717935232,8,2.233970683825776e-06,25572147200.0,1.3548786663306166e+20,97554.0,2.9023242563106977,2.9328174482798968,bin_2
config_1071,1344,26,32,0.1886301934719085,0.8552852869033813,0.9347716569900512,0.1615609228610992,0.000166012046975,128,97888.0,1.1921239203280611e+20,25660921856,631220352,16,0.000166012046975,3997696000.0,1.8583093842233864e+19,15259.0,1.5918264829135331,1.6077849367016652,bin_2
config_1071,1344,26,32,0.1886301934719085,0.8552852869033813,0.9347716569900512,0.1615609228610992,0.000166012046975,128,97888.0,1.1921239203280611e+20,25660921856,631220352,16,0.000166012046975,7995392000.0,3.716618768446773e+19,30518.0,1.5133904525100208,1.5282400588520235,bin_2
config_1071,1344,26,32,0.1886301934719085,0.8552852869033813,0.9347716569900512,0.1615609228610992,0.000166012046975,128,97888.0,1.1921239203280611e+20,25660921856,631220352,16,0.000166012046975,12006195200.0,5.574806368189904e+19,45776.0,1.482032916506783,1.4954739982182863,bin_2
config_1071,1344,26,32,0.1886301934719085,0.8552852869033813,0.9347716569900512,0.1615609228610992,0.000166012046975,128,97888.0,1.1921239203280611e+20,25660921856,631220352,16,0.000166012046975,16003891200.0,7.433115752413289e+19,61035.0,1.4642016974433525,1.4776688917347642,bin_2
config_1071,1344,26,32,0.1886301934719085,0.8552852869033813,0.9347716569900512,0.1615609228610992,0.000166012046975,128,97888.0,1.1921239203280611e+20,25660921856,631220352,16,0.000166012046975,20001587200.0,9.291425136636676e+19,76294.0,1.4518913318290083,1.466180516266432,bin_2
config_1071,1344,26,32,0.1886301934719085,0.8552852869033813,0.9347716569900512,0.1615609228610992,0.000166012046975,128,97888.0,1.1921239203280611e+20,25660921856,631220352,16,6.653499138283041e-05,23999283200.0,1.1149734520860064e+20,91553.0,1.3931251332798942,1.406838087410223,bin_2
config_1071,1344,26,32,0.1886301934719085,0.8552852869033813,0.9347716569900512,0.1615609228610992,0.000166012046975,128,97888.0,1.1921239203280611e+20,25660921856,631220352,16,3.989160101842135e-07,25650790400.0,1.1921239203280613e+20,97888.0,1.3605609517019304,1.3737961791773312,bin_2
config_1072,1472,29,32,0.0063548679463565,0.8350516557693481,0.974306583404541,0.2578908205032348,0.0001147735165432,128,120631.0,1.9443433738992353e+20,31622901760,849991680,8,0.0001147735165432,3997696000.0,2.459461957732957e+19,15259.0,1.6014966883815702,1.61873649698789,bin_2
config_1072,1472,29,32,0.0063548679463565,0.8350516557693481,0.974306583404541,0.2578908205032348,0.0001147735165432,128,120631.0,1.9443433738992353e+20,31622901760,849991680,8,0.0001147735165432,7995392000.0,4.918923915465914e+19,30518.0,1.4951230077079083,1.5112545676700404,bin_2
config_1072,1472,29,32,0.0063548679463565,0.8350516557693481,0.974306583404541,0.2578908205032348,0.0001147735165432,128,120631.0,1.9443433738992353e+20,31622901760,849991680,8,0.0001147735165432,12006195200.0,7.378224692128176e+19,45776.0,1.4478167291938282,1.4629628071237784,bin_2
config_1072,1472,29,32,0.0063548679463565,0.8350516557693481,0.974306583404541,0.2578908205032348,0.0001147735165432,128,120631.0,1.9443433738992353e+20,31622901760,849991680,8,0.0001147735165432,16003891200.0,9.837686649861131e+19,61035.0,1.419971724455474,1.43529984067698,bin_2
config_1072,1472,29,32,0.0063548679463565,0.8350516557693481,0.974306583404541,0.2578908205032348,0.0001147735165432,128,120631.0,1.9443433738992353e+20,31622901760,849991680,8,0.0001147735165432,20001587200.0,1.229714860759409e+20,76294.0,1.4005086711000223,1.414690544292575,bin_2
config_1072,1472,29,32,0.0063548679463565,0.8350516557693481,0.974306583404541,0.2578908205032348,0.0001147735165432,128,120631.0,1.9443433738992353e+20,31622901760,849991680,8,0.0001072914151722,23999283200.0,1.4756610565327046e+20,91553.0,1.3846988348784994,1.398564696517147,bin_2
config_1072,1472,29,32,0.0063548679463565,0.8350516557693481,0.974306583404541,0.2578908205032348,0.0001147735165432,128,120631.0,1.9443433738992353e+20,31622901760,849991680,8,5.102807892600634e-05,27996979200.0,1.7216072523060003e+20,106812.0,1.3543732384091518,1.3685974473542857,bin_2
config_1072,1472,29,32,0.0063548679463565,0.8350516557693481,0.974306583404541,0.2578908205032348,0.0001147735165432,128,120631.0,1.9443433738992353e+20,31622901760,849991680,8,1.1437137204152329e-07,31614566400.0,1.9443433738992357e+20,120631.0,1.333981854446599,1.347326794237387,bin_2
config_1074,1472,26,32,0.0454337820410728,0.9201201796531676,0.9745413661003112,0.2176016569137573,0.0042489944025874,64,51318.0,3.738800896803806e+19,6726385152,769717632,8,0.0042489944025874,3997696000.0,2.2234055452016554e+19,30518.0,3.5879271261027603,3.621539814511284,bin_2
config_1074,1472,26,32,0.0454337820410728,0.9201201796531676,0.9745413661003112,0.2176016569137573,0.0042489944025874,64,51318.0,3.738800896803806e+19,6726385152,769717632,8,6.849534233080261e-06,6723993600.0,3.738800896803806e+19,51318.0,3.523689633822832,3.5607449378732774,bin_2
config_1075,1536,29,32,0.0016825866186991,0.933115780353546,0.9461429119110109,0.138043001294136,0.0046666050329804,128,147849.0,2.5131640013773288e+20,38757818368,898351104,8,0.0046666050329804,3997696000.0,2.59375237553292e+19,15259.0,2.906570217355353,2.9380076955185563,bin_2
config_1075,1536,29,32,0.0016825866186991,0.933115780353546,0.9461429119110109,0.138043001294136,0.0046666050329804,128,147849.0,2.5131640013773288e+20,38757818368,898351104,8,0.0046666050329804,7995392000.0,5.187504751065839e+19,30518.0,2.683687512796433,2.713463328939969,bin_2
config_1075,1536,29,32,0.0016825866186991,0.933115780353546,0.9461429119110109,0.138043001294136,0.0046666050329804,128,147849.0,2.5131640013773288e+20,38757818368,898351104,8,0.0046666050329804,12006195200.0,7.781087144792904e+19,45776.0,2.687273654468724,2.6981379104051437,bin_2
config_1075,1536,29,32,0.0016825866186991,0.933115780353546,0.9461429119110109,0.138043001294136,0.0046666050329804,128,147849.0,2.5131640013773288e+20,38757818368,898351104,8,0.0046666050329804,16003891200.0,1.0374839520325824e+20,61035.0,2.627654857830923,2.6529625853945,bin_2
config_1075,1536,29,32,0.0016825866186991,0.933115780353546,0.9461429119110109,0.138043001294136,0.0046666050329804,128,147849.0,2.5131640013773288e+20,38757818368,898351104,8,0.0046666050329804,20001587200.0,1.2968591895858745e+20,76294.0,2.5881347798519445,2.610874941798507,bin_2
config_1075,1536,29,32,0.0016825866186991,0.933115780353546,0.9461429119110109,0.138043001294136,0.0046666050329804,128,147849.0,2.5131640013773288e+20,38757818368,898351104,8,0.0046666050329804,23999283200.0,1.556234427139166e+20,91553.0,6.9916132522020185,7.073412705171304,bin_2
config_1075,1536,29,32,0.0016825866186991,0.933115780353546,0.9461429119110109,0.138043001294136,0.0046666050329804,128,147849.0,2.5131640013773288e+20,38757818368,898351104,8,0.0046666050329804,27996979200.0,1.815609664692458e+20,106812.0,6.234688457973668,6.307066764206183,bin_2
config_1075,1536,29,32,0.0016825866186991,0.933115780353546,0.9461429119110109,0.138043001294136,0.0046666050329804,128,147849.0,2.5131640013773288e+20,38757818368,898351104,8,0.0046666050329804,31994675200.0,2.0749679040651647e+20,122070.0,6.374666649865323,6.449059546501911,bin_2
config_1075,1536,29,32,0.0016825866186991,0.933115780353546,0.9461429119110109,0.138043001294136,0.0046666050329804,128,147849.0,2.5131640013773288e+20,38757818368,898351104,8,0.0024006411995326,36005478400.0,2.3343431416184567e+20,137329.0,5.1145001193343615,5.149853551583212,bin_2
config_1075,1536,29,32,0.0016825866186991,0.933115780353546,0.9461429119110109,0.138043001294136,0.0046666050329804,128,147849.0,2.5131640013773288e+20,38757818368,898351104,8,1.1204059317753735e-05,38744883200.0,2.5131640013773288e+20,147849.0,5.096716526688122,5.130240169978532,bin_2
config_1077,1472,25,32,0.0347869358956813,0.8364090919494629,0.9365447163581848,0.1892944276332855,0.0005163338501006,128,80220.0,1.1275288447409691e+20,21029300224,742959616,8,0.0005163338501006,3997696000.0,2.144722343792377e+19,15259.0,1.5523554989744406,1.5692006889913903,bin_2
config_1077,1472,25,32,0.0347869358956813,0.8364090919494629,0.9365447163581848,0.1892944276332855,0.0005163338501006,128,80220.0,1.1275288447409691e+20,21029300224,742959616,8,0.0005163338501006,7995392000.0,4.289444687584754e+19,30518.0,1.4830176616008164,1.4983415760368597,bin_2
config_1077,1472,25,32,0.0347869358956813,0.8364090919494629,0.9365447163581848,0.1892944276332855,0.0005163338501006,128,80220.0,1.1275288447409691e+20,21029300224,742959616,8,0.0005163338501006,12006195200.0,6.434026476796635e+19,45776.0,1.4525629339159511,1.4674936749407503,bin_2
config_1077,1472,25,32,0.0347869358956813,0.8364090919494629,0.9365447163581848,0.1892944276332855,0.0005163338501006,128,80220.0,1.1275288447409691e+20,21029300224,742959616,8,0.0005163338501006,16003891200.0,8.578748820589013e+19,61035.0,1.4340915705923174,1.4487126116674454,bin_2
config_1077,1472,25,32,0.0347869358956813,0.8364090919494629,0.9365447163581848,0.1892944276332855,0.0005163338501006,128,80220.0,1.1275288447409691e+20,21029300224,742959616,8,0.000133291319881,20001587200.0,1.0723471164381389e+20,76294.0,1.370453940747214,1.3841123959764106,bin_2
config_1077,1472,25,32,0.0347869358956813,0.8364090919494629,0.9365447163581848,0.1892944276332855,0.0005163338501006,128,80220.0,1.1275288447409691e+20,21029300224,742959616,8,6.800577544953867e-07,21023948800.0,1.1275288447409693e+20,80220.0,1.35373732578559,1.3672746221257035,bin_2
config_1078,1280,28,32,0.0022719446569681,0.9318556785583496,0.939448058605194,0.0886846482753753,0.0090895257890224,128,45776.0,1.1879000608803914e+20,25382230016,633280000,8,0.0090895257890224,8460928167.907724,1.1879000608803914e+20,15259.0,3.428006550523101,3.45389958803771,bin_2
config_1078,1280,28,32,0.0022719446569681,0.9318556785583496,0.939448058605194,0.0886846482753753,0.0090895257890224,128,45776.0,1.1879000608803914e+20,25382230016,633280000,8,0.0090895257890224,16921856335.815449,1.1879000608803914e+20,30518.0,3.269113248215347,3.301657160188331,bin_2
config_1078,1280,28,32,0.0022719446569681,0.9318556785583496,0.939448058605194,0.0886846482753753,0.0090895257890224,128,45776.0,1.1879000608803914e+20,25382230016,633280000,8,0.0,25382230016.0,1.1879000608803914e+20,45776.0,3.541592442676669,3.5513828812270867,bin_2
config_1079,1408,24,32,0.056645318865776,0.9673790335655212,0.9465773105621338,0.1147084310650825,0.0001729948708089,128,90961.0,1.1285400847255968e+20,23845009408,650459392,16,0.0001729948708089,3997696000.0,1.8931622511656518e+19,15259.0,1.574394959660827,1.5899285977785704,bin_2
config_1079,1408,24,32,0.056645318865776,0.9673790335655212,0.9465773105621338,0.1147084310650825,0.0001729948708089,128,90961.0,1.1285400847255968e+20,23845009408,650459392,16,0.0001729948708089,7995392000.0,3.786324502331303e+19,30518.0,1.4867617174054757,1.5024624077218478,bin_2
config_1079,1408,24,32,0.056645318865776,0.9673790335655212,0.9465773105621338,0.1147084310650825,0.0001729948708089,128,90961.0,1.1285400847255968e+20,23845009408,650459392,16,0.0001729948708089,12006195200.0,5.679362684930786e+19,45776.0,1.4523056737712172,1.4647744210430833,bin_2
config_1079,1408,24,32,0.056645318865776,0.9673790335655212,0.9465773105621338,0.1147084310650825,0.0001729948708089,128,90961.0,1.1285400847255968e+20,23845009408,650459392,16,0.0001729948708089,16003891200.0,7.572524936096437e+19,61035.0,1.4304470771257995,1.4431284855623714,bin_2
config_1079,1408,24,32,0.056645318865776,0.9673790335655212,0.9465773105621338,0.1147084310650825,0.0001729948708089,128,90961.0,1.1285400847255968e+20,23845009408,650459392,16,0.0001729948708089,20001587200.0,9.465687187262089e+19,76294.0,1.4134304739021863,1.427742651056071,bin_2
config_1079,1408,24,32,0.056645318865776,0.9673790335655212,0.9465773105621338,0.1147084310650825,0.0001729948708089,128,90961.0,1.1285400847255968e+20,23845009408,650459392,16,1.8239658572776474e-07,23841996800.0,1.1285400847255968e+20,90961.0,1.355836131631351,1.3694562400364485,bin_2
config_108,1024,19,16,0.1038149520754814,0.8585208654403687,0.9441851377487184,0.2702661752700805,9.519714512862264e-05,64,18832.0,5557502201078218752,2468477184,295579648,8,9.519714512862264e-05,1592524800.0,3.591777787241025e+18,12171.0,1.7567917994189446,1.775867874136681,bin_1
config_108,1024,19,16,0.1038149520754814,0.8585208654403687,0.9441851377487184,0.2702661752700805,9.519714512862264e-05,64,18832.0,5557502201078218752,2468477184,295579648,8,5.986065325438994e-07,2464153600.0,5.557502201078219e+18,18832.0,1.6595864712826718,1.677484738753997,bin_1
config_1080,1280,29,32,0.0057828109711408,0.8804432153701782,0.9966502785682678,0.2064402103424072,6.78171927575022e-05,128,93874.0,1.1894315603126649e+20,24608587776,653598720,8,6.78171927575022e-05,3997696000.0,1.9333932908804305e+19,15259.0,1.6318355982811723,1.649321150662469,bin_2
config_1080,1280,29,32,0.0057828109711408,0.8804432153701782,0.9966502785682678,0.2064402103424072,6.78171927575022e-05,128,93874.0,1.1894315603126649e+20,24608587776,653598720,8,6.78171927575022e-05,7995392000.0,3.866786581760861e+19,30518.0,1.525223977595079,1.541190749426357,bin_2
config_1080,1280,29,32,0.0057828109711408,0.8804432153701782,0.9966502785682678,0.2064402103424072,6.78171927575022e-05,128,93874.0,1.1894315603126649e+20,24608587776,653598720,8,6.78171927575022e-05,12006195200.0,5.800053167530152e+19,45776.0,1.4757209918928929,1.4908332116877447,bin_2
config_1080,1280,29,32,0.0057828109711408,0.8804432153701782,0.9966502785682678,0.2064402103424072,6.78171927575022e-05,128,93874.0,1.1894315603126649e+20,24608587776,653598720,8,6.78171927575022e-05,16003891200.0,7.733446458410582e+19,61035.0,1.4448683897589074,1.459631202924447,bin_2
config_1080,1280,29,32,0.0057828109711408,0.8804432153701782,0.9966502785682678,0.2064402103424072,6.78171927575022e-05,128,93874.0,1.1894315603126649e+20,24608587776,653598720,8,6.150055965325061e-05,20001587200.0,9.666839749291011e+19,76294.0,1.4197711725801718,1.434690569756461,bin_2
config_1080,1280,29,32,0.0057828109711408,0.8804432153701782,0.9966502785682678,0.2064402103424072,6.78171927575022e-05,128,93874.0,1.1894315603126649e+20,24608587776,653598720,8,8.132883841706748e-06,23999283200.0,1.1600233040171444e+20,91553.0,1.3814597792508172,1.3958615475795308,bin_2
config_1080,1280,29,32,0.0057828109711408,0.8804432153701782,0.9966502785682678,0.2064402103424072,6.78171927575022e-05,128,93874.0,1.1894315603126649e+20,24608587776,653598720,8,8.398847340832873e-08,24602214400.0,1.1894315603126647e+20,93874.0,1.378917077740685,1.393292248073171,bin_2
config_1082,1600,28,32,0.0783487632870674,0.8888346552848816,0.9031057357788086,0.0401972495019435,0.0006092509720474,64,60187.0,5.375018733156434e+19,7888850944,952163200,8,0.0006092509720474,3997696000.0,2.7254194709566525e+19,30518.0,1.5852232110304911,1.6008704466897934,bin_2
config_1082,1600,28,32,0.0783487632870674,0.8888346552848816,0.9031057357788086,0.0401972495019435,0.0006092509720474,64,60187.0,5.375018733156434e+19,7888850944,952163200,8,9.318844963106885e-06,7883980800.0,5.375018733156434e+19,60187.0,1.4558798464888432,1.4706777521625891,bin_2
config_1084,1408,29,32,0.1457967311143875,0.9526291489601136,0.951155960559845,0.2804585695266723,1.200924270960968e-05,64,67342.0,4.969752757675622e+19,8826752000,771223552,8,1.200924270960968e-05,3997696000.0,2.2521890448567706e+19,30518.0,1.775536066899534,1.7938047935728167,bin_2
config_1084,1408,29,32,0.1457967311143875,0.9526291489601136,0.951155960559845,0.2804585695266723,1.200924270960968e-05,64,67342.0,4.969752757675622e+19,8826752000,771223552,8,4.000961300903533e-06,8001945600.0,4.504304291003113e+19,61035.0,1.6328236481791636,1.6496879104121789,bin_2
config_1084,1408,29,32,0.1457967311143875,0.9526291489601136,0.951155960559845,0.2804585695266723,1.200924270960968e-05,64,67342.0,4.969752757675622e+19,8826752000,771223552,8,2.6706988976152574e-08,8821145600.0,4.969752757675622e+19,67342.0,1.6162831014883323,1.6349843839152916,bin_2
config_1085,1408,29,22,0.0030083456076681,0.9723694324493408,0.9551807641983032,0.0522411540150642,4.0849048673408106e-05,128,105847.0,1.5622605135105334e+20,27747227648,771223552,8,4.0849048673408106e-05,3997696000.0,2.252168996349186e+19,15259.0,1.6614690701101646,1.6797592729427775,bin_2
config_1085,1408,29,22,0.0030083456076681,0.9723694324493408,0.9551807641983032,0.0522411540150642,4.0849048673408106e-05,128,105847.0,1.5622605135105334e+20,27747227648,771223552,8,4.0849048673408106e-05,7995392000.0,4.504337992698372e+19,30518.0,1.5465271676563823,1.5630902491241203,bin_2
config_1085,1408,29,22,0.0030083456076681,0.9723694324493408,0.9551807641983032,0.0522411540150642,4.0849048673408106e-05,128,105847.0,1.5622605135105334e+20,27747227648,771223552,8,4.0849048673408106e-05,12006195200.0,6.756359392940582e+19,45776.0,1.4947268775154332,1.5105819688859534,bin_2
config_1085,1408,29,22,0.0030083456076681,0.9723694324493408,0.9551807641983032,0.0522411540150642,4.0849048673408106e-05,128,105847.0,1.5622605135105334e+20,27747227648,771223552,8,4.0849048673408106e-05,16003891200.0,9.008528389289768e+19,61035.0,1.4620720368330595,1.477711243717397,bin_2
config_1085,1408,29,22,0.0030083456076681,0.9723694324493408,0.9551807641983032,0.0522411540150642,4.0849048673408106e-05,128,105847.0,1.5622605135105334e+20,27747227648,771223552,8,4.0849048673408106e-05,20001587200.0,1.1260697385638956e+20,76294.0,1.439428043463191,1.4542448688628244,bin_2
config_1085,1408,29,22,0.0030083456076681,0.9723694324493408,0.9551807641983032,0.0522411540150642,4.0849048673408106e-05,128,105847.0,1.5622605135105334e+20,27747227648,771223552,8,4.0849048673408106e-05,23999283200.0,1.351286638198814e+20,91553.0,1.4217467691663837,1.4363864665344113,bin_2
config_1085,1408,29,22,0.0030083456076681,0.9723694324493408,0.9551807641983032,0.0522411540150642,4.0849048673408106e-05,128,105847.0,1.5622605135105334e+20,27747227648,771223552,8,3.472427722282868e-07,27734835200.0,1.5622605135105334e+20,105847.0,1.387452245618476,1.4015954430376898,bin_2
config_1087,1344,24,32,0.0712777227163314,0.8663883209228516,0.946718454360962,0.2301987707614898,1.8018812625086863e-05,128,38486.0,4.357901153308115e+19,10088888320,587862912,16,1.8018812625086863e-05,3997696000.0,1.7278286571306068e+19,15259.0,1.8103279000813843,1.830207016038113,bin_2
config_1087,1344,24,32,0.0712777227163314,0.8663883209228516,0.946718454360962,0.2301987707614898,1.8018812625086863e-05,128,38486.0,4.357901153308115e+19,10088888320,587862912,16,1.624316938976676e-05,7995392000.0,3.4556573142612136e+19,30518.0,1.667215648830914,1.68590133049449,bin_2
config_1087,1344,24,32,0.0712777227163314,0.8663883209228516,0.946718454360962,0.2301987707614898,1.8018812625086863e-05,128,38486.0,4.357901153308115e+19,10088888320,587862912,16,7.322240145649807e-08,10079436800.0,4.357901153308115e+19,38486.0,1.6202216329730923,1.638011513694388,bin_2
config_1090,1280,24,40,0.1085887774825096,0.9114258289337158,0.9382380247116088,0.1576690524816513,0.0007247433532029,128,118151.0,1.2595501949901079e+20,30972831744,552005120,16,0.0007247433532029,3997696000.0,1.626687579906565e+19,15259.0,1.59422934496989,1.6103617551678515,bin_2
config_1090,1280,24,40,0.1085887774825096,0.9114258289337158,0.9382380247116088,0.1576690524816513,0.0007247433532029,128,118151.0,1.2595501949901079e+20,30972831744,552005120,16,0.0007247433532029,7995392000.0,3.25337515981313e+19,30518.0,1.538646312580734,1.5540018413887648,bin_2
config_1090,1280,24,40,0.1085887774825096,0.9114258289337158,0.9382380247116088,0.1576690524816513,0.0007247433532029,128,118151.0,1.2595501949901079e+20,30972831744,552005120,16,0.0007247433532029,12006195200.0,4.879956134596167e+19,45776.0,1.5157423577543163,1.5288679750630112,bin_2
config_1090,1280,24,40,0.1085887774825096,0.9114258289337158,0.9382380247116088,0.1576690524816513,0.0007247433532029,128,118151.0,1.2595501949901079e+20,30972831744,552005120,16,0.0007247433532029,16003891200.0,6.506643714502733e+19,61035.0,1.501486430598087,1.5146544915730835,bin_2
config_1090,1280,24,40,0.1085887774825096,0.9114258289337158,0.9382380247116088,0.1576690524816513,0.0007247433532029,128,118151.0,1.2595501949901079e+20,30972831744,552005120,16,0.0007247433532029,20001587200.0,8.133331294409297e+19,76294.0,1.4920819698005423,1.505960096531227,bin_2
config_1090,1280,24,40,0.1085887774825096,0.9114258289337158,0.9382380247116088,0.1576690524816513,0.0007247433532029,128,118151.0,1.2595501949901079e+20,30972831744,552005120,16,0.0007247433532029,23999283200.0,9.760018874315864e+19,91553.0,1.485460496886832,1.4998303398929658,bin_2
config_1090,1280,24,40,0.1085887774825096,0.9114258289337158,0.9382380247116088,0.1576690524816513,0.0007247433532029,128,118151.0,1.2595501949901079e+20,30972831744,552005120,16,0.000441623459427,27996979200.0,1.1386706454222429e+20,106812.0,1.440483065609072,1.4544286438676175,bin_2
config_1090,1280,24,40,0.1085887774825096,0.9114258289337158,0.9382380247116088,0.1576690524816513,0.0007247433532029,128,118151.0,1.2595501949901079e+20,30972831744,552005120,16,3.89061280439652e-08,30972313600.0,1.259550194990108e+20,118151.0,1.3622680400824938,1.3748772522660553,bin_2
config_1092,1536,29,32,0.0243445690721273,0.9875535368919371,0.9609927535057068,0.0457544811069965,0.0006944983615539,128,108849.0,1.8502388902198562e+20,28534239232,898351104,8,0.0006944983615539,3997696000.0,2.5937578871523656e+19,15259.0,1.5229276548643582,1.5392179915162385,bin_2
config_1092,1536,29,32,0.0243445690721273,0.9875535368919371,0.9609927535057068,0.0457544811069965,0.0006944983615539,128,108849.0,1.8502388902198562e+20,28534239232,898351104,8,0.0006944983615539,7995392000.0,5.187515774304731e+19,30518.0,1.4510819794897174,1.4661762201199766,bin_2
config_1092,1536,29,32,0.0243445690721273,0.9875535368919371,0.9609927535057068,0.0457544811069965,0.0006944983615539,128,108849.0,1.8502388902198562e+20,28534239232,898351104,8,0.0006944983615539,12006195200.0,7.781103679290039e+19,45776.0,1.4198328201399475,1.4346606865085538,bin_2
config_1092,1536,29,32,0.0243445690721273,0.9875535368919371,0.9609927535057068,0.0457544811069965,0.0006944983615539,128,108849.0,1.8502388902198562e+20,28534239232,898351104,8,0.0006944983615539,16003891200.0,1.0374861566442404e+20,61035.0,1.4015329407961643,1.4163235843670172,bin_2
config_1092,1536,29,32,0.0243445690721273,0.9875535368919371,0.9609927535057068,0.0457544811069965,0.0006944983615539,128,108849.0,1.8502388902198562e+20,28534239232,898351104,8,0.0006944983615539,20001587200.0,1.296861945359477e+20,76294.0,1.3893543500587588,1.403698784484238,bin_2
config_1092,1536,29,32,0.0243445690721273,0.9875535368919371,0.9609927535057068,0.0457544811069965,0.0006944983615539,128,108849.0,1.8502388902198562e+20,28534239232,898351104,8,0.0006944983615539,23999283200.0,1.5562377340747137e+20,91553.0,1.381040813922882,1.394706353545189,bin_2
config_1092,1536,29,32,0.0243445690721273,0.9875535368919371,0.9609927535057068,0.0457544811069965,0.0006944983615539,128,108849.0,1.8502388902198562e+20,28534239232,898351104,8,0.0002857484222538,27996979200.0,1.81561352278995e+20,106812.0,1.3452942711994296,1.3587087615005309,bin_2
config_1092,1536,29,32,0.0243445690721273,0.9875535368919371,0.9609927535057068,0.0457544811069965,0.0006944983615539,128,108849.0,1.8502388902198562e+20,28534239232,898351104,8,6.833417613684011e-06,28521267200.0,1.850238890219856e+20,108849.0,1.3279838876743786,1.3413449878184522,bin_2
config_1093,1536,25,32,0.0053641987033188,0.9368749260902404,0.953996479511261,0.2390500158071518,0.0004707632469944,128,113515.0,1.682426763590448e+20,29757429760,785092608,8,0.0004707632469944,3997696000.0,2.261564549674197e+19,15259.0,1.5473808838109502,1.5643320908702787,bin_2
config_1093,1536,25,32,0.0053641987033188,0.9368749260902404,0.953996479511261,0.2390500158071518,0.0004707632469944,128,113515.0,1.682426763590448e+20,29757429760,785092608,8,0.0004707632469944,7995392000.0,4.523129099348393e+19,30518.0,1.4612309381805482,1.476843422113872,bin_2
config_1093,1536,25,32,0.0053641987033188,0.9368749260902404,0.953996479511261,0.2390500158071518,0.0004707632469944,128,113515.0,1.682426763590448e+20,29757429760,785092608,8,0.0004707632469944,12006195200.0,6.784545437177144e+19,45776.0,1.425786550729001,1.4408445205747105,bin_2
config_1093,1536,25,32,0.0053641987033188,0.9368749260902404,0.953996479511261,0.2390500158071518,0.0004707632469944,128,113515.0,1.682426763590448e+20,29757429760,785092608,8,0.0004707632469944,16003891200.0,9.04610998685134e+19,61035.0,1.4040353490974082,1.4189414164765937,bin_2
config_1093,1536,25,32,0.0053641987033188,0.9368749260902404,0.953996479511261,0.2390500158071518,0.0004707632469944,128,113515.0,1.682426763590448e+20,29757429760,785092608,8,0.0004707632469944,20001587200.0,1.1307674536525536e+20,76294.0,1.388147107831767,1.4029580565554196,bin_2
config_1093,1536,25,32,0.0053641987033188,0.9368749260902404,0.953996479511261,0.2390500158071518,0.0004707632469944,128,113515.0,1.682426763590448e+20,29757429760,785092608,8,0.0003810692729033,23999283200.0,1.3569239086199734e+20,91553.0,1.368737643488118,1.3829902089619246,bin_2
config_1093,1536,25,32,0.0053641987033188,0.9368749260902404,0.953996479511261,0.2390500158071518,0.0004707632469944,128,113515.0,1.682426763590448e+20,29757429760,785092608,8,0.0001164980727314,27996979200.0,1.583080363587393e+20,106812.0,1.3339657153262467,1.3475249220406422,bin_2
config_1093,1536,25,32,0.0053641987033188,0.9368749260902404,0.953996479511261,0.2390500158071518,0.0004707632469944,128,113515.0,1.682426763590448e+20,29757429760,785092608,8,2.602339673822259e-07,29753344000.0,1.682426763590448e+20,113515.0,1.3231082728456278,1.3365136109316935,bin_2
config_1094,1536,27,32,0.0038962548132985,0.9090515375137328,0.9974088072776794,0.248666763305664,0.0016694678924977,128,39831.0,6.337060747976953e+19,10441619456,841721856,8,0.0016694678924977,3997696000.0,2.427687227370147e+19,15259.0,3.182423715552346,3.214932919173944,bin_2
config_1094,1536,27,32,0.0038962548132985,0.9090515375137328,0.9974088072776794,0.248666763305664,0.0016694678924977,128,39831.0,6.337060747976953e+19,10441619456,841721856,8,0.001572880139832,7995392000.0,4.855374454740294e+19,30518.0,3.11502879944004,3.1481982734555105,bin_2
config_1094,1536,27,32,0.0038962548132985,0.9090515375137328,0.9974088072776794,0.248666763305664,0.0016694678924977,128,39831.0,6.337060747976953e+19,10441619456,841721856,8,5.22551541472455e-06,10433331200.0,6.337060747976953e+19,39831.0,2.9307771873278696,2.9617563524402555,bin_2
config_1095,1344,24,32,0.0182064641267061,0.8832160830497742,0.9203925132751464,0.2893065512180328,1.03659913293086e-05,128,126730.0,1.435015095464771e+20,33221742592,587862912,16,1.03659913293086e-05,3997696000.0,1.7278383446458565e+19,15259.0,2.0054086445980386,2.026796569980559,bin_2
config_1095,1344,24,32,0.0182064641267061,0.8832160830497742,0.9203925132751464,0.2893065512180328,1.03659913293086e-05,128,126730.0,1.435015095464771e+20,33221742592,587862912,16,1.03659913293086e-05,7995392000.0,3.455676689291713e+19,30518.0,1.79067186840245,1.81052536944874,bin_2
config_1095,1344,24,32,0.0182064641267061,0.8832160830497742,0.9203925132751464,0.2893065512180328,1.03659913293086e-05,128,126730.0,1.435015095464771e+20,33221742592,587862912,16,1.03659913293086e-05,12006195200.0,5.183401799889162e+19,45776.0,1.7042883237463529,1.7216267017458309,bin_2
config_1095,1344,24,32,0.0182064641267061,0.8832160830497742,0.9203925132751464,0.2893065512180328,1.03659913293086e-05,128,126730.0,1.435015095464771e+20,33221742592,587862912,16,1.03659913293086e-05,16003891200.0,6.91124014453502e+19,61035.0,1.6531073304082526,1.6693130407567884,bin_2
config_1095,1344,24,32,0.0182064641267061,0.8832160830497742,0.9203925132751464,0.2893065512180328,1.03659913293086e-05,128,126730.0,1.435015095464771e+20,33221742592,587862912,16,1.03659913293086e-05,20001587200.0,8.639078489180876e+19,76294.0,1.6163463424463742,1.6331406959940176,bin_2
config_1095,1344,24,32,0.0182064641267061,0.8832160830497742,0.9203925132751464,0.2893065512180328,1.03659913293086e-05,128,126730.0,1.435015095464771e+20,33221742592,587862912,16,9.946692168264368e-06,23999283200.0,1.036691683382673e+20,91553.0,1.5892853024748506,1.6056146590045242,bin_2
config_1095,1344,24,32,0.0182064641267061,0.8832160830497742,0.9203925132751464,0.2893065512180328,1.03659913293086e-05,128,126730.0,1.435015095464771e+20,33221742592,587862912,16,5.634950963999683e-06,27996979200.0,1.2094755178472587e+20,106812.0,1.5618983433285698,1.5776782955497992,bin_2
config_1095,1344,24,32,0.0182064641267061,0.8832160830497742,0.9203925132751464,0.2893065512180328,1.03659913293086e-05,128,126730.0,1.435015095464771e+20,33221742592,587862912,16,1.3232097597349985e-06,31994675200.0,1.382248028907004e+20,122070.0,1.5436776484426904,1.55912217828094,bin_2
config_1095,1344,24,32,0.0182064641267061,0.8832160830497742,0.9203925132751464,0.2893065512180328,1.03659913293086e-05,128,126730.0,1.435015095464771e+20,33221742592,587862912,16,8.482113844454391e-09,33213644800.0,1.435015095464771e+20,126730.0,1.5407670843796653,1.5562009868856337,bin_2
config_1096,1600,28,32,0.0464198179543018,0.9848971366882324,0.9271125793457032,0.1456843167543411,1.2645106835407203e-05,128,93450.0,1.6691242026868408e+20,24497537024,952163200,8,1.2645106835407203e-05,3997696000.0,2.7254324460993585e+19,15259.0,1.8196932212055708,1.839098412873315,bin_2
config_1096,1600,28,32,0.0464198179543018,0.9848971366882324,0.9271125793457032,0.1456843167543411,1.2645106835407203e-05,128,93450.0,1.6691242026868408e+20,24497537024,952163200,8,1.2645106835407203e-05,7995392000.0,5.450864892198717e+19,30518.0,1.6588194428506444,1.677019638995655,bin_2
config_1096,1600,28,32,0.0464198179543018,0.9848971366882324,0.9271125793457032,0.1456843167543411,1.2645106835407203e-05,128,93450.0,1.6691242026868408e+20,24497537024,952163200,8,1.2645106835407203e-05,12006195200.0,8.176118726826413e+19,45776.0,1.5890941177626126,1.606403556397704,bin_2
config_1096,1600,28,32,0.0464198179543018,0.9848971366882324,0.9271125793457032,0.1456843167543411,1.2645106835407203e-05,128,93450.0,1.6691242026868408e+20,24497537024,952163200,8,1.2645106835407203e-05,16003891200.0,1.0901551172925773e+20,61035.0,1.546572618025248,1.5634412004517728,bin_2
config_1096,1600,28,32,0.0464198179543018,0.9848971366882324,0.9271125793457032,0.1456843167543411,1.2645106835407203e-05,128,93450.0,1.6691242026868408e+20,24497537024,952163200,8,1.2645106835407203e-05,20001587200.0,1.3626983619025129e+20,76294.0,1.5157547138362637,1.5320436945313314,bin_2
config_1096,1600,28,32,0.0464198179543018,0.9848971366882324,0.9271125793457032,0.1456843167543411,1.2645106835407203e-05,128,93450.0,1.6691242026868408e+20,24497537024,952163200,8,1.7647791234959363e-06,23999283200.0,1.635241606512449e+20,91553.0,1.476167542504483,1.4918529194104866,bin_2
config_1096,1600,28,32,0.0464198179543018,0.9848971366882324,0.9271125793457032,0.1456843167543411,1.2645106835407203e-05,128,93450.0,1.6691242026868408e+20,24497537024,952163200,8,0.0,24497356800.0,1.6691242026868408e+20,93450.0,1.473552327273322,1.4891694276743248,bin_2
config_1097,1280,24,32,0.0113476729020476,0.814885675907135,0.9225805401802064,0.0008551061619073,6.052483877283521e-05,128,28738.0,3.0636689235632456e+19,7533681664,552005120,16,6.052483877283521e-05,3997696000.0,1.6267145975590357e+19,15259.0,1.6482193662299485,1.666569465301076,bin_2
config_1097,1280,24,32,0.0113476729020476,0.814885675907135,0.9225805401802064,0.0008551061619073,6.052483877283521e-05,128,28738.0,3.0636689235632456e+19,7533681664,552005120,16,6.052483877283521e-05,7523532800.0,3.0636689235632456e+19,28738.0,1.5571496145060806,1.574372019181486,bin_2
config_1098,1600,24,32,0.0038302030880004,0.9421067833900452,0.9918667078018188,0.2778879702091217,0.0049418066628277,128,139777.0,2.1651871012651008e+20,36641943552,827632000,8,0.0049418066628277,3997696000.0,2.363664263663133e+19,15259.0,3.240519577245243,3.270384270245912,bin_2
config_1098,1600,24,32,0.0038302030880004,0.9421067833900452,0.9918667078018188,0.2778879702091217,0.0049418066628277,128,139777.0,2.1651871012651008e+20,36641943552,827632000,8,0.0049418066628277,7995392000.0,4.727328527326266e+19,30518.0,3.966475174309777,3.955762108779344,bin_2
config_1098,1600,24,32,0.0038302030880004,0.9421067833900452,0.9918667078018188,0.2778879702091217,0.0049418066628277,128,139777.0,2.1651871012651008e+20,36641943552,827632000,8,0.0049418066628277,12006195200.0,7.090837888029594e+19,45776.0,3.3721950542340515,3.4048254203014685,bin_2
config_1098,1600,24,32,0.0038302030880004,0.9421067833900452,0.9918667078018188,0.2778879702091217,0.0049418066628277,128,139777.0,2.1651871012651008e+20,36641943552,827632000,8,0.0049418066628277,16003891200.0,9.454502151692729e+19,61035.0,3.5795774757666665,3.6099673720656846,bin_2
config_1098,1600,24,32,0.0038302030880004,0.9421067833900452,0.9918667078018188,0.2778879702091217,0.0049418066628277,128,139777.0,2.1651871012651008e+20,36641943552,827632000,8,0.0049418066628277,20001587200.0,1.1818166415355858e+20,76294.0,3.058535497853013,3.0888985576395127,bin_2
config_1098,1600,24,32,0.0038302030880004,0.9421067833900452,0.9918667078018188,0.2778879702091217,0.0049418066628277,128,139777.0,2.1651871012651008e+20,36641943552,827632000,8,0.0049418066628277,23999283200.0,1.4181830679018992e+20,91553.0,3.129304905719444,3.1605496766528147,bin_2
config_1098,1600,24,32,0.0038302030880004,0.9421067833900452,0.9918667078018188,0.2778879702091217,0.0049418066628277,128,139777.0,2.1651871012651008e+20,36641943552,827632000,8,0.0041956119231777,27996979200.0,1.6545494942682127e+20,106812.0,3.1917095742460155,3.223522154464096,bin_2
config_1098,1600,24,32,0.0038302030880004,0.9421067833900452,0.9918667078018188,0.2778879702091217,0.0049418066628277,128,139777.0,2.1651871012651008e+20,36641943552,827632000,8,0.0022553783716581,31994675200.0,1.890900430338545e+20,122070.0,3.1587725071438024,3.1845887152484207,bin_2
config_1098,1600,24,32,0.0038302030880004,0.9421067833900452,0.9918667078018188,0.2778879702091217,0.0049418066628277,128,139777.0,2.1651871012651008e+20,36641943552,827632000,8,0.0003087833986582,36005478400.0,2.1272668567048585e+20,137329.0,2.871316801016448,2.9024720373310027,bin_2
config_1098,1600,24,32,0.0038302030880004,0.9421067833900452,0.9918667078018188,0.2778879702091217,0.0049418066628277,128,139777.0,2.1651871012651008e+20,36641943552,827632000,8,3.435167599411329e-06,36634624000.0,2.1651871012651008e+20,139777.0,2.86369749460064,2.8946801484999107,bin_2
config_110,256,12,16,0.1361991614103317,0.8975043296813965,0.9504519701004028,0.2623507082462311,5.9642545238602906e-05,64,8527.0,239258808265605120,1117694208,23100928,16,5.9642545238602906e-05,557056000.0,1.196153746494986e+17,4263.0,2.716040456687288,2.744123595725958,bin_0
config_110,256,12,16,0.1361991614103317,0.8975043296813965,0.9504519701004028,0.2623507082462311,5.9642545238602906e-05,64,8527.0,239258808265605120,1117694208,23100928,16,7.198697905419228e-07,1114112000.0,2.3925880826560512e+17,8527.0,2.444515079556053,2.469305005432916,bin_0
config_1100,1600,29,40,0.0020626641344279,0.8468543291091919,0.9651786684989928,0.1278802156448364,0.0001494166208431,128,86323.0,1.5929847605438054e+20,22629115904,983296000,8,0.0001494166208431,3997696000.0,2.815860716279315e+19,15259.0,1.5730984591069768,1.5900195533330324,bin_2
config_1100,1600,29,40,0.0020626641344279,0.8468543291091919,0.9651786684989928,0.1278802156448364,0.0001494166208431,128,86323.0,1.5929847605438054e+20,22629115904,983296000,8,0.0001494166208431,7995392000.0,5.63172143255863e+19,30518.0,1.4748982030153277,1.4912696687706182,bin_2
config_1100,1600,29,40,0.0020626641344279,0.8468543291091919,0.9651786684989928,0.1278802156448364,0.0001494166208431,128,86323.0,1.5929847605438054e+20,22629115904,983296000,8,0.0001494166208431,12006195200.0,8.44739761114109e+19,45776.0,1.4330247240574634,1.4485993695356807,bin_2
config_1100,1600,29,40,0.0020626641344279,0.8468543291091919,0.9651786684989928,0.1278802156448364,0.0001494166208431,128,86323.0,1.5929847605438054e+20,22629115904,983296000,8,0.0001494166208431,16003891200.0,1.1263258327420404e+20,61035.0,1.4069016194538992,1.4221375360742945,bin_2
config_1100,1600,29,40,0.0020626641344279,0.8468543291091919,0.9651786684989928,0.1278802156448364,0.0001494166208431,128,86323.0,1.5929847605438054e+20,22629115904,983296000,8,0.0001356647151653,20001587200.0,1.407911904369972e+20,76294.0,1.387554192748226,1.402010075850565,bin_2
config_1100,1600,29,40,0.0020626641344279,0.8468543291091919,0.9651786684989928,0.1278802156448364,0.0001494166208431,128,86323.0,1.5929847605438054e+20,22629115904,983296000,8,3.1131282538199e-07,22623027200.0,1.5929847605438054e+20,86323.0,1.3451750419081234,1.358664122575619,bin_2
config_1101,1344,24,24,0.0015517434803768,0.9341124892234802,0.901239275932312,0.1025659963488578,1.564328522363212e-05,128,38874.0,4.401851578756183e+19,10190637056,587862912,16,1.564328522363212e-05,3997696000.0,1.7278348829613777e+19,15259.0,1.824118960099142,1.843413140891028,bin_2
config_1101,1344,24,24,0.0015517434803768,0.9341124892234802,0.901239275932312,0.1025659963488578,1.564328522363212e-05,128,38874.0,4.401851578756183e+19,10190637056,587862912,16,1.564328522363212e-05,7995392000.0,3.4556697659227558e+19,30518.0,1.6827858145510564,1.7005571103486858,bin_2
config_1101,1344,24,24,0.0015517434803768,0.9341124892234802,0.901239275932312,0.1025659963488578,1.564328522363212e-05,128,38874.0,4.401851578756183e+19,10190637056,587862912,16,9.416575002938986e-08,10184294400.0,4.401851578756183e+19,38874.0,1.6261714059407597,1.6427119939444494,bin_2
config_1103,1408,24,32,0.018248688429594,0.8033537268638611,0.9311782717704772,0.0822944641113281,0.002349104732275,128,42071.0,5.219691420809429e+19,11028725760,650459392,16,0.002349104732275,3997696000.0,1.893163257116092e+19,15259.0,3.048078971768989,3.0791846981986626,bin_2
config_1103,1408,24,32,0.018248688429594,0.8033537268638611,0.9311782717704772,0.0822944641113281,0.002349104732275,128,42071.0,5.219691420809429e+19,11028725760,650459392,16,0.002349104732275,7995392000.0,3.786326514232183e+19,30518.0,2.860931749734722,2.892495101475325,bin_2
config_1103,1408,24,32,0.018248688429594,0.8033537268638611,0.9311782717704772,0.0822944641113281,0.002349104732275,128,42071.0,5.219691420809429e+19,11028725760,650459392,16,1.424933546440672e-05,11023155200.0,5.219691420809429e+19,42071.0,2.568202796529551,2.597272744178772,bin_2
config_1104,1280,28,40,0.0214323345571756,0.9153491854667664,0.9744027256965636,0.2565841376781463,3.2197669497691095e-05,128,95420.0,1.1706626828913869e+20,25013913600,633280000,8,3.2197669497691095e-05,3997696000.0,1.87205427355268e+19,15259.0,1.7308123785355052,1.7492107074964245,bin_2
config_1104,1280,28,40,0.0214323345571756,0.9153491854667664,0.9744027256965636,0.2565841376781463,3.2197669497691095e-05,128,95420.0,1.1706626828913869e+20,25013913600,633280000,8,3.2197669497691095e-05,7995392000.0,3.74410854710536e+19,30518.0,1.598172102971155,1.6154420440314246,bin_2
config_1104,1280,28,40,0.0214323345571756,0.9153491854667664,0.9744027256965636,0.2565841376781463,3.2197669497691095e-05,128,95420.0,1.1706626828913869e+20,25013913600,633280000,8,3.2197669497691095e-05,12006195200.0,5.616040135405169e+19,45776.0,1.539801798707149,1.5560865617580102,bin_2
config_1104,1280,28,40,0.0214323345571756,0.9153491854667664,0.9744027256965636,0.2565841376781463,3.2197669497691095e-05,128,95420.0,1.1706626828913869e+20,25013913600,633280000,8,3.2197669497691095e-05,16003891200.0,7.488094408957849e+19,61035.0,1.5036271278486877,1.519560973038439,bin_2
config_1104,1280,28,40,0.0214323345571756,0.9153491854667664,0.9744027256965636,0.2565841376781463,3.2197669497691095e-05,128,95420.0,1.1706626828913869e+20,25013913600,633280000,8,2.514477150659044e-05,20001587200.0,9.36014868251053e+19,76294.0,1.4721101443103102,1.4872654248065635,bin_2
config_1104,1280,28,40,0.0214323345571756,0.9153491854667664,0.9744027256965636,0.2565841376781463,3.2197669497691095e-05,128,95420.0,1.1706626828913869e+20,25013913600,633280000,8,5.089449044482477e-06,23999283200.0,1.1232202956063208e+20,91553.0,1.4395447971684034,1.454423217450986,bin_2
config_1104,1280,28,40,0.0214323345571756,0.9153491854667664,0.9744027256965636,0.2565841376781463,3.2197669497691095e-05,128,95420.0,1.1706626828913869e+20,25013913600,633280000,8,2.6302062245383892e-08,25008537600.0,1.1706626828913869e+20,95420.0,1.435437863899059,1.4502332627870995,bin_2
config_1105,1344,24,32,0.0028529718983918,0.9247119426727296,0.9901216626167296,0.0259835440665483,1.12501811599941e-05,128,87206.0,9.874708377296988e+19,22860736512,587862912,16,1.12501811599941e-05,3997696000.0,1.7278418357587175e+19,15259.0,1.9420051583696585,1.9631242817347168,bin_2
config_1105,1344,24,32,0.0028529718983918,0.9247119426727296,0.9901216626167296,0.0259835440665483,1.12501811599941e-05,128,87206.0,9.874708377296988e+19,22860736512,587862912,16,1.12501811599941e-05,7995392000.0,3.455683671517435e+19,30518.0,1.753383008495706,1.7729612848016083,bin_2
config_1105,1344,24,32,0.0028529718983918,0.9247119426727296,0.9901216626167296,0.0259835440665483,1.12501811599941e-05,128,87206.0,9.874708377296988e+19,22860736512,587862912,16,1.12501811599941e-05,12006195200.0,5.183412272998956e+19,45776.0,1.6734524278562577,1.6901824473553018,bin_2
config_1105,1344,24,32,0.0028529718983918,0.9247119426727296,0.9901216626167296,0.0259835440665483,1.12501811599941e-05,128,87206.0,9.874708377296988e+19,22860736512,587862912,16,1.12501811599941e-05,16003891200.0,6.9112541087576736e+19,61035.0,1.6240823751981142,1.6403710821417512,bin_2
config_1105,1344,24,32,0.0028529718983918,0.9247119426727296,0.9901216626167296,0.0259835440665483,1.12501811599941e-05,128,87206.0,9.874708377296988e+19,22860736512,587862912,16,1.12501811599941e-05,20001587200.0,8.63909594451639e+19,76294.0,1.5886978883039755,1.6056789173063684,bin_2
config_1105,1344,24,32,0.0028529718983918,0.9247119426727296,0.9901216626167296,0.0259835440665483,1.12501811599941e-05,128,87206.0,9.874708377296988e+19,22860736512,587862912,16,2.9801804397335845e-08,22858956800.0,9.874708377296988e+19,87206.0,1.554706313414652,1.571021265006456,bin_2
config_1106,1536,24,24,0.007189892232418,0.8192882537841797,0.97733336687088,0.0272911377251148,0.0008915375801734,128,53284.0,7.607356947197382e+19,13968228352,756777984,8,0.0008915375801734,3997696000.0,2.1785275065176195e+19,15259.0,1.513465388221819,1.529844067585273,bin_2
config_1106,1536,24,24,0.007189892232418,0.8192882537841797,0.97733336687088,0.0272911377251148,0.0008915375801734,128,53284.0,7.607356947197382e+19,13968228352,756777984,8,0.0008915375801734,7995392000.0,4.357055013035239e+19,30518.0,1.4460716506887654,1.4610391149169109,bin_2
config_1106,1536,24,24,0.007189892232418,0.8192882537841797,0.97733336687088,0.0272911377251148,0.0008915375801734,128,53284.0,7.607356947197382e+19,13968228352,756777984,8,0.0008915375801734,12006195200.0,6.535439749547845e+19,45776.0,1.4165923294669291,1.4310582518675288,bin_2
config_1106,1536,24,24,0.007189892232418,0.8192882537841797,0.97733336687088,0.0272911377251148,0.0008915375801734,128,53284.0,7.607356947197382e+19,13968228352,756777984,8,2.0847508752336756e-05,13959168000.0,7.607356947197382e+19,53284.0,1.3757519100826294,1.3898790279959068,bin_2
config_1107,1536,29,24,0.1381172388792038,0.8323726654052734,0.912716269493103,0.1408689320087433,0.0034360724966973,128,81795.0,1.390366401129842e+20,21442121728,898351104,8,0.0034360724966973,3997696000.0,2.593752786214348e+19,15259.0,3.675818874640543,3.7126148185182792,bin_2
config_1107,1536,29,24,0.1381172388792038,0.8323726654052734,0.912716269493103,0.1408689320087433,0.0034360724966973,128,81795.0,1.390366401129842e+20,21442121728,898351104,8,0.0034360724966973,7995392000.0,5.187505572428696e+19,30518.0,3.638828867028971,3.6771138102500167,bin_2
config_1107,1536,29,24,0.1381172388792038,0.8323726654052734,0.912716269493103,0.1408689320087433,0.0034360724966973,128,81795.0,1.390366401129842e+20,21442121728,898351104,8,0.0034360724966973,12006195200.0,7.781088376810275e+19,45776.0,3.848379350294832,3.8827496120187104,bin_2
config_1107,1536,29,24,0.1381172388792038,0.8323726654052734,0.912716269493103,0.1408689320087433,0.0034360724966973,128,81795.0,1.390366401129842e+20,21442121728,898351104,8,0.0034360724966973,16003891200.0,1.0374841163024623e+20,61035.0,3.785718789374242,3.8193510125895016,bin_2
config_1107,1536,29,24,0.1381172388792038,0.8323726654052734,0.912716269493103,0.1408689320087433,0.0034360724966973,128,81795.0,1.390366401129842e+20,21442121728,898351104,8,0.001638710151827,20001587200.0,1.296859394923897e+20,76294.0,4.278172117061303,4.258001237032843,bin_2
config_1107,1536,29,24,0.1381172388792038,0.8323726654052734,0.912716269493103,0.1408689320087433,0.0034360724966973,128,81795.0,1.390366401129842e+20,21442121728,898351104,8,1.3419828358911604e-05,21430272000.0,1.390366401129842e+20,81795.0,3.4888823735127685,3.525151209831238,bin_2
config_1108,1280,25,32,0.0034924719948321,0.8602724671363831,0.981873631477356,0.1472548246383667,3.487781941657886e-05,128,133174.0,1.4732315875212263e+20,34910838784,572323840,16,3.487781941657886e-05,3997696000.0,1.688020243740249e+19,15259.0,1.734833363353229,1.753952281162387,bin_2
config_1108,1280,25,32,0.0034924719948321,0.8602724671363831,0.981873631477356,0.1472548246383667,3.487781941657886e-05,128,133174.0,1.4732315875212263e+20,34910838784,572323840,16,3.487781941657886e-05,7995392000.0,3.376040487480498e+19,30518.0,1.5993209895931306,1.6168049532859052,bin_2
config_1108,1280,25,32,0.0034924719948321,0.8602724671363831,0.981873631477356,0.1472548246383667,3.487781941657886e-05,128,133174.0,1.4732315875212263e+20,34910838784,572323840,16,3.487781941657886e-05,12006195200.0,5.063950106655327e+19,45776.0,1.54276183347233,1.556998405573798,bin_2
config_1108,1280,25,32,0.0034924719948321,0.8602724671363831,0.981873631477356,0.1472548246383667,3.487781941657886e-05,128,133174.0,1.4732315875212263e+20,34910838784,572323840,16,3.487781941657886e-05,16003891200.0,6.751970350395576e+19,61035.0,1.5071577135461276,1.5206971095038242,bin_2
config_1108,1280,25,32,0.0034924719948321,0.8602724671363831,0.981873631477356,0.1472548246383667,3.487781941657886e-05,128,133174.0,1.4732315875212263e+20,34910838784,572323840,16,3.487781941657886e-05,20001587200.0,8.439990594135825e+19,76294.0,1.480427849370925,1.495165497514068,bin_2
config_1108,1280,25,32,0.0034924719948321,0.8602724671363831,0.981873631477356,0.1472548246383667,3.487781941657886e-05,128,133174.0,1.4732315875212263e+20,34910838784,572323840,16,3.487781941657886e-05,23999283200.0,1.0128010837876074e+20,91553.0,1.4614077773641367,1.4757867709144217,bin_2
config_1108,1280,25,32,0.0034924719948321,0.8602724671363831,0.981873631477356,0.1472548246383667,3.487781941657886e-05,128,133174.0,1.4732315875212263e+20,34910838784,572323840,16,3.487781941657886e-05,27996979200.0,1.1816031081616323e+20,106812.0,1.447228693141312,1.460860902715902,bin_2
config_1108,1280,25,32,0.0034924719948321,0.8602724671363831,0.981873631477356,0.1472548246383667,3.487781941657886e-05,128,133174.0,1.4732315875212263e+20,34910838784,572323840,16,1.9784847689445343e-05,31994675200.0,1.3503940700791153e+20,122070.0,1.4243203678287444,1.43730795754761,bin_2
config_1108,1280,25,32,0.0034924719948321,0.8602724671363831,0.981873631477356,0.1472548246383667,3.487781941657886e-05,128,133174.0,1.4732315875212263e+20,34910838784,572323840,16,4.268575553278005e-08,34904473600.0,1.4732315875212263e+20,133174.0,1.4046756367018964,1.4192418143397472,bin_2
config_1109,1280,30,32,0.0010130432201549,0.8646447658538818,0.9016571044921876,0.0615658909082412,6.040167500032112e-05,128,118552.0,1.5497753416446247e+20,31077834752,673917440,8,6.040167500032112e-05,3997696000.0,1.9947383374515257e+19,15259.0,1.6700791223518183,1.6879683269829049,bin_2
config_1109,1280,30,32,0.0010130432201549,0.8646447658538818,0.9016571044921876,0.0615658909082412,6.040167500032112e-05,128,118552.0,1.5497753416446247e+20,31077834752,673917440,8,6.040167500032112e-05,7995392000.0,3.989476674903052e+19,30518.0,1.5572903077328792,1.5740665928653028,bin_2
config_1109,1280,30,32,0.0010130432201549,0.8646447658538818,0.9016571044921876,0.0615658909082412,6.040167500032112e-05,128,118552.0,1.5497753416446247e+20,31077834752,673917440,8,6.040167500032112e-05,12006195200.0,5.984084286990041e+19,45776.0,1.5071445265461187,1.522706378737434,bin_2
config_1109,1280,30,32,0.0010130432201549,0.8646447658538818,0.9016571044921876,0.0615658909082412,6.040167500032112e-05,128,118552.0,1.5497753416446247e+20,31077834752,673917440,8,6.040167500032112e-05,16003891200.0,7.978822624441567e+19,61035.0,1.4763915107191583,1.491614101705004,bin_2
config_1109,1280,30,32,0.0010130432201549,0.8646447658538818,0.9016571044921876,0.0615658909082412,6.040167500032112e-05,128,118552.0,1.5497753416446247e+20,31077834752,673917440,8,6.040167500032112e-05,20001587200.0,9.973560961893094e+19,76294.0,1.4548641301178542,1.470193578542256,bin_2
config_1109,1280,30,32,0.0010130432201549,0.8646447658538818,0.9016571044921876,0.0615658909082412,6.040167500032112e-05,128,118552.0,1.5497753416446247e+20,31077834752,673917440,8,6.040167500032112e-05,23999283200.0,1.196829929934462e+20,91553.0,1.439285439076971,1.4540996200921106,bin_2
config_1109,1280,30,32,0.0010130432201549,0.8646447658538818,0.9016571044921876,0.0615658909082412,6.040167500032112e-05,128,118552.0,1.5497753416446247e+20,31077834752,673917440,8,6.040167500032112e-05,27996979200.0,1.3963037636796144e+20,106812.0,1.4276287152532672,1.4422993509984408,bin_2
config_1109,1280,30,32,0.0010130432201549,0.8646447658538818,0.9016571044921876,0.0615658909082412,6.040167500032112e-05,128,118552.0,1.5497753416446247e+20,31077834752,673917440,8,1.6552939161506783e-08,31077171200.0,1.5497753416446247e+20,118552.0,1.392949683119039,1.407262328032587,bin_2
config_1110,1408,30,32,0.0012594223953783,0.9489148855209352,0.9802382588386536,0.1714963316917419,8.022804831853136e-05,64,63250.0,4.816586657832056e+19,8290404352,795376384,8,8.022804831853136e-05,3997696000.0,2.3239935434580025e+19,30518.0,1.5695229255175982,1.5865996186850502,bin_2
config_1110,1408,30,32,0.0012594223953783,0.9489148855209352,0.9802382588386536,0.1714963316917419,8.022804831853136e-05,64,63250.0,4.816586657832056e+19,8290404352,795376384,8,1.6271937521966344e-05,8001945600.0,4.647910935348293e+19,61035.0,1.4548780085317423,1.4702848119423038,bin_2
config_1110,1408,30,32,0.0012594223953783,0.9489148855209352,0.9802382588386536,0.1714963316917419,8.022804831853136e-05,64,63250.0,4.816586657832056e+19,8290404352,795376384,8,0.0,8290304000.0,4.816586657832056e+19,63250.0,1.4483484692260866,1.4636463432526978,bin_2
config_1111,1536,24,24,0.0060406113043427,0.8091855645179749,0.9423235654830932,0.2579762041568756,0.0018004573648795,64,65010.0,4.640748580297507e+19,8521098240,756777984,8,0.0018004573648795,3997696000.0,2.1785319977467978e+19,30518.0,2.722961866073921,2.751630636121406,bin_2
config_1111,1536,24,24,0.0060406113043427,0.8091855645179749,0.9423235654830932,0.2579762041568756,0.0018004573648795,64,65010.0,4.640748580297507e+19,8521098240,756777984,8,0.0004251273725432,8001945600.0,4.356992610343921e+19,61035.0,2.44845123021329,2.4745971040256687,bin_2
config_1111,1536,24,24,0.0060406113043427,0.8091855645179749,0.9423235654830932,0.2579762041568756,0.0018004573648795,64,65010.0,4.640748580297507e+19,8521098240,756777984,8,1.0735539710687598e-06,8519680000.0,4.640748580297507e+19,65010.0,2.418717388618188,2.4448359030582867,bin_2
config_1112,1472,28,32,0.009445933625102,0.9186721444129944,0.967053234577179,0.2925046384334564,0.0019787673372775,64,70721.0,5.5170800373994095e+19,9269563392,823233664,8,0.0019787673372775,3997696000.0,2.380767361623212e+19,30518.0,3.00284928489904,3.0340955436034283,bin_2
config_1112,1472,28,32,0.009445933625102,0.9186721444129944,0.967053234577179,0.2925046384334564,0.0019787673372775,64,70721.0,5.5170800373994095e+19,9269563392,823233664,8,0.0009251019490868,8001945600.0,4.761456711339955e+19,61035.0,2.6172085591613268,2.6460672300370014,bin_2
config_1112,1472,28,32,0.009445933625102,0.9186721444129944,0.967053234577179,0.2925046384334564,0.0019787673372775,64,70721.0,5.5170800373994095e+19,9269563392,823233664,8,2.008803735996552e-06,9266790400.0,5.5170800373994095e+19,70721.0,2.524164332581348,2.5521283227107565,bin_2
config_1113,1280,24,20,0.0465533062815666,0.8016550540924072,0.9234681725502014,0.0998423546552658,0.0094485292211174,128,50312.0,5.363520948843577e+19,13189107712,552005120,16,0.0094485292211174,3997696000.0,1.6266887851487547e+19,15259.0,3.5939231515321577,3.621577514351392,bin_2
config_1113,1280,24,20,0.0465533062815666,0.8016550540924072,0.9234681725502014,0.0998423546552658,0.0094485292211174,128,50312.0,5.363520948843577e+19,13189107712,552005120,16,0.0094485292211174,7995392000.0,3.253377570297509e+19,30518.0,3.5000622258420853,3.5305679808288324,bin_2
config_1113,1280,24,20,0.0465533062815666,0.8016550540924072,0.9234681725502014,0.0998423546552658,0.0094485292211174,128,50312.0,5.363520948843577e+19,13189107712,552005120,16,0.008487311137902,12006195200.0,4.879959750243751e+19,45776.0,3.993229711954711,3.988012710868335,bin_2
config_1113,1280,24,20,0.0465533062815666,0.8016550540924072,0.9234681725502014,0.0998423546552658,0.0094485292211174,128,50312.0,5.363520948843577e+19,13189107712,552005120,16,2.25726360050596e-05,13185843200.0,5.363520948843577e+19,50312.0,3.273769507720822,3.30896577749096,bin_2
config_1114,1344,27,24,0.0086811678484082,0.9152532815933228,0.9738490581512452,0.2305995821952819,1.5310126400436275e-05,128,117498.0,1.481178591411241e+20,30801643520,652899072,16,1.5310126400436275e-05,3997696000.0,1.92354798603756e+19,15259.0,1.854009189957478,1.8735185203005056,bin_2
config_1114,1344,27,24,0.0086811678484082,0.9152532815933228,0.9738490581512452,0.2305995821952819,1.5310126400436275e-05,128,117498.0,1.481178591411241e+20,30801643520,652899072,16,1.5310126400436275e-05,7995392000.0,3.84709597207512e+19,30518.0,1.68203928193108,1.699915277137131,bin_2
config_1114,1344,27,24,0.0086811678484082,0.9152532815933228,0.9738490581512452,0.2305995821952819,1.5310126400436275e-05,128,117498.0,1.481178591411241e+20,30801643520,652899072,16,1.5310126400436275e-05,12006195200.0,5.77051789821452e+19,45776.0,1.6108924289609563,1.6269188325913226,bin_2
config_1114,1344,27,24,0.0086811678484082,0.9152532815933228,0.9738490581512452,0.2305995821952819,1.5310126400436275e-05,128,117498.0,1.481178591411241e+20,30801643520,652899072,16,1.5310126400436275e-05,16003891200.0,7.694065884252081e+19,61035.0,1.5684921083684829,1.583794026570242,bin_2
config_1114,1344,27,24,0.0086811678484082,0.9152532815933228,0.9738490581512452,0.2305995821952819,1.5310126400436275e-05,128,117498.0,1.481178591411241e+20,30801643520,652899072,16,1.5310126400436275e-05,20001587200.0,9.61761387028964e+19,76294.0,1.5368383015960942,1.553017903585903,bin_2
config_1114,1344,27,24,0.0086811678484082,0.9152532815933228,0.9738490581512452,0.2305995821952819,1.5310126400436275e-05,128,117498.0,1.481178591411241e+20,30801643520,652899072,16,1.4662551112368807e-05,23999283200.0,1.15411618563272e+20,91553.0,1.5136613234926444,1.5290312242117083,bin_2
config_1114,1344,27,24,0.0086811678484082,0.9152532815933228,0.9738490581512452,0.2305995821952819,1.5310126400436275e-05,128,117498.0,1.481178591411241e+20,30801643520,652899072,16,6.045166170807827e-06,27996979200.0,1.3464709842364762e+20,106812.0,1.485220739763291,1.4996800899505616,bin_2
config_1114,1344,27,24,0.0086811678484082,0.9152532815933228,0.9738490581512452,0.2305995821952819,1.5310126400436275e-05,128,117498.0,1.481178591411241e+20,30801643520,652899072,16,2.7123572275077852e-08,30788812800.0,1.481178591411241e+20,117498.0,1.472811990722281,1.4869787126290994,bin_2
config_1115,1472,27,32,0.0013100655050948,0.8333651423454285,0.9721249938011168,0.2927092611789703,0.0008983971783891,128,102924.0,1.5527866848770654e+20,26980976640,796475648,8,0.0008983971783891,3997696000.0,2.3020842587286872e+19,15259.0,1.5217252833335126,1.5380225616595784,bin_2
config_1115,1472,27,32,0.0013100655050948,0.8333651423454285,0.9721249938011168,0.2927092611789703,0.0008983971783891,128,102924.0,1.5527866848770654e+20,26980976640,796475648,8,0.0008983971783891,7995392000.0,4.6041685174573744e+19,30518.0,1.4477164571402503,1.4628208684628128,bin_2
config_1115,1472,27,32,0.0013100655050948,0.8333651423454285,0.9721249938011168,0.2927092611789703,0.0008983971783891,128,102924.0,1.5527866848770654e+20,26980976640,796475648,8,0.0008983971783891,12006195200.0,6.906101908877672e+19,45776.0,1.4137434161881932,1.4286108559956316,bin_2
config_1115,1472,27,32,0.0013100655050948,0.8333651423454285,0.9721249938011168,0.2927092611789703,0.0008983971783891,128,102924.0,1.5527866848770654e+20,26980976640,796475648,8,0.0008983971783891,16003891200.0,9.20818616760636e+19,61035.0,1.3922038206213811,1.4069925654227615,bin_2
config_1115,1472,27,32,0.0013100655050948,0.8333651423454285,0.9721249938011168,0.2927092611789703,0.0008983971783891,128,102924.0,1.5527866848770654e+20,26980976640,796475648,8,0.0007939629050465,20001587200.0,1.1510270426335044e+20,76294.0,1.37343998233803,1.387361825675261,bin_2
config_1115,1472,27,32,0.0013100655050948,0.8333651423454285,0.9721249938011168,0.2927092611789703,0.0008983971783891,128,102924.0,1.5527866848770654e+20,26980976640,796475648,8,0.0003391877284404,23999283200.0,1.3812354685063732e+20,91553.0,1.339946442393006,1.3535999532117218,bin_2
config_1115,1472,27,32,0.0013100655050948,0.8333651423454285,0.9721249938011168,0.2927092611789703,0.0008983971783891,128,102924.0,1.5527866848770654e+20,26980976640,796475648,8,7.157117533472144e-07,26974617600.0,1.5527866848770654e+20,102924.0,1.3218072181060665,1.3351199901494823,bin_2
config_1116,1280,26,20,0.0719939544796943,0.9367002248764038,0.994900643825531,0.1754687428474426,0.0003392008075024,128,126639.0,1.4518505010930647e+20,33197768704,592642560,16,0.0003392008075024,3997696000.0,1.7493652663223077e+19,15259.0,1.557573718125703,1.5739741836610388,bin_2
config_1116,1280,26,20,0.0719939544796943,0.9367002248764038,0.994900643825531,0.1754687428474426,0.0003392008075024,128,126639.0,1.4518505010930647e+20,33197768704,592642560,16,0.0003392008075024,7995392000.0,3.4987305326446158e+19,30518.0,1.4776107923320083,1.4935722619979108,bin_2
config_1116,1280,26,20,0.0719939544796943,0.9367002248764038,0.994900643825531,0.1754687428474426,0.0003392008075024,128,126639.0,1.4518505010930647e+20,33197768704,592642560,16,0.0003392008075024,12006195200.0,5.24798115414968e+19,45776.0,1.447056610701514,1.4602394210705991,bin_2
config_1116,1280,26,20,0.0719939544796943,0.9367002248764038,0.994900643825531,0.1754687428474426,0.0003392008075024,128,126639.0,1.4518505010930647e+20,33197768704,592642560,16,0.0003392008075024,16003891200.0,6.997346420471987e+19,61035.0,1.4286899054050446,1.4411163410984102,bin_2
config_1116,1280,26,20,0.0719939544796943,0.9367002248764038,0.994900643825531,0.1754687428474426,0.0003392008075024,128,126639.0,1.4518505010930647e+20,33197768704,592642560,16,0.0003392008075024,20001587200.0,8.746711686794296e+19,76294.0,1.4163589545156134,1.4296514221097605,bin_2
config_1116,1280,26,20,0.0719939544796943,0.9367002248764038,0.994900643825531,0.1754687428474426,0.0003392008075024,128,126639.0,1.4518505010930647e+20,33197768704,592642560,16,0.0003392008075024,23999283200.0,1.0496076953116603e+20,91553.0,1.4079072528588967,1.4214084479457043,bin_2
config_1116,1280,26,20,0.0719939544796943,0.9367002248764038,0.994900643825531,0.1754687428474426,0.0003392008075024,128,126639.0,1.4518505010930647e+20,33197768704,592642560,16,0.0003028398730949,27996979200.0,1.224544221943891e+20,106812.0,1.395579725445294,1.4085776513912638,bin_2
config_1116,1280,26,20,0.0719939544796943,0.9367002248764038,0.994900643825531,0.1754687428474426,0.0003392008075024,128,126639.0,1.4518505010930647e+20,33197768704,592642560,16,7.005051553165664e-05,31994675200.0,1.3994692840943976e+20,122070.0,1.3397784049784551,1.3507253584314565,bin_2
config_1116,1280,26,20,0.0719939544796943,0.9367002248764038,0.994900643825531,0.1754687428474426,0.0003392008075024,128,126639.0,1.4518505010930647e+20,33197768704,592642560,16,5.953301603257182e-07,33187430400.0,1.4518505010930649e+20,126639.0,1.3274202280748086,1.3382720786235371,bin_2
config_1117,1600,30,20,0.0366069376468658,0.9826443195343018,0.95505553483963,0.182787150144577,9.398968541063368e-05,128,127920.0,2.4364348300353208e+20,33533679616,1014428800,8,9.398968541063368e-05,3997696000.0,2.9063132482417885e+19,15259.0,1.5793040296679637,1.595303189930369,bin_2
config_1117,1600,30,20,0.0366069376468658,0.9826443195343018,0.95505553483963,0.182787150144577,9.398968541063368e-05,128,127920.0,2.4364348300353208e+20,33533679616,1014428800,8,9.398968541063368e-05,7995392000.0,5.812626496483577e+19,30518.0,1.4767614410548913,1.4920549445074112,bin_2
config_1117,1600,30,20,0.0366069376468658,0.9826443195343018,0.95505553483963,0.182787150144577,9.398968541063368e-05,128,127920.0,2.4364348300353208e+20,33533679616,1014428800,8,9.398968541063368e-05,12006195200.0,8.718749279213324e+19,45776.0,1.4319202659364607,1.4464574372866117,bin_2
config_1117,1600,30,20,0.0366069376468658,0.9826443195343018,0.95505553483963,0.182787150144577,9.398968541063368e-05,128,127920.0,2.4364348300353208e+20,33533679616,1014428800,8,9.398968541063368e-05,16003891200.0,1.1625062527455112e+20,61035.0,1.4041272862915133,1.418691042827778,bin_2
config_1117,1600,30,20,0.0366069376468658,0.9826443195343018,0.95505553483963,0.182787150144577,9.398968541063368e-05,128,127920.0,2.4364348300353208e+20,33533679616,1014428800,8,9.398968541063368e-05,20001587200.0,1.4531375775696904e+20,76294.0,1.384385527860923,1.398859464594575,bin_2
config_1117,1600,30,20,0.0366069376468658,0.9826443195343018,0.95505553483963,0.182787150144577,9.398968541063368e-05,128,127920.0,2.4364348300353208e+20,33533679616,1014428800,8,9.398968541063368e-05,23999283200.0,1.743768902393869e+20,91553.0,1.3699321509287006,1.384271216812681,bin_2
config_1117,1600,30,20,0.0366069376468658,0.9826443195343018,0.95505553483963,0.182787150144577,9.398968541063368e-05,128,127920.0,2.4364348300353208e+20,33533679616,1014428800,8,8.48970214640571e-05,27996979200.0,2.034400227218048e+20,106812.0,1.3553069317145423,1.369409213417866,bin_2
config_1117,1600,30,20,0.0366069376468658,0.9826443195343018,0.95505553483963,0.182787150144577,9.398968541063368e-05,128,127920.0,2.4364348300353208e+20,33533679616,1014428800,8,2.3595905113352998e-05,31994675200.0,2.3250125054910225e+20,122070.0,1.3183011912224722,1.332149263708318,bin_2
config_1117,1600,30,20,0.0366069376468658,0.9826443195343018,0.95505553483963,0.182787150144577,9.398968541063368e-05,128,127920.0,2.4364348300353208e+20,33533679616,1014428800,8,8.03949066894476e-08,33528217600.0,2.4364348300353208e+20,127920.0,1.309327686253141,1.32300209667839,bin_2
config_112,896,23,16,0.0061714705079793,0.9794992208480836,0.931119441986084,0.2892825305461883,0.0001902689546113,64,71354.0,20290701184668794880,9352611840,277218816,8,0.0001902689546113,1592524800.0,3.4610270499005507e+18,12171.0,1.7156449012287327,1.7339094505739994,bin_2
config_112,896,23,16,0.0061714705079793,0.9794992208480836,0.931119441986084,0.2892825305461883,0.0001902689546113,64,71354.0,20290701184668794880,9352611840,277218816,8,0.0001902689546113,3191603200.0,6.922054099801101e+18,24342.0,1.6229025831769723,1.6404080678009596,bin_2
config_112,896,23,16,0.0061714705079793,0.9794992208480836,0.931119441986084,0.2892825305461883,0.0001902689546113,64,71354.0,20290701184668794880,9352611840,277218816,8,0.0001902689546113,4784128000.0,1.0383365516397068e+19,36514.0,1.582056878238428,1.5973401530453415,bin_2
config_112,896,23,16,0.0061714705079793,0.9794992208480836,0.931119441986084,0.2892825305461883,0.0001902689546113,64,71354.0,20290701184668794880,9352611840,277218816,8,0.0001902689546113,6383206400.0,1.3844392566297618e+19,48685.0,1.5573625213005504,1.572449242912355,bin_2
config_112,896,23,16,0.0061714705079793,0.9794992208480836,0.931119441986084,0.2892825305461883,0.0001902689546113,64,71354.0,20290701184668794880,9352611840,277218816,8,9.682598223138272e-05,7975731200.0,1.7305419616198169e+19,60856.0,1.512642250207604,1.5270905033095938,bin_2
config_112,896,23,16,0.0061714705079793,0.9794992208480836,0.931119441986084,0.2892825305461883,0.0001902689546113,64,71354.0,20290701184668794880,9352611840,277218816,8,3.687204197692982e-08,9351987200.0,2.0290701184668795e+19,71354.0,1.4777667775701304,1.4933820006397904,bin_2
config_1120,1536,29,32,0.0368554182350635,0.8331800699234009,0.967972218990326,0.2739791572093963,2.841128116415348e-05,128,110316.0,1.8751699840405812e+20,28918724608,898351104,8,2.841128116415348e-05,3997696000.0,2.5937505698606936e+19,15259.0,1.711286130107817,1.729684484884387,bin_2
config_1120,1536,29,32,0.0368554182350635,0.8331800699234009,0.967972218990326,0.2739791572093963,2.841128116415348e-05,128,110316.0,1.8751699840405812e+20,28918724608,898351104,8,2.841128116415348e-05,7995392000.0,5.187501139721387e+19,30518.0,1.5766600732725176,1.593985192306706,bin_2
config_1120,1536,29,32,0.0368554182350635,0.8331800699234009,0.967972218990326,0.2739791572093963,2.841128116415348e-05,128,110316.0,1.8751699840405812e+20,28918724608,898351104,8,2.841128116415348e-05,12006195200.0,7.781081727894562e+19,45776.0,1.519907745220622,1.5365770551611166,bin_2
config_1120,1536,29,32,0.0368554182350635,0.8331800699234009,0.967972218990326,0.2739791572093963,2.841128116415348e-05,128,110316.0,1.8751699840405812e+20,28918724608,898351104,8,2.841128116415348e-05,16003891200.0,1.0374832297755256e+20,61035.0,1.4817522645485206,1.4979931626554397,bin_2
config_1120,1536,29,32,0.0368554182350635,0.8331800699234009,0.967972218990326,0.2739791572093963,2.841128116415348e-05,128,110316.0,1.8751699840405812e+20,28918724608,898351104,8,2.841128116415348e-05,20001587200.0,1.2968582867615949e+20,76294.0,1.4565681973637128,1.4716672613581674,bin_2
config_1120,1536,29,32,0.0368554182350635,0.8331800699234009,0.967972218990326,0.2739791572093963,2.841128116415348e-05,128,110316.0,1.8751699840405812e+20,28918724608,898351104,8,1.7640487768875868e-05,23999283200.0,1.556233343747664e+20,91553.0,1.426159773625311,1.4407411021287324,bin_2
config_1120,1536,29,32,0.0368554182350635,0.8331800699234009,0.967972218990326,0.2739791572093963,2.841128116415348e-05,128,110316.0,1.8751699840405812e+20,28918724608,898351104,8,3.305123894030031e-06,27996979200.0,1.815608400733734e+20,106812.0,1.4012308531901876,1.4154634116419027,bin_2
config_1120,1536,29,32,0.0368554182350635,0.8331800699234009,0.967972218990326,0.2739791572093963,2.841128116415348e-05,128,110316.0,1.8751699840405812e+20,28918724608,898351104,8,1.5040381770331272e-08,28914483200.0,1.875169984040581e+20,110316.0,1.3984599226420042,1.4126987621530158,bin_2
config_1121,1344,25,24,0.0011421790113672,0.8829002380371094,0.9947223663330078,0.0991189107298851,5.194485856918618e-05,128,143319.0,1.6841200928406582e+20,37570228224,609541632,16,5.194485856918618e-05,3997696000.0,1.7930622245937803e+19,15259.0,1.671891447598817,1.689607943081465,bin_2
config_1121,1344,25,24,0.0011421790113672,0.8829002380371094,0.9947223663330078,0.0991189107298851,5.194485856918618e-05,128,143319.0,1.6841200928406582e+20,37570228224,609541632,16,5.194485856918618e-05,7995392000.0,3.586124449187561e+19,30518.0,1.5500082017945462,1.5667193443657923,bin_2
config_1121,1344,25,24,0.0011421790113672,0.8829002380371094,0.9947223663330078,0.0991189107298851,5.194485856918618e-05,128,143319.0,1.6841200928406582e+20,37570228224,609541632,16,5.194485856918618e-05,12006195200.0,5.379069165279828e+19,45776.0,1.4978680263581825,1.511755006039729,bin_2
config_1121,1344,25,24,0.0011421790113672,0.8829002380371094,0.9947223663330078,0.0991189107298851,5.194485856918618e-05,128,143319.0,1.6841200928406582e+20,37570228224,609541632,16,5.194485856918618e-05,16003891200.0,7.172131389873609e+19,61035.0,1.4648823670871922,1.4785542162910836,bin_2
config_1121,1344,25,24,0.0011421790113672,0.8829002380371094,0.9947223663330078,0.0991189107298851,5.194485856918618e-05,128,143319.0,1.6841200928406582e+20,37570228224,609541632,16,5.194485856918618e-05,20001587200.0,8.965193614467388e+19,76294.0,1.440578454009822,1.4548628611251957,bin_2
config_1121,1344,25,24,0.0011421790113672,0.8829002380371094,0.9947223663330078,0.0991189107298851,5.194485856918618e-05,128,143319.0,1.6841200928406582e+20,37570228224,609541632,16,5.194485856918618e-05,23999283200.0,1.0758255839061167e+20,91553.0,1.4231721900721066,1.4373509525471049,bin_2
config_1121,1344,25,24,0.0011421790113672,0.8829002380371094,0.9947223663330078,0.0991189107298851,5.194485856918618e-05,128,143319.0,1.6841200928406582e+20,37570228224,609541632,16,5.194485856918618e-05,27996979200.0,1.255131806365495e+20,106812.0,1.4097893658231515,1.4235162106107493,bin_2
config_1121,1344,25,24,0.0011421790113672,0.8829002380371094,0.9947223663330078,0.0991189107298851,5.194485856918618e-05,128,143319.0,1.6841200928406582e+20,37570228224,609541632,16,5.194485856918618e-05,31994675200.0,1.4344262779747218e+20,122070.0,1.3991978936898903,1.4125427295731716,bin_2
config_1121,1344,25,24,0.0011421790113672,0.8829002380371094,0.9947223663330078,0.0991189107298851,5.194485856918618e-05,128,143319.0,1.6841200928406582e+20,37570228224,609541632,16,2.1827445322032545e-05,36005478400.0,1.6137325004341e+20,137329.0,1.373455768882251,1.387476960205641,bin_2
config_1121,1344,25,24,0.0011421790113672,0.8829002380371094,0.9947223663330078,0.0991189107298851,5.194485856918618e-05,128,143319.0,1.6841200928406582e+20,37570228224,609541632,16,6.947921948712021e-08,37565235200.0,1.6841200928406582e+20,143319.0,1.3628221341430165,1.3766886687669595,bin_2
config_1122,1280,26,32,0.0036145308986306,0.9182906150817872,0.940283477306366,0.0731818750500679,8.041295950533822e-05,128,29447.0,3.3759808448259686e+19,7719460864,592642560,16,8.041295950533822e-05,3997696000.0,1.7493833569191924e+19,15259.0,1.6125510786009616,1.630326009500222,bin_2
config_1122,1280,26,32,0.0036145308986306,0.9182906150817872,0.940283477306366,0.0731818750500679,8.041295950533822e-05,128,29447.0,3.3759808448259686e+19,7719460864,592642560,16,1.7546003234683829e-06,7707033600.0,3.3759808448259686e+19,29447.0,1.5003767463809154,1.5165367586104597,bin_2
config_1123,1600,30,20,0.1094068512320518,0.9641364216804504,0.9542818665504456,0.2514043748378753,0.0040754959918558,128,125111.0,2.3829189837060833e+20,32797118464,1014428800,8,0.0040754959918558,3997696000.0,2.90629607087875e+19,15259.0,1.6561685209196122,1.6729775499124997,bin_2
config_1123,1600,30,20,0.1094068512320518,0.9641364216804504,0.9542818665504456,0.2514043748378753,0.0040754959918558,128,125111.0,2.3829189837060833e+20,32797118464,1014428800,8,0.0040754959918558,7995392000.0,5.8125921417575e+19,30518.0,1.62405169397104,1.641069703297537,bin_2
config_1123,1600,30,20,0.1094068512320518,0.9641364216804504,0.9542818665504456,0.2514043748378753,0.0040754959918558,128,125111.0,2.3829189837060833e+20,32797118464,1014428800,8,0.0040754959918558,12006195200.0,8.718697748249928e+19,45776.0,1.621676038581817,1.6387110007981784,bin_2
config_1123,1600,30,20,0.1094068512320518,0.9641364216804504,0.9542818665504456,0.2514043748378753,0.0040754959918558,128,125111.0,2.3829189837060833e+20,32797118464,1014428800,8,0.0040754959918558,16003891200.0,1.1624993819128676e+20,61035.0,1.6136771996490291,1.6308725673839697,bin_2
config_1123,1600,30,20,0.1094068512320518,0.9641364216804504,0.9542818665504456,0.2514043748378753,0.0040754959918558,128,125111.0,2.3829189837060833e+20,32797118464,1014428800,8,0.0040754959918558,20001587200.0,1.4531289890007428e+20,76294.0,1.6176804447174071,1.6338667614733586,bin_2
config_1123,1600,30,20,0.1094068512320518,0.9641364216804504,0.9542818665504456,0.2514043748378753,0.0040754959918558,128,125111.0,2.3829189837060833e+20,32797118464,1014428800,8,0.0040754959918558,23999283200.0,1.7437585960886177e+20,91553.0,1.6151923777236312,1.6317071577955464,bin_2
config_1123,1600,30,20,0.1094068512320518,0.9641364216804504,0.9542818665504456,0.2514043748378753,0.0040754959918558,128,125111.0,2.3829189837060833e+20,32797118464,1014428800,8,0.002372632407302,27996979200.0,2.0343882031764924e+20,106812.0,1.545490827257516,1.5611723938340047,bin_2
config_1123,1600,30,20,0.1094068512320518,0.9641364216804504,0.9542818665504456,0.2514043748378753,0.0040754959918558,128,125111.0,2.3829189837060833e+20,32797118464,1014428800,8,0.0003966264976654,31994675200.0,2.3249987638257356e+20,122070.0,1.403754239336389,1.4182117274647854,bin_2
config_1123,1600,30,20,0.1094068512320518,0.9641364216804504,0.9542818665504456,0.2514043748378753,0.0040754959918558,128,125111.0,2.3829189837060833e+20,32797118464,1014428800,8,1.425315738098204e-06,32794214400.0,2.3829189837060837e+20,125111.0,1.3664027423643674,1.3802855785752906,bin_2
config_1125,1280,25,32,0.0115262353792786,0.8235399127006531,0.9827826619148254,0.2670885920524597,7.205586734926328e-05,128,116777.0,1.2918429448874754e+20,30612512768,572323840,16,7.205586734926328e-05,3997696000.0,1.688023454621885e+19,15259.0,1.6442139340619573,1.661960991288795,bin_2
config_1125,1280,25,32,0.0115262353792786,0.8235399127006531,0.9827826619148254,0.2670885920524597,7.205586734926328e-05,128,116777.0,1.2918429448874754e+20,30612512768,572323840,16,7.205586734926328e-05,7995392000.0,3.37604690924377e+19,30518.0,1.535671516480993,1.5524429862616491,bin_2
config_1125,1280,25,32,0.0115262353792786,0.8235399127006531,0.9827826619148254,0.2670885920524597,7.205586734926328e-05,128,116777.0,1.2918429448874754e+20,30612512768,572323840,16,7.205586734926328e-05,12006195200.0,5.06395973908981e+19,45776.0,1.4891312104756715,1.50241219973955,bin_2
config_1125,1280,25,32,0.0115262353792786,0.8235399127006531,0.9827826619148254,0.2670885920524597,7.205586734926328e-05,128,116777.0,1.2918429448874754e+20,30612512768,572323840,16,7.205586734926328e-05,16003891200.0,6.751983193711696e+19,61035.0,1.459332112601546,1.472249081173881,bin_2
config_1125,1280,25,32,0.0115262353792786,0.8235399127006531,0.9827826619148254,0.2670885920524597,7.205586734926328e-05,128,116777.0,1.2918429448874754e+20,30612512768,572323840,16,7.205586734926328e-05,20001587200.0,8.44000664833358e+19,76294.0,1.4367752854355047,1.4509607188428035,bin_2
config_1125,1280,25,32,0.0115262353792786,0.8235399127006531,0.9827826619148254,0.2670885920524597,7.205586734926328e-05,128,116777.0,1.2918429448874754e+20,30612512768,572323840,16,5.8281873917723066e-05,23999283200.0,1.0128030102955463e+20,91553.0,1.4149728274736249,1.4290852367291684,bin_2
config_1125,1280,25,32,0.0115262353792786,0.8235399127006531,0.9827826619148254,0.2670885920524597,7.205586734926328e-05,128,116777.0,1.2918429448874754e+20,30612512768,572323840,16,2.3049837716618027e-05,27996979200.0,1.1816053557577353e+20,106812.0,1.3876934976655928,1.4009857498622331,bin_2
config_1125,1280,25,32,0.0115262353792786,0.8235399127006531,0.9827826619148254,0.2670885920524597,7.205586734926328e-05,128,116777.0,1.2918429448874754e+20,30612512768,572323840,16,6.237803130687417e-08,30605312000.0,1.2918429448874754e+20,116777.0,1.3760831761360168,1.3890895911122931,bin_2
config_1126,1472,25,32,0.0117473844438791,0.8142244219779968,0.9154949188232422,0.0321000888943672,0.0018840652192011,128,75321.0,1.0586778800155184e+20,19745175552,742959616,8,0.0018840652192011,3997696000.0,2.144735966218823e+19,15259.0,1.535720240503061,1.552110149547702,bin_2
config_1126,1472,25,32,0.0117473844438791,0.8142244219779968,0.9154949188232422,0.0321000888943672,0.0018840652192011,128,75321.0,1.0586778800155184e+20,19745175552,742959616,8,0.0018840652192011,7995392000.0,4.289471932437646e+19,30518.0,1.4739372322207591,1.4891866443880268,bin_2
config_1126,1472,25,32,0.0117473844438791,0.8142244219779968,0.9154949188232422,0.0321000888943672,0.0018840652192011,128,75321.0,1.0586778800155184e+20,19745175552,742959616,8,0.0018840652192011,12006195200.0,6.434067343183225e+19,45776.0,1.4483482105419283,1.463142627790326,bin_2
config_1126,1472,25,32,0.0117473844438791,0.8142244219779968,0.9154949188232422,0.0321000888943672,0.0018840652192011,128,75321.0,1.0586778800155184e+20,19745175552,742959616,8,0.0018840652192011,16003891200.0,8.578803309402048e+19,61035.0,1.4325728353125151,1.4472743330627191,bin_2
config_1126,1472,25,32,0.0117473844438791,0.8142244219779968,0.9154949188232422,0.0321000888943672,0.0018840652192011,128,75321.0,1.0586778800155184e+20,19745175552,742959616,8,1.6369619198685834e-05,19739443200.0,1.0586778800155184e+20,75321.0,1.369760171018663,1.3830918924046345,bin_2
config_1127,1472,29,32,0.0010006204247474,0.8692653775215149,0.907120645046234,0.2647538781166076,0.0003134869330096,128,52626.0,8.482360990248862e+19,13795756032,849991680,8,0.0003134869330096,3997696000.0,2.459475285034154e+19,15259.0,1.5546425925121932,1.5707313472716535,bin_2
config_1127,1472,29,32,0.0010006204247474,0.8692653775215149,0.907120645046234,0.2647538781166076,0.0003134869330096,128,52626.0,8.482360990248862e+19,13795756032,849991680,8,0.0003134869330096,7995392000.0,4.918950570068308e+19,30518.0,1.4795658719637357,1.4954688888885936,bin_2
config_1127,1472,29,32,0.0010006204247474,0.8692653775215149,0.907120645046234,0.2647538781166076,0.0003134869330096,128,52626.0,8.482360990248862e+19,13795756032,849991680,8,0.0001535932963482,12006195200.0,7.378264673158361e+19,45776.0,1.4176010161345125,1.4328382276413871,bin_2
config_1127,1472,29,32,0.0010006204247474,0.8692653775215149,0.907120645046234,0.2647538781166076,0.0003134869330096,128,52626.0,8.482360990248862e+19,13795756032,849991680,8,5.850316005062239e-07,13788774400.0,8.482360990248862e+19,52626.0,1.3862989526987075,1.4010945001391113,bin_2
config_1128,1344,30,32,0.0081772189587354,0.8901543617248535,0.9422702193260192,0.032192625105381,0.0003496087447274,64,58831.0,4.085414424524921e+19,7711204352,717935232,8,0.0003496087447274,3997696000.0,2.119268368847233e+19,30518.0,1.560966669350374,1.5768676147695448,bin_2
config_1128,1344,30,32,0.0081772189587354,0.8901543617248535,0.9422702193260192,0.032192625105381,0.0003496087447274,64,58831.0,4.085414424524921e+19,7711204352,717935232,8,5.725235650581558e-06,7707033600.0,4.085414424524921e+19,58831.0,1.4574582682476669,1.472098805073832,bin_2
config_1129,1536,27,32,0.0174107775092124,0.8687940835952759,0.9572368860244752,0.054926797747612,0.000904927146621,128,64820.0,1.031269445465266e+20,16992299008,841721856,8,0.000904927146621,3997696000.0,2.4276674588636983e+19,15259.0,1.5206499649950715,1.5370694226515098,bin_2
config_1129,1536,27,32,0.0174107775092124,0.8687940835952759,0.9572368860244752,0.054926797747612,0.000904927146621,128,64820.0,1.031269445465266e+20,16992299008,841721856,8,0.000904927146621,7995392000.0,4.855334917727397e+19,30518.0,1.454534135245886,1.46989497002031,bin_2
config_1129,1536,27,32,0.0174107775092124,0.8687940835952759,0.9572368860244752,0.054926797747612,0.000904927146621,128,64820.0,1.031269445465266e+20,16992299008,841721856,8,0.000904927146621,12006195200.0,7.282843279175873e+19,45776.0,1.4258019099470045,1.4407115995102242,bin_2
config_1129,1536,27,32,0.0174107775092124,0.8687940835952759,0.9572368860244752,0.054926797747612,0.000904927146621,128,64820.0,1.031269445465266e+20,16992299008,841721856,8,0.000904927146621,16003891200.0,9.710510738039572e+19,61035.0,1.4081201602787268,1.422687252818561,bin_2
config_1129,1536,27,32,0.0174107775092124,0.8687940835952759,0.9572368860244752,0.054926797747612,0.000904927146621,128,64820.0,1.031269445465266e+20,16992299008,841721856,8,5.083860374275641e-06,16986931200.0,1.031269445465266e+20,64820.0,1.3580405601419383,1.3721174868990162,bin_2
config_113,512,18,16,0.1424849778413772,0.8090534806251526,0.9306409358978271,0.2011738568544387,0.0004382849729154,64,37865.0,3717315749427019776,4963081216,87102464,8,0.0004382849729154,1592524800.0,1.1948620094091182e+18,12171.0,1.8214172514096167,1.8412737565319164,bin_1
config_113,512,18,16,0.1424849778413772,0.8090534806251526,0.9306409358978271,0.2011738568544387,0.0004382849729154,64,37865.0,3717315749427019776,4963081216,87102464,8,0.0004382849729154,3191603200.0,2.3897240188182364e+18,24342.0,1.7735998742473664,1.7921342752923,bin_1
config_113,512,18,16,0.1424849778413772,0.8090534806251526,0.9306409358978271,0.2011738568544387,0.0004382849729154,64,37865.0,3717315749427019776,4963081216,87102464,8,7.854260050276434e-05,4784128000.0,3.5846842010980644e+18,36514.0,1.6618701692368043,1.6769419797038665,bin_1
config_113,512,18,16,0.1424849778413772,0.8090534806251526,0.9306409358978271,0.2011738568544387,0.0004382849729154,64,37865.0,3717315749427019776,4963081216,87102464,8,8.631055000303512e-07,4961075200.0,3.71731574942702e+18,37865.0,1.6472754156178828,1.661956813537074,bin_1
config_1130,1408,30,32,0.0020257038995623,0.9087026715278624,0.9221580028533936,0.16835318505764,4.205034565529786e-05,128,43605.0,6.64111091983901e+19,11430811648,795376384,8,4.205034565529786e-05,3997696000.0,2.3239699925656105e+19,15259.0,1.6527228264730485,1.6710043213211123,bin_2
config_1130,1408,30,32,0.0020257038995623,0.9087026715278624,0.9221580028533936,0.16835318505764,4.205034565529786e-05,128,43605.0,6.64111091983901e+19,11430811648,795376384,8,4.205034565529786e-05,7995392000.0,4.647939985131221e+19,30518.0,1.5499548355184618,1.5665931529881525,bin_2
config_1130,1408,30,32,0.0020257038995623,0.9087026715278624,0.9221580028533936,0.16835318505764,4.205034565529786e-05,128,43605.0,6.64111091983901e+19,11430811648,795376384,8,2.86407476197373e-08,11429478400.0,6.64111091983901e+19,43605.0,1.4821787265285116,1.4979449202779864,bin_2
config_1131,1600,30,20,0.1241265162825584,0.8576388359069824,0.9283434152603148,0.1140714064240455,0.003375967266038,64,64947.0,6.185127691109007e+19,8512851968,1014428800,8,0.003375967266038,3997696000.0,2.906334809571877e+19,30518.0,3.776051578756239,3.814433855971352,bin_2
config_1131,1600,30,20,0.1241265162825584,0.8576388359069824,0.9283434152603148,0.1140714064240455,0.003375967266038,64,64947.0,6.185127691109007e+19,8512851968,1014428800,8,0.0017759374238323,8001945600.0,5.812574385681221e+19,61035.0,3.722469500088301,3.73826581829884,bin_2
config_1131,1600,30,20,0.1241265162825584,0.8576388359069824,0.9283434152603148,0.1140714064240455,0.003375967266038,64,64947.0,6.185127691109007e+19,8512851968,1014428800,8,2.14187987991072e-05,8506572800.0,6.185127691109007e+19,64947.0,3.4262692456558104,3.4635078193320603,bin_2
config_1132,1600,27,40,0.0019838027656078,0.8672242164611816,0.9308680295944214,0.0564438886940479,6.737220246577635e-05,128,127420.0,2.200329714545197e+20,33402413056,921030400,8,6.737220246577635e-05,3997696000.0,2.634973404037448e+19,15259.0,1.6364144563674927,1.6535828485840656,bin_2
config_1132,1600,27,40,0.0019838027656078,0.8672242164611816,0.9308680295944214,0.0564438886940479,6.737220246577635e-05,128,127420.0,2.200329714545197e+20,33402413056,921030400,8,6.737220246577635e-05,7995392000.0,5.269946808074896e+19,30518.0,1.5277790995504037,1.5437531992255664,bin_2
config_1132,1600,27,40,0.0019838027656078,0.8672242164611816,0.9308680295944214,0.0564438886940479,6.737220246577635e-05,128,127420.0,2.200329714545197e+20,33402413056,921030400,8,6.737220246577635e-05,12006195200.0,7.90474752888251e+19,45776.0,1.4793138703166462,1.494488219296346,bin_2
config_1132,1600,27,40,0.0019838027656078,0.8672242164611816,0.9308680295944214,0.0564438886940479,6.737220246577635e-05,128,127420.0,2.200329714545197e+20,33402413056,921030400,8,6.737220246577635e-05,16003891200.0,1.0539720932919958e+20,61035.0,1.451020314263516,1.4661763417232232,bin_2
config_1132,1600,27,40,0.0019838027656078,0.8672242164611816,0.9308680295944214,0.0564438886940479,6.737220246577635e-05,128,127420.0,2.200329714545197e+20,33402413056,921030400,8,6.737220246577635e-05,20001587200.0,1.3174694336957407e+20,76294.0,1.4311657590944258,1.4462040352528212,bin_2
config_1132,1600,27,40,0.0019838027656078,0.8672242164611816,0.9308680295944214,0.0564438886940479,6.737220246577635e-05,128,127420.0,2.200329714545197e+20,33402413056,921030400,8,6.737220246577635e-05,23999283200.0,1.5809667740994853e+20,91553.0,1.410683332222407,1.425042643859738,bin_2
config_1132,1600,27,40,0.0019838027656078,0.8672242164611816,0.9308680295944214,0.0564438886940479,6.737220246577635e-05,128,127420.0,2.200329714545197e+20,33402413056,921030400,8,6.737220246577635e-05,27996979200.0,1.84446411450323e+20,106812.0,1.4004354730981294,1.414748651619817,bin_2
config_1132,1600,27,40,0.0019838027656078,0.8672242164611816,0.9308680295944214,0.0564438886940479,6.737220246577635e-05,128,127420.0,2.200329714545197e+20,33402413056,921030400,8,5.030432803687695e-05,31994675200.0,2.107944186583992e+20,122070.0,1.3833177724822625,1.397605226596848,bin_2
config_1132,1600,27,40,0.0019838027656078,0.8672242164611816,0.9308680295944214,0.0564438886940479,6.737220246577635e-05,128,127420.0,2.200329714545197e+20,33402413056,921030400,8,1.873531770460972e-07,33397145600.0,2.200329714545197e+20,127420.0,1.3580567797871888,1.372113282885708,bin_2
config_1133,1472,25,32,0.0214067250490188,0.924767792224884,0.9566057920455932,0.0792172774672508,1.8380633264314383e-05,128,79193.0,1.1130950619078879e+20,20760098816,742959616,8,1.8380633264314383e-05,3997696000.0,2.14472460314074e+19,15259.0,1.7909349039148112,1.8106192419568048,bin_2
config_1133,1472,25,32,0.0214067250490188,0.924767792224884,0.9566057920455932,0.0792172774672508,1.8380633264314383e-05,128,79193.0,1.1130950619078879e+20,20760098816,742959616,8,1.8380633264314383e-05,7995392000.0,4.28944920628148e+19,30518.0,1.643379804384513,1.6616607949186544,bin_2
config_1133,1472,25,32,0.0214067250490188,0.924767792224884,0.9566057920455932,0.0792172774672508,1.8380633264314383e-05,128,79193.0,1.1130950619078879e+20,20760098816,742959616,8,1.8380633264314383e-05,12006195200.0,6.434033254693657e+19,45776.0,1.5789559147201602,1.5962463306598975,bin_2
config_1133,1472,25,32,0.0214067250490188,0.924767792224884,0.9566057920455932,0.0792172774672508,1.8380633264314383e-05,128,79193.0,1.1130950619078879e+20,20760098816,742959616,8,1.8380633264314383e-05,16003891200.0,8.578757857834397e+19,61035.0,1.539052296202691,1.5557803839347402,bin_2
config_1133,1472,25,32,0.0214067250490188,0.924767792224884,0.9566057920455932,0.0792172774672508,1.8380633264314383e-05,128,79193.0,1.1130950619078879e+20,20760098816,742959616,8,8.47683278075267e-06,20001587200.0,1.0723482460975137e+20,76294.0,1.498651332298263,1.5146778785791553,bin_2
config_1133,1472,25,32,0.0214067250490188,0.924767792224884,0.9566057920455932,0.0792172774672508,1.8380633264314383e-05,128,79193.0,1.1130950619078879e+20,20760098816,742959616,8,1.2599509490921653e-07,20748697600.0,1.113095061907888e+20,79193.0,1.487146246237833,1.5030245985164017,bin_2
config_1134,1536,25,32,0.0026286968495696,0.8842588663101196,0.9127514958381652,0.211633026599884,0.0025102596264332,128,131155.0,1.9438700673359256e+20,34381631488,785092608,8,0.0025102596264332,3997696000.0,2.261561767182257e+19,15259.0,1.5344478656522562,1.550874884519421,bin_2
config_1134,1536,25,32,0.0026286968495696,0.8842588663101196,0.9127514958381652,0.211633026599884,0.0025102596264332,128,131155.0,1.9438700673359256e+20,34381631488,785092608,8,0.0025102596264332,7995392000.0,4.523123534364514e+19,30518.0,1.461358157533114,1.476737198917592,bin_2
config_1134,1536,25,32,0.0026286968495696,0.8842588663101196,0.9127514958381652,0.211633026599884,0.0025102596264332,128,131155.0,1.9438700673359256e+20,34381631488,785092608,8,0.0025102596264332,12006195200.0,6.784537089883674e+19,45776.0,1.4310308537326877,1.4458206068883177,bin_2
config_1134,1536,25,32,0.0026286968495696,0.8842588663101196,0.9127514958381652,0.211633026599884,0.0025102596264332,128,131155.0,1.9438700673359256e+20,34381631488,785092608,8,0.0025102596264332,16003891200.0,9.04609885706593e+19,61035.0,1.4124722224571666,1.427148732982698,bin_2
config_1134,1536,25,32,0.0026286968495696,0.8842588663101196,0.9127514958381652,0.211633026599884,0.0025102596264332,128,131155.0,1.9438700673359256e+20,34381631488,785092608,8,0.0025102596264332,20001587200.0,1.1307660624248188e+20,76294.0,1.399938935442049,1.4144274853096634,bin_2
config_1134,1536,25,32,0.0026286968495696,0.8842588663101196,0.9127514958381652,0.211633026599884,0.0025102596264332,128,131155.0,1.9438700673359256e+20,34381631488,785092608,8,0.0025102596264332,23999283200.0,1.3569222391430444e+20,91553.0,1.3943584883213045,1.4083141784101236,bin_2
config_1134,1536,25,32,0.0026286968495696,0.8842588663101196,0.9127514958381652,0.211633026599884,0.0025102596264332,128,131155.0,1.9438700673359256e+20,34381631488,785092608,8,0.0022026723303711,27996979200.0,1.58307841586127e+20,106812.0,1.3814476316092443,1.3951425911754858,bin_2
config_1134,1536,25,32,0.0026286968495696,0.8842588663101196,0.9127514958381652,0.211633026599884,0.0025102596264332,128,131155.0,1.9438700673359256e+20,34381631488,785092608,8,0.0008234584918098,31994675200.0,1.809219771413186e+20,122070.0,1.3431631825497894,1.3564107966813883,bin_2
config_1134,1536,25,32,0.0026286968495696,0.8842588663101196,0.9127514958381652,0.211633026599884,0.0025102596264332,128,131155.0,1.9438700673359256e+20,34381631488,785092608,8,4.522012585447301e-07,34380185600.0,1.9438700673359256e+20,131155.0,1.3234622767421065,1.3362135404055235,bin_2
config_1135,1600,28,32,0.0753447189927101,0.9284706115722656,0.9950299859046936,0.2267340570688247,0.0001034798042383,128,55979.0,9.998528251041546e+19,14674720768,952163200,8,0.0001034798042383,3997696000.0,2.725442444178048e+19,15259.0,1.5806723827221354,1.598282820513991,bin_2
config_1135,1600,28,32,0.0753447189927101,0.9284706115722656,0.9950299859046936,0.2267340570688247,0.0001034798042383,128,55979.0,9.998528251041546e+19,14674720768,952163200,8,0.0001034798042383,7995392000.0,5.450884888356096e+19,30518.0,1.4862078433056347,1.5020158242690758,bin_2
config_1135,1600,28,32,0.0753447189927101,0.9284706115722656,0.9950299859046936,0.2267340570688247,0.0001034798042383,128,55979.0,9.998528251041546e+19,14674720768,952163200,8,8.299093344955102e-05,12006195200.0,8.176148720407257e+19,45776.0,1.4356843619170736,1.4510195409763054,bin_2
config_1135,1600,28,32,0.0753447189927101,0.9284706115722656,0.9950299859046936,0.2267340570688247,0.0001034798042383,128,55979.0,9.998528251041546e+19,14674720768,952163200,8,2.3644140583916926e-07,14666956800.0,9.998528251041546e+19,55979.0,1.3854403001070024,1.4001901990077534,bin_2
config_1136,1280,30,40,0.0849883630871772,0.8015949726104736,0.971677839756012,0.2765438854694366,0.0005485871224664,128,138159.0,1.8060902749200974e+20,36217749504,673917440,8,0.0005485871224664,3997696000.0,1.9947402272024093e+19,15259.0,1.5727321845586182,1.5896308526641032,bin_2
config_1136,1280,30,40,0.0849883630871772,0.8015949726104736,0.971677839756012,0.2765438854694366,0.0005485871224664,128,138159.0,1.8060902749200974e+20,36217749504,673917440,8,0.0005485871224664,7995392000.0,3.9894804544048185e+19,30518.0,1.500254597800677,1.5158603100893928,bin_2
config_1136,1280,30,40,0.0849883630871772,0.8015949726104736,0.971677839756012,0.2765438854694366,0.0005485871224664,128,138159.0,1.8060902749200974e+20,36217749504,673917440,8,0.0005485871224664,12006195200.0,5.984089956118847e+19,45776.0,1.480077557768978,1.493979198678595,bin_2
config_1136,1280,30,40,0.0849883630871772,0.8015949726104736,0.971677839756012,0.2765438854694366,0.0005485871224664,128,138159.0,1.8060902749200974e+20,36217749504,673917440,8,0.0005485871224664,16003891200.0,7.978830183321256e+19,61035.0,1.457473090515762,1.4725008455749418,bin_2
config_1136,1280,30,40,0.0849883630871772,0.8015949726104736,0.971677839756012,0.2765438854694366,0.0005485871224664,128,138159.0,1.8060902749200974e+20,36217749504,673917440,8,0.0005485871224664,20001587200.0,9.973570410523664e+19,76294.0,1.4459313853940026,1.4607264263414943,bin_2
config_1136,1280,30,40,0.0849883630871772,0.8015949726104736,0.971677839756012,0.2765438854694366,0.0005485871224664,128,138159.0,1.8060902749200974e+20,36217749504,673917440,8,0.0005485871224664,23999283200.0,1.1968310637726074e+20,91553.0,1.4382406168394402,1.452901384107402,bin_2
config_1136,1280,30,40,0.0849883630871772,0.8015949726104736,0.971677839756012,0.2765438854694366,0.0005485871224664,128,138159.0,1.8060902749200974e+20,36217749504,673917440,8,0.0004502615639391,27996979200.0,1.3963050864928485e+20,106812.0,1.4169412223335172,1.4315525911675124,bin_2
config_1136,1280,30,40,0.0849883630871772,0.8015949726104736,0.971677839756012,0.2765438854694366,0.0005485871224664,128,138159.0,1.8060902749200974e+20,36217749504,673917440,8,0.00023129766681,31994675200.0,1.5957660366642512e+20,122070.0,1.3716186355274231,1.3852921221881616,bin_2
config_1136,1280,30,40,0.0849883630871772,0.8015949726104736,0.971677839756012,0.2765438854694366,0.0005485871224664,128,138159.0,1.8060902749200974e+20,36217749504,673917440,8,1.1615855264096393e-05,36005478400.0,1.7952400593844922e+20,137329.0,1.3191005207378357,1.333601991758972,bin_2
config_1136,1280,30,40,0.0849883630871772,0.8015949726104736,0.971677839756012,0.2765438854694366,0.0005485871224664,128,138159.0,1.8060902749200974e+20,36217749504,673917440,8,1.292245950270093e-07,36215193600.0,1.806090274920097e+20,138159.0,1.3181392450117675,1.3326098086306306,bin_2
config_1137,1344,27,32,0.0013138176873326,0.838649332523346,0.934540629386902,0.1262453645467758,0.0076928930357098,128,30518.0,1.7237260279763436e+20,35845505024,652899072,16,0.0076928930357098,17922752512.0,1.7237260279763436e+20,15259.0,3.384958769688841,3.405795709422377,bin_2
config_1137,1344,27,32,0.0013138176873326,0.838649332523346,0.934540629386902,0.1262453645467758,0.0076928930357098,128,30518.0,1.7237260279763436e+20,35845505024,652899072,16,0.0,35845505024.0,1.7237260279763436e+20,30518.0,3.64737075618056,3.6717704644750375,bin_2
config_1138,1472,26,32,0.0502545610070228,0.935885727405548,0.9951637983322144,0.2278786450624466,3.290242239017971e-05,128,122759.0,1.7887400983925726e+20,32180785152,769717632,8,3.290242239017971e-05,3997696000.0,2.223412145860773e+19,15259.0,1.7001338622413698,1.7184878799368124,bin_2
config_1138,1472,26,32,0.0502545610070228,0.935885727405548,0.9951637983322144,0.2278786450624466,3.290242239017971e-05,128,122759.0,1.7887400983925726e+20,32180785152,769717632,8,3.290242239017971e-05,7995392000.0,4.446824291721546e+19,30518.0,1.5689465071725064,1.5861496653126888,bin_2
config_1138,1472,26,32,0.0502545610070228,0.935885727405548,0.9951637983322144,0.2278786450624466,3.290242239017971e-05,128,122759.0,1.7887400983925726e+20,32180785152,769717632,8,3.290242239017971e-05,12006195200.0,6.670090726058244e+19,45776.0,1.510758897241999,1.5271622447400797,bin_2
config_1138,1472,26,32,0.0502545610070228,0.935885727405548,0.9951637983322144,0.2278786450624466,3.290242239017971e-05,128,122759.0,1.7887400983925726e+20,32180785152,769717632,8,3.290242239017971e-05,16003891200.0,8.893502871919018e+19,61035.0,1.4746910532966988,1.4907325597669256,bin_2
config_1138,1472,26,32,0.0502545610070228,0.935885727405548,0.9951637983322144,0.2278786450624466,3.290242239017971e-05,128,122759.0,1.7887400983925726e+20,32180785152,769717632,8,3.290242239017971e-05,20001587200.0,1.111691501777979e+20,76294.0,1.4489931497612938,1.464483794325688,bin_2
config_1138,1472,26,32,0.0502545610070228,0.935885727405548,0.9951637983322144,0.2278786450624466,3.290242239017971e-05,128,122759.0,1.7887400983925726e+20,32180785152,769717632,8,3.290242239017971e-05,23999283200.0,1.3340327163640563e+20,91553.0,1.4293629459377195,1.444458217435196,bin_2
config_1138,1472,26,32,0.0502545610070228,0.935885727405548,0.9951637983322144,0.2278786450624466,3.290242239017971e-05,128,122759.0,1.7887400983925726e+20,32180785152,769717632,8,1.877063555175799e-05,27996979200.0,1.5563739309501337e+20,106812.0,1.4019913688448609,1.4164698881204012,bin_2
config_1138,1472,26,32,0.0502545610070228,0.935885727405548,0.9951637983322144,0.2278786450624466,3.290242239017971e-05,128,122759.0,1.7887400983925726e+20,32180785152,769717632,8,8.339106840150661e-07,31994675200.0,1.7787005743838036e+20,122070.0,1.3794284292127266,1.3937861120993973,bin_2
config_1138,1472,26,32,0.0502545610070228,0.935885727405548,0.9951637983322144,0.2278786450624466,3.290242239017971e-05,128,122759.0,1.7887400983925726e+20,32180785152,769717632,8,1.0585608118673386e-08,32178176000.0,1.7887400983925726e+20,122759.0,1.3791803634850706,1.393531097144377,bin_2
config_1139,1472,30,32,0.0277085490524768,0.9189998507499696,0.934520423412323,0.1952729821205139,0.000286487978883,128,148584.0,2.4715037374400692e+20,38950543360,876749696,8,0.000286487978883,3997696000.0,2.5381383950895124e+19,15259.0,1.5716248369803194,1.5878773784832876,bin_2
config_1139,1472,30,32,0.0277085490524768,0.9189998507499696,0.934520423412323,0.1952729821205139,0.000286487978883,128,148584.0,2.4715037374400692e+20,38950543360,876749696,8,0.000286487978883,7995392000.0,5.076276790179025e+19,30518.0,1.4820509867394556,1.4989128000032703,bin_2
config_1139,1472,30,32,0.0277085490524768,0.9189998507499696,0.934520423412323,0.1952729821205139,0.000286487978883,128,148584.0,2.4715037374400692e+20,38950543360,876749696,8,0.000286487978883,12006195200.0,7.614248848130122e+19,45776.0,1.440589357722001,1.4558528703451157,bin_2
config_1139,1472,30,32,0.0277085490524768,0.9189998507499696,0.934520423412323,0.1952729821205139,0.000286487978883,128,148584.0,2.4715037374400692e+20,38950543360,876749696,8,0.000286487978883,16003891200.0,1.0152387243219635e+20,61035.0,1.4170106059605958,1.431910837781234,bin_2
config_1139,1472,30,32,0.0277085490524768,0.9189998507499696,0.934520423412323,0.1952729821205139,0.000286487978883,128,148584.0,2.4715037374400692e+20,38950543360,876749696,8,0.000286487978883,20001587200.0,1.2690525638309147e+20,76294.0,1.40145965218544,1.4163383138766057,bin_2
config_1139,1472,30,32,0.0277085490524768,0.9189998507499696,0.934520423412323,0.1952729821205139,0.000286487978883,128,148584.0,2.4715037374400692e+20,38950543360,876749696,8,0.000286487978883,23999283200.0,1.522866403339866e+20,91553.0,1.3906796569022977,1.4050802191652236,bin_2
config_1139,1472,30,32,0.0277085490524768,0.9189998507499696,0.934520423412323,0.1952729821205139,0.000286487978883,128,148584.0,2.4715037374400692e+20,38950543360,876749696,8,0.000286487978883,27996979200.0,1.7766802428488175e+20,106812.0,1.3820159844687727,1.3967382846699383,bin_2
config_1139,1472,30,32,0.0277085490524768,0.9189998507499696,0.934520423412323,0.1952729821205139,0.000286487978883,128,148584.0,2.4715037374400692e+20,38950543360,876749696,8,0.0002620001389564,31994675200.0,2.030477448643927e+20,122070.0,1.3710407243400324,1.3854488053771317,bin_2
config_1139,1472,30,32,0.0277085490524768,0.9189998507499696,0.934520423412323,0.1952729821205139,0.000286487978883,128,148584.0,2.4715037374400692e+20,38950543360,876749696,8,0.0001109259652158,36005478400.0,2.2842912881528783e+20,137329.0,1.3323147902723218,1.3463360536977893,bin_2
config_1139,1472,30,32,0.0277085490524768,0.9189998507499696,0.934520423412323,0.1952729821205139,0.000286487978883,128,148584.0,2.4715037374400692e+20,38950543360,876749696,8,3.35720386090315e-07,38941491200.0,2.471503737440069e+20,148584.0,1.3090665867484983,1.322345512626601,bin_2
config_1141,1408,28,22,0.0014913702616468,0.9394122958183287,0.9773163199424744,0.1039396449923515,0.0026888118591159,128,85547.0,1.2223841221270988e+20,22425663488,747070720,8,0.0026888118591159,3997696000.0,2.180363930884473e+19,15259.0,1.5133622045497426,1.5289407295086346,bin_2
config_1141,1408,28,22,0.0014913702616468,0.9394122958183287,0.9773163199424744,0.1039396449923515,0.0026888118591159,128,85547.0,1.2223841221270988e+20,22425663488,747070720,8,0.0026888118591159,7995392000.0,4.360727861768946e+19,30518.0,1.4458141373220037,1.4606459989508644,bin_2
config_1141,1408,28,22,0.0014913702616468,0.9394122958183287,0.9773163199424744,0.1039396449923515,0.0026888118591159,128,85547.0,1.2223841221270988e+20,22425663488,747070720,8,0.0026888118591159,12006195200.0,6.540948902298161e+19,45776.0,1.4135812387603228,1.4280118000605069,bin_2
config_1141,1408,28,22,0.0014913702616468,0.9394122958183287,0.9773163199424744,0.1039396449923515,0.0026888118591159,128,85547.0,1.2223841221270988e+20,22425663488,747070720,8,0.0026888118591159,16003891200.0,8.721312833182633e+19,61035.0,1.3936683117561652,1.4079555204657257,bin_2
config_1141,1408,28,22,0.0014913702616468,0.9394122958183287,0.9773163199424744,0.1039396449923515,0.0026888118591159,128,85547.0,1.2223841221270988e+20,22425663488,747070720,8,0.0026888118591159,20001587200.0,1.0901676764067106e+20,76294.0,1.379509044289589,1.393561237982062,bin_2
config_1141,1408,28,22,0.0014913702616468,0.9394122958183287,0.9773163199424744,0.1039396449923515,0.0026888118591159,128,85547.0,1.2223841221270988e+20,22425663488,747070720,8,1.4213716947300906e-05,22413312000.0,1.2223841221270988e+20,85547.0,1.336430666573712,1.3498881203815585,bin_2
config_1142,1536,29,24,0.0764983519911766,0.8839116096496582,0.9047577381134032,0.2445402890443802,0.0009290003217756,128,103437.0,1.7582484035254144e+20,27115569152,898351104,8,0.0009290003217756,3997696000.0,2.59376358453883e+19,15259.0,4.998143935750743,5.033577595030676,bin_2
config_1142,1536,29,24,0.0764983519911766,0.8839116096496582,0.9047577381134032,0.2445402890443802,0.0009290003217756,128,103437.0,1.7582484035254144e+20,27115569152,898351104,8,0.0009290003217756,7995392000.0,5.18752716907766e+19,30518.0,1.5103014147770208,1.5238145955664213,bin_2
config_1142,1536,29,24,0.0764983519911766,0.8839116096496582,0.9047577381134032,0.2445402890443802,0.0009290003217756,128,103437.0,1.7582484035254144e+20,27115569152,898351104,8,0.0009290003217756,12006195200.0,7.781120771076053e+19,45776.0,1.5206302147224302,1.5354552711033431,bin_2
config_1142,1536,29,24,0.0764983519911766,0.8839116096496582,0.9047577381134032,0.2445402890443802,0.0009290003217756,128,103437.0,1.7582484035254144e+20,27115569152,898351104,8,0.0009290003217756,16003891200.0,1.0374884355614882e+20,61035.0,1.4781937933163565,1.4925420288961442,bin_2
config_1142,1536,29,24,0.0764983519911766,0.8839116096496582,0.9047577381134032,0.2445402890443802,0.0009290003217756,128,103437.0,1.7582484035254144e+20,27115569152,898351104,8,0.0009290003217756,20001587200.0,1.2968647940153713e+20,76294.0,1.4669864782544433,1.480390621687545,bin_2
config_1142,1536,29,24,0.0764983519911766,0.8839116096496582,0.9047577381134032,0.2445402890443802,0.0009290003217756,128,103437.0,1.7582484035254144e+20,27115569152,898351104,8,0.0004365868120877,23999283200.0,1.5562411524692545e+20,91553.0,1.4022281848504896,1.4153915032011564,bin_2
config_1142,1536,29,24,0.0764983519911766,0.8839116096496582,0.9047577381134032,0.2445402890443802,0.0009290003217756,128,103437.0,1.7582484035254144e+20,27115569152,898351104,8,1.358939349478108e-06,27105689600.0,1.7582484035254144e+20,103437.0,1.3328988657427616,1.3452248182941655,bin_2
config_1143,1280,30,40,0.1535225212574005,0.9463112354278564,0.934191107749939,0.1187599748373031,6.441403820645064e-05,128,122844.0,1.6058772081134273e+20,32202852352,673917440,8,6.441403820645064e-05,3997696000.0,1.9947315553549857e+19,15259.0,1.6520465220584244,1.6696719780320026,bin_2
config_1143,1280,30,40,0.1535225212574005,0.9463112354278564,0.934191107749939,0.1187599748373031,6.441403820645064e-05,128,122844.0,1.6058772081134273e+20,32202852352,673917440,8,6.441403820645064e-05,7995392000.0,3.989463110709971e+19,30518.0,1.534265012614063,1.5505630995992754,bin_2
config_1143,1280,30,40,0.1535225212574005,0.9463112354278564,0.934191107749939,0.1187599748373031,6.441403820645064e-05,128,122844.0,1.6058772081134273e+20,32202852352,673917440,8,6.441403820645064e-05,12006195200.0,5.984063941144887e+19,45776.0,1.4845231144740934,1.4999369522587198,bin_2
config_1143,1280,30,40,0.1535225212574005,0.9463112354278564,0.934191107749939,0.1187599748373031,6.441403820645064e-05,128,122844.0,1.6058772081134273e+20,32202852352,673917440,8,6.441403820645064e-05,16003891200.0,7.978795496499872e+19,61035.0,1.454248729514294,1.4694576764204463,bin_2
config_1143,1280,30,40,0.1535225212574005,0.9463112354278564,0.934191107749939,0.1187599748373031,6.441403820645064e-05,128,122844.0,1.6058772081134273e+20,32202852352,673917440,8,6.441403820645064e-05,20001587200.0,9.973527051854858e+19,76294.0,1.4341763905325875,1.4491002870876282,bin_2
config_1143,1280,30,40,0.1535225212574005,0.9463112354278564,0.934191107749939,0.1187599748373031,6.441403820645064e-05,128,122844.0,1.6058772081134273e+20,32202852352,673917440,8,6.441403820645064e-05,23999283200.0,1.1968258607209844e+20,91553.0,1.4202124020506124,1.4346853813382443,bin_2
config_1143,1280,30,40,0.1535225212574005,0.9463112354278564,0.934191107749939,0.1187599748373031,6.441403820645064e-05,128,122844.0,1.6058772081134273e+20,32202852352,673917440,8,6.441403820645064e-05,27996979200.0,1.3962990162564828e+20,106812.0,1.409599834553531,1.423988052264589,bin_2
config_1143,1280,30,40,0.1535225212574005,0.9463112354278564,0.934191107749939,0.1187599748373031,6.441403820645064e-05,128,122844.0,1.6058772081134273e+20,32202852352,673917440,8,3.505946417323947e-06,31994675200.0,1.5957590992999743e+20,122070.0,1.3571684720672543,1.3709964206472771,bin_2
config_1143,1280,30,40,0.1535225212574005,0.9463112354278564,0.934191107749939,0.1187599748373031,6.441403820645064e-05,128,122844.0,1.6058772081134273e+20,32202852352,673917440,8,1.942841843353304e-07,32191283200.0,1.6058772081134273e+20,122844.0,1.356126156410233,1.3699735994612583,bin_2
config_1144,1344,27,24,0.002691829111427,0.8315842151641846,0.9649616479873656,0.0361201651394367,0.0021509756334125,128,72359.0,9.12155092100776e+19,18968594432,652899072,16,0.0021509756334125,3997696000.0,1.9235443483693445e+19,15259.0,1.5203960041139946,1.5357469431298678,bin_2
config_1144,1344,27,24,0.002691829111427,0.8315842151641846,0.9649616479873656,0.0361201651394367,0.0021509756334125,128,72359.0,9.12155092100776e+19,18968594432,652899072,16,0.0021509756334125,7995392000.0,3.847088696738689e+19,30518.0,1.4513875693180522,1.4667392251921485,bin_2
config_1144,1344,27,24,0.002691829111427,0.8315842151641846,0.9649616479873656,0.0361201651394367,0.0021509756334125,128,72359.0,9.12155092100776e+19,18968594432,652899072,16,0.0021509756334125,12006195200.0,5.770506985448267e+19,45776.0,1.422761849829408,1.4352616425811269,bin_2
config_1144,1344,27,24,0.002691829111427,0.8315842151641846,0.9649616479873656,0.0361201651394367,0.0021509756334125,128,72359.0,9.12155092100776e+19,18968594432,652899072,16,0.0021509756334125,16003891200.0,7.694051333817613e+19,61035.0,1.404204731026634,1.4166650909283125,bin_2
config_1144,1344,27,24,0.002691829111427,0.8315842151641846,0.9649616479873656,0.0361201651394367,0.0021509756334125,128,72359.0,9.12155092100776e+19,18968594432,652899072,16,7.408641676507049e-06,18966118400.0,9.12155092100776e+19,72359.0,1.360019351712993,1.372323670387268,bin_2
config_1145,1600,26,20,0.0055590104311704,0.8425634503364563,0.9195390343666076,0.1651782393455505,0.0002919440448749,64,47539.0,3.9637596664366694e+19,6231113216,889897600,8,0.0002919440448749,3997696000.0,2.544563779219468e+19,30518.0,1.558480184175929,1.574948132487594,bin_2
config_1145,1600,26,20,0.0055590104311704,0.8425634503364563,0.9195390343666076,0.1651782393455505,0.0002919440448749,64,47539.0,3.9637596664366694e+19,6231113216,889897600,8,1.4500532030214236e-06,6225920000.0,3.963759666436669e+19,47539.0,1.4569134744268948,1.4722405775844074,bin_2
config_1147,1472,29,32,0.0027830384206026,0.8390375375747681,0.9373015761375428,0.2617335021495819,0.0001094811013899,128,109806.0,1.7698584621373194e+20,28785070080,849991680,8,0.0001094811013899,3997696000.0,2.4594530602838966e+19,15259.0,1.5995206759601344,1.61698705581368,bin_2
config_1147,1472,29,32,0.0027830384206026,0.8390375375747681,0.9373015761375428,0.2617335021495819,0.0001094811013899,128,109806.0,1.7698584621373194e+20,28785070080,849991680,8,0.0001094811013899,7995392000.0,4.918906120567793e+19,30518.0,1.5016105007832168,1.518583391611693,bin_2
config_1147,1472,29,32,0.0027830384206026,0.8390375375747681,0.9373015761375428,0.2617335021495819,0.0001094811013899,128,109806.0,1.7698584621373194e+20,28785070080,849991680,8,0.0001094811013899,12006195200.0,7.37819800036409e+19,45776.0,1.458494804755586,1.474112926721573,bin_2
config_1147,1472,29,32,0.0027830384206026,0.8390375375747681,0.9373015761375428,0.2617335021495819,0.0001094811013899,128,109806.0,1.7698584621373194e+20,28785070080,849991680,8,0.0001094811013899,16003891200.0,9.837651060647988e+19,61035.0,1.4318465255420716,1.447026571269895,bin_2
config_1147,1472,29,32,0.0027830384206026,0.8390375375747681,0.9373015761375428,0.2617335021495819,0.0001094811013899,128,109806.0,1.7698584621373194e+20,28785070080,849991680,8,0.0001094811013899,20001587200.0,1.2297104120931883e+20,76294.0,1.41533697791764,1.4301707197017357,bin_2
config_1147,1472,29,32,0.0027830384206026,0.8390375375747681,0.9373015761375428,0.2617335021495819,0.0001094811013899,128,109806.0,1.7698584621373194e+20,28785070080,849991680,8,6.954615633722022e-05,23999283200.0,1.4756557181215782e+20,91553.0,1.385063738617741,1.3993659473638065,bin_2
config_1147,1472,29,32,0.0027830384206026,0.8390375375747681,0.9373015761375428,0.2617335021495819,0.0001094811013899,128,109806.0,1.7698584621373194e+20,28785070080,849991680,8,1.1451344541503288e-05,27996979200.0,1.721601024149968e+20,106812.0,1.3543571409827373,1.368190773363973,bin_2
config_1147,1472,29,32,0.0027830384206026,0.8390375375747681,0.9373015761375428,0.2617335021495819,0.0001094811013899,128,109806.0,1.7698584621373194e+20,28785070080,849991680,8,2.2856975132737388e-08,28783411200.0,1.7698584621373194e+20,109806.0,1.351452542963575,1.3651980724784194,bin_2
config_1148,1536,26,32,0.0010440963087603,0.9122422933578492,0.9642300605773926,0.2697651982307434,0.0001600827818037,128,92723.0,1.4247240596126171e+20,24306798592,813407232,8,0.0001600827818037,3997696000.0,2.344603218794573e+19,15259.0,1.5620569977994825,1.5786429176565075,bin_2
config_1148,1536,26,32,0.0010440963087603,0.9122422933578492,0.9642300605773926,0.2697651982307434,0.0001600827818037,128,92723.0,1.4247240596126171e+20,24306798592,813407232,8,0.0001600827818037,7995392000.0,4.689206437589147e+19,30518.0,1.4739609132633835,1.4893741027449,bin_2
config_1148,1536,26,32,0.0010440963087603,0.9122422933578492,0.9642300605773926,0.2697651982307434,0.0001600827818037,128,92723.0,1.4247240596126171e+20,24306798592,813407232,8,0.0001600827818037,12006195200.0,7.0336560025912844e+19,45776.0,1.434332909408163,1.4493632351375016,bin_2
config_1148,1536,26,32,0.0010440963087603,0.9122422933578492,0.9642300605773926,0.2697651982307434,0.0001600827818037,128,92723.0,1.4247240596126171e+20,24306798592,813407232,8,0.0001600827818037,16003891200.0,9.378259221385857e+19,61035.0,1.409337608335448,1.424300407239648,bin_2
config_1148,1536,26,32,0.0010440963087603,0.9122422933578492,0.9642300605773926,0.2697651982307434,0.0001600827818037,128,92723.0,1.4247240596126171e+20,24306798592,813407232,8,0.0001051069254213,20001587200.0,1.1722862440180431e+20,76294.0,1.3780535104137952,1.3920061408594009,bin_2
config_1148,1536,26,32,0.0010440963087603,0.9122422933578492,0.9642300605773926,0.2697651982307434,0.0001600827818037,128,92723.0,1.4247240596126171e+20,24306798592,813407232,8,7.507180388432023e-06,23999283200.0,1.4067465658975004e+20,91553.0,1.3437061748250587,1.357272404598408,bin_2
config_1148,1536,26,32,0.0010440963087603,0.9122422933578492,0.9642300605773926,0.2697651982307434,0.0001600827818037,128,92723.0,1.4247240596126171e+20,24306798592,813407232,8,1.4719961545945357e-07,24300748800.0,1.4247240596126173e+20,92723.0,1.3428054155580331,1.3563956969976425,bin_2
config_115,320,18,16,0.025479856878519,0.8448149561882019,0.9132958054542542,0.0742518603801727,3.692114842124283e-05,32,14724.0,374904068261437440,965017152,41168000,16,3.692114842124283e-05,481689600.0,1.8745203413071872e+17,7362.0,2.6685453272118584,2.6958440624211666,bin_0
config_115,320,18,16,0.025479856878519,0.8448149561882019,0.9132958054542542,0.0742518603801727,3.692114842124283e-05,32,14724.0,374904068261437440,965017152,41168000,16,8.10711401747326e-07,963379200.0,3.7490406826143744e+17,14724.0,2.3583214858105874,2.382129545209193,bin_0
config_1152,1408,29,22,0.0978740081191062,0.90768563747406,0.9047139883041382,0.0726541802287101,0.0001644733711145,128,67479.0,9.959705374121578e+19,17689380864,771223552,8,0.0001644733711145,3997696000.0,2.252184298874037e+19,15259.0,1.5706113086078988,1.5870231626659144,bin_2
config_1152,1408,29,22,0.0978740081191062,0.90768563747406,0.9047139883041382,0.0726541802287101,0.0001644733711145,128,67479.0,9.959705374121578e+19,17689380864,771223552,8,0.0001644733711145,7995392000.0,4.504368597748074e+19,30518.0,1.4926551112776898,1.508306068426273,bin_2
config_1152,1408,29,22,0.0978740081191062,0.90768563747406,0.9047139883041382,0.0726541802287101,0.0001644733711145,128,67479.0,9.959705374121578e+19,17689380864,771223552,8,0.0001644733711145,12006195200.0,6.756405299512283e+19,45776.0,1.459714025151534,1.4744493470133329,bin_2
config_1152,1408,29,22,0.0978740081191062,0.90768563747406,0.9047139883041382,0.0726541802287101,0.0001644733711145,128,67479.0,9.959705374121578e+19,17689380864,771223552,8,0.0001644733711145,16003891200.0,9.00858959838632e+19,61035.0,1.4397788546906145,1.4547461130189114,bin_2
config_1152,1408,29,22,0.0978740081191062,0.90768563747406,0.9047139883041382,0.0726541802287101,0.0001644733711145,128,67479.0,9.959705374121578e+19,17689380864,771223552,8,9.730166793804303e-07,17681612800.0,9.959705374121578e+19,67479.0,1.3787708986587213,1.3941314488063092,bin_2
config_1153,1600,30,32,0.0802844688296318,0.8213448524475098,0.9045581817626952,0.0418984852731227,0.0008857273496687,128,43632.0,8.310458930795643e+19,11438034944,1014428800,8,0.0008857273496687,3997696000.0,2.906336927599256e+19,15259.0,1.548137790199186,1.563839459438793,bin_2
config_1153,1600,30,32,0.0802844688296318,0.8213448524475098,0.9045581817626952,0.0418984852731227,0.0008857273496687,128,43632.0,8.310458930795643e+19,11438034944,1014428800,8,0.0008857273496687,7995392000.0,5.812673855198511e+19,30518.0,1.5036517861729763,1.5180823274127773,bin_2
config_1153,1600,30,32,0.0802844688296318,0.8213448524475098,0.9045581817626952,0.0418984852731227,0.0008857273496687,128,43632.0,8.310458930795643e+19,11438034944,1014428800,8,1.550507395481381e-05,11429478400.0,8.310458930795643e+19,43632.0,1.4071170712299037,1.4207504838900489,bin_2
config_1154,1472,28,32,0.0688674598932266,0.9132232069969176,0.9851834177970886,0.2347949892282486,1.0795189155032858e-05,128,118955.0,1.8559900869289103e+20,31183556608,823233664,8,1.0795189155032858e-05,3997696000.0,2.3807786756713247e+19,15259.0,1.91649500708111,1.9372408282952231,bin_2
config_1154,1472,28,32,0.0688674598932266,0.9132232069969176,0.9851834177970886,0.2347949892282486,1.0795189155032858e-05,128,118955.0,1.8559900869289103e+20,31183556608,823233664,8,1.0795189155032858e-05,7995392000.0,4.761557351342649e+19,30518.0,1.7204190551648375,1.7397705468975129,bin_2
config_1154,1472,28,32,0.0688674598932266,0.9132232069969176,0.9851834177970886,0.2347949892282486,1.0795189155032858e-05,128,118955.0,1.8559900869289103e+20,31183556608,823233664,8,1.0795189155032858e-05,12006195200.0,7.142180002459568e+19,45776.0,1.6385622464633378,1.6568656878784054,bin_2
config_1154,1472,28,32,0.0688674598932266,0.9132232069969176,0.9851834177970886,0.2347949892282486,1.0795189155032858e-05,128,118955.0,1.8559900869289103e+20,31183556608,823233664,8,1.0795189155032858e-05,16003891200.0,9.522958678130893e+19,61035.0,1.5895809919130606,1.6072711943993805,bin_2
config_1154,1472,28,32,0.0688674598932266,0.9132232069969176,0.9851834177970886,0.2347949892282486,1.0795189155032858e-05,128,118955.0,1.8559900869289103e+20,31183556608,823233664,8,1.0795189155032858e-05,20001587200.0,1.1903737353802216e+20,76294.0,1.5556453079571488,1.5726044579412115,bin_2
config_1154,1472,28,32,0.0688674598932266,0.9132232069969176,0.9851834177970886,0.2347949892282486,1.0795189155032858e-05,128,118955.0,1.8559900869289103e+20,31183556608,823233664,8,1.059227206565254e-05,23999283200.0,1.4284516029473545e+20,91553.0,1.529695951616178,1.5461731084057542,bin_2
config_1154,1472,28,32,0.0688674598932266,0.9132232069969176,0.9851834177970886,0.2347949892282486,1.0795189155032858e-05,128,118955.0,1.8559900869289103e+20,31183556608,823233664,8,4.698013755081432e-06,27996979200.0,1.6665294705144866e+20,106812.0,1.499176833483039,1.5150171618481152,bin_2
config_1154,1472,28,32,0.0688674598932266,0.9132232069969176,0.9851834177970886,0.2347949892282486,1.0795189155032858e-05,128,118955.0,1.8559900869289103e+20,31183556608,823233664,8,1.9325437083837435e-09,31182028800.0,1.8559900869289103e+20,118955.0,1.4843658459479692,1.5001548017439297,bin_2
config_1155,1408,25,32,0.0165137741714715,0.9694600701332092,0.9289296865463256,0.1274682879447937,0.0001781659084372,128,57628.0,7.421079748290596e+19,15107084288,674612224,16,0.0001781659084372,3997696000.0,1.964986740458913e+19,15259.0,1.5694494141125288,1.5860861226378895,bin_2
config_1155,1408,25,32,0.0165137741714715,0.9694600701332092,0.9289296865463256,0.1274682879447937,0.0001781659084372,128,57628.0,7.421079748290596e+19,15107084288,674612224,16,0.0001781659084372,7995392000.0,3.929973480917825e+19,30518.0,1.4886789998070138,1.5045290001103135,bin_2
config_1155,1408,25,32,0.0165137741714715,0.9694600701332092,0.9289296865463256,0.1274682879447937,0.0001781659084372,128,57628.0,7.421079748290596e+19,15107084288,674612224,16,0.0001781659084372,12006195200.0,5.894831445785908e+19,45776.0,1.4512537022496834,1.464839068905252,bin_2
config_1155,1408,25,32,0.0165137741714715,0.9694600701332092,0.9289296865463256,0.1274682879447937,0.0001781659084372,128,57628.0,7.421079748290596e+19,15107084288,674612224,16,6.791893037770113e-07,15099494400.0,7.421079748290596e+19,57628.0,1.3947419468105815,1.4073494722413236,bin_2
config_1156,1536,25,32,0.0259865652769804,0.9643346071243286,0.9816211462020874,0.2626420855522156,0.0030192544218152,128,79165.0,1.1733181128728012e+20,20752719872,785092608,8,0.0030192544218152,3997696000.0,2.261562696182161e+19,15259.0,3.420571961285638,3.457048206720196,bin_2
config_1156,1536,25,32,0.0259865652769804,0.9643346071243286,0.9816211462020874,0.2626420855522156,0.0030192544218152,128,79165.0,1.1733181128728012e+20,20752719872,785092608,8,0.0030192544218152,7995392000.0,4.523125392364321e+19,30518.0,3.500564453171902,3.5370415435071854,bin_2
config_1156,1536,25,32,0.0259865652769804,0.9643346071243286,0.9816211462020874,0.2626420855522156,0.0030192544218152,128,79165.0,1.1733181128728012e+20,20752719872,785092608,8,0.0030192544218152,12006195200.0,6.784539876822504e+19,45776.0,3.34852171209992,3.384191011600807,bin_2
config_1156,1536,25,32,0.0259865652769804,0.9643346071243286,0.9816211462020874,0.2626420855522156,0.0030192544218152,128,79165.0,1.1733181128728012e+20,20752719872,785092608,8,0.0026305210586371,16003891200.0,9.046102573004664e+19,61035.0,3.319022164657468,3.3536049338637803,bin_2
config_1156,1536,25,32,0.0259865652769804,0.9643346071243286,0.9816211462020874,0.2626420855522156,0.0030192544218152,128,79165.0,1.1733181128728012e+20,20752719872,785092608,8,0.0004160332781118,20001587200.0,1.1307665269186824e+20,76294.0,3.0489909143526046,3.081674975528092,bin_2
config_1156,1536,25,32,0.0259865652769804,0.9643346071243286,0.9816211462020874,0.2626420855522156,0.0030192544218152,128,79165.0,1.1733181128728012e+20,20752719872,785092608,8,2.1781847021561627e-06,20748697600.0,1.1733181128728012e+20,79165.0,3.011310223868636,3.0437258011786663,bin_2
config_1159,1600,27,32,0.1691129803657531,0.9523060917854308,0.9235618710517884,0.2460032403469085,0.0048772511072456,128,125750.0,2.171498786540421e+20,32964741120,921030400,8,0.0048772511072456,3997696000.0,2.634982106069208e+19,15259.0,3.301437265247595,3.335211774872952,bin_2
config_1159,1600,27,32,0.1691129803657531,0.9523060917854308,0.9235618710517884,0.2460032403469085,0.0048772511072456,128,125750.0,2.171498786540421e+20,32964741120,921030400,8,0.0048772511072456,7995392000.0,5.269964212138416e+19,30518.0,3.76879218128861,3.8044271735676,bin_2
config_1159,1600,27,32,0.1691129803657531,0.9523060917854308,0.9235618710517884,0.2460032403469085,0.0048772511072456,128,125750.0,2.171498786540421e+20,32964741120,921030400,8,0.0048772511072456,12006195200.0,7.904773634407501e+19,45776.0,3.804185695179173,3.829216524108512,bin_2
config_1159,1600,27,32,0.1691129803657531,0.9523060917854308,0.9235618710517884,0.2460032403469085,0.0048772511072456,128,125750.0,2.171498786540421e+20,32964741120,921030400,8,0.0048772511072456,16003891200.0,1.0539755740476708e+20,61035.0,3.776117107477345,3.806514769343079,bin_2
config_1159,1600,27,32,0.1691129803657531,0.9523060917854308,0.9235618710517884,0.2460032403469085,0.0048772511072456,128,125750.0,2.171498786540421e+20,32964741120,921030400,8,0.0048772511072456,20001587200.0,1.3174737846545916e+20,76294.0,4.056766909263173,4.063117747971269,bin_2
config_1159,1600,27,32,0.1691129803657531,0.9523060917854308,0.9235618710517884,0.2460032403469085,0.0048772511072456,128,125750.0,2.171498786540421e+20,32964741120,921030400,8,0.0048772511072456,23999283200.0,1.5809719952615126e+20,91553.0,3.8328173352460393,3.846706021848272,bin_2
config_1159,1600,27,32,0.1691129803657531,0.9523060917854308,0.9235618710517884,0.2460032403469085,0.0048772511072456,128,125750.0,2.171498786540421e+20,32964741120,921030400,8,0.002987777477284,27996979200.0,1.844470205868433e+20,106812.0,3.5121338851725468,3.549508502483368,bin_2
config_1159,1600,27,32,0.1691129803657531,0.9523060917854308,0.9235618710517884,0.2460032403469085,0.0048772511072456,128,125750.0,2.171498786540421e+20,32964741120,921030400,8,0.0005833655232691,31994675200.0,2.1079511480953412e+20,122070.0,3.618538917127202,3.654648069123753,bin_2
config_1159,1600,27,32,0.1691129803657531,0.9523060917854308,0.9235618710517884,0.2460032403469085,0.0048772511072456,128,125750.0,2.171498786540421e+20,32964741120,921030400,8,0.0,32964608000.0,2.171498786540421e+20,125750.0,3.51023273323403,3.5465385302950123,bin_2
config_1160,1280,26,40,0.0775074213743209,0.8918365240097046,0.9520190954208374,0.0791796520352363,2.3980572223081253e-05,128,123428.0,1.4150419392217743e+20,32356110336,592642560,16,2.3980572223081253e-05,3997696000.0,1.7493700740986692e+19,15259.0,1.804142215838198,1.8242133073337743,bin_2
config_1160,1280,26,40,0.0775074213743209,0.8918365240097046,0.9520190954208374,0.0791796520352363,2.3980572223081253e-05,128,123428.0,1.4150419392217743e+20,32356110336,592642560,16,2.3980572223081253e-05,7995392000.0,3.4987401481973383e+19,30518.0,1.6527578132269811,1.6705626352888638,bin_2
config_1160,1280,26,40,0.0775074213743209,0.8918365240097046,0.9520190954208374,0.0791796520352363,2.3980572223081253e-05,128,123428.0,1.4150419392217743e+20,32356110336,592642560,16,2.3980572223081253e-05,12006195200.0,5.247995577163686e+19,45776.0,1.5868750852053282,1.6025138659946254,bin_2
config_1160,1280,26,40,0.0775074213743209,0.8918365240097046,0.9520190954208374,0.0791796520352363,2.3980572223081253e-05,128,123428.0,1.4150419392217743e+20,32356110336,592642560,16,2.3980572223081253e-05,16003891200.0,6.997365651262355e+19,61035.0,1.5464552909819806,1.560969249928584,bin_2
config_1160,1280,26,40,0.0775074213743209,0.8918365240097046,0.9520190954208374,0.0791796520352363,2.3980572223081253e-05,128,123428.0,1.4150419392217743e+20,32356110336,592642560,16,2.3980572223081253e-05,20001587200.0,8.746735725361024e+19,76294.0,1.5169869802037224,1.5317313294332535,bin_2
config_1160,1280,26,40,0.0775074213743209,0.8918365240097046,0.9520190954208374,0.0791796520352363,2.3980572223081253e-05,128,123428.0,1.4150419392217743e+20,32356110336,592642560,16,2.3980572223081253e-05,23999283200.0,1.0496105799459694e+20,91553.0,1.4952342264769507,1.5096110972810963,bin_2
config_1160,1280,26,40,0.0775074213743209,0.8918365240097046,0.9520190954208374,0.0791796520352363,2.3980572223081253e-05,128,123428.0,1.4150419392217743e+20,32356110336,592642560,16,2.3980572223081253e-05,27996979200.0,1.2245475873558364e+20,106812.0,1.4777258645901914,1.4920719902241817,bin_2
config_1160,1280,26,40,0.0775074213743209,0.8918365240097046,0.9520190954208374,0.0791796520352363,2.3980572223081253e-05,128,123428.0,1.4150419392217743e+20,32356110336,592642560,16,3.381623876730042e-06,31994675200.0,1.399473130252471e+20,122070.0,1.4432764163564462,1.4569970230196343,bin_2
config_1160,1280,26,40,0.0775074213743209,0.8918365240097046,0.9520190954208374,0.0791796520352363,2.3980572223081253e-05,128,123428.0,1.4150419392217743e+20,32356110336,592642560,16,6.871224132688072e-08,32348569600.0,1.4150419392217743e+20,123428.0,1.440970447102531,1.454537655095585,bin_2
config_1162,1280,26,20,0.0059072286821901,0.947352945804596,0.9510968327522278,0.1928647011518478,0.0006807973259128,128,19110.0,2.190935945965732e+19,5009757184,592642560,16,0.0006807973259128,3997696000.0,1.7494239455516013e+19,15259.0,1.5262526446483171,1.5422271012087336,bin_2
config_1162,1280,26,20,0.0059072286821901,0.947352945804596,0.9510968327522278,0.1928647011518478,0.0006807973259128,128,19110.0,2.190935945965732e+19,5009757184,592642560,16,1.84748256692774e-06,5006950400.0,2.190935945965732e+19,19110.0,1.4578257848786529,1.4732509006828558,bin_2
config_1163,1280,25,32,0.0178828630596399,0.893713116645813,0.9907403588294984,0.1886003464460373,0.0002062267740257,128,71174.0,7.87359261179039e+19,18657875968,572323840,16,0.0002062267740257,3997696000.0,1.6880201992765557e+19,15259.0,1.5741608162395289,1.5913444015628002,bin_2
config_1163,1280,25,32,0.0178828630596399,0.893713116645813,0.9907403588294984,0.1886003464460373,0.0002062267740257,128,71174.0,7.87359261179039e+19,18657875968,572323840,16,0.0002062267740257,7995392000.0,3.376040398553111e+19,30518.0,1.4958421789231848,1.5121479028561076,bin_2
config_1163,1280,25,32,0.0178828630596399,0.893713116645813,0.9907403588294984,0.1886003464460373,0.0002062267740257,128,71174.0,7.87359261179039e+19,18657875968,572323840,16,0.0002062267740257,12006195200.0,5.06394997326716e+19,45776.0,1.453995777466258,1.468034097171221,bin_2
config_1163,1280,25,32,0.0178828630596399,0.893713116645813,0.9907403588294984,0.1886003464460373,0.0002062267740257,128,71174.0,7.87359261179039e+19,18657875968,572323840,16,0.000155541969771,16003891200.0,6.751970172543716e+19,61035.0,1.4202893434000796,1.4337029214374355,bin_2
config_1163,1280,25,32,0.0178828630596399,0.893713116645813,0.9907403588294984,0.1886003464460373,0.0002062267740257,128,71174.0,7.87359261179039e+19,18657875968,572323840,16,3.6872849412328203e-07,18651545600.0,7.87359261179039e+19,71174.0,1.3802665354971029,1.3944527644016704,bin_2
config_1164,1472,25,16,0.1169336959719657,0.922716498374939,0.9499369859695436,0.2660383582115173,0.0001125723792938,64,38190.0,2.6839425696948486e+19,5005764096,742959616,8,8.520488157182268e-05,3997696000.0,2.144764580831301e+19,30518.0,1.5485181014655067,1.5649236967915394,bin_2
config_1164,1472,25,16,0.1169336959719657,0.922716498374939,0.9499369859695436,0.2660383582115173,0.0001125723792938,64,38190.0,2.6839425696948486e+19,5005764096,742959616,8,4.4319834367657516e-07,5000396800.0,2.6839425696948486e+19,38190.0,1.4863478670159325,1.5021699298209832,bin_2
config_1165,1536,30,24,0.0525220371782779,0.8394747972488403,0.93481183052063,0.1045930460095405,0.0001395750296069,128,81945.0,1.4375269878089122e+20,21481615360,926665728,8,0.0001395750296069,3997696000.0,2.6768227844256743e+19,15259.0,1.5819068949535244,1.5980721998800995,bin_2
config_1165,1536,30,24,0.0525220371782779,0.8394747972488403,0.93481183052063,0.1045930460095405,0.0001395750296069,128,81945.0,1.4375269878089122e+20,21481615360,926665728,8,0.0001395750296069,7995392000.0,5.353645568851349e+19,30518.0,1.4939065523812027,1.508825013109895,bin_2
config_1165,1536,30,24,0.0525220371782779,0.8394747972488403,0.93481183052063,0.1045930460095405,0.0001395750296069,128,81945.0,1.4375269878089122e+20,21481615360,926665728,8,0.0001395750296069,12006195200.0,8.03029292744411e+19,45776.0,1.4494345632537466,1.4639951639585809,bin_2
config_1165,1536,30,24,0.0525220371782779,0.8394747972488403,0.93481183052063,0.1045930460095405,0.0001395750296069,128,81945.0,1.4375269878089122e+20,21481615360,926665728,8,0.0001395750296069,16003891200.0,1.0707115711869783e+20,61035.0,1.4249485965928093,1.4390581453530515,bin_2
config_1165,1536,30,24,0.0525220371782779,0.8394747972488403,0.93481183052063,0.1045930460095405,0.0001395750296069,128,81945.0,1.4375269878089122e+20,21481615360,926665728,8,9.193711110048132e-05,20001587200.0,1.338393849629546e+20,76294.0,1.3922405484660727,1.405052638005038,bin_2
config_1165,1536,30,24,0.0525220371782779,0.8394747972488403,0.93481183052063,0.1045930460095405,0.0001395750296069,128,81945.0,1.4375269878089122e+20,21481615360,926665728,8,7.32891053945397e-07,21469593600.0,1.4375269878089122e+20,81945.0,1.3585145310984283,1.3708310690766474,bin_2
config_1166,1536,28,24,0.0018297106726095,0.9244229197502136,0.9494657516479492,0.2521844804286957,0.000161735311849,128,131274.0,2.1599814090021352e+20,34412920832,870036480,8,0.000161735311849,3997696000.0,2.510714712735468e+19,15259.0,1.5621257652806455,1.5789169297061982,bin_2
config_1166,1536,28,24,0.0018297106726095,0.9244229197502136,0.9494657516479492,0.2521844804286957,0.000161735311849,128,131274.0,2.1599814090021352e+20,34412920832,870036480,8,0.000161735311849,7995392000.0,5.021429425470936e+19,30518.0,1.4694395990840723,1.4847398646639995,bin_2
config_1166,1536,28,24,0.0018297106726095,0.9244229197502136,0.9494657516479492,0.2521844804286957,0.000161735311849,128,131274.0,2.1599814090021352e+20,34412920832,870036480,8,0.000161735311849,12006195200.0,7.53197959828159e+19,45776.0,1.429016240415026,1.443712039912333,bin_2
config_1166,1536,28,24,0.0018297106726095,0.9244229197502136,0.9494657516479492,0.2521844804286957,0.000161735311849,128,131274.0,2.1599814090021352e+20,34412920832,870036480,8,0.000161735311849,16003891200.0,1.0042694311017056e+20,61035.0,1.4044879279371167,1.4192571993245453,bin_2
config_1166,1536,28,24,0.0018297106726095,0.9244229197502136,0.9494657516479492,0.2521844804286957,0.000161735311849,128,131274.0,2.1599814090021352e+20,34412920832,870036480,8,0.000161735311849,20001587200.0,1.2553409023752526e+20,76294.0,1.3871491834961,1.401498490620832,bin_2
config_1166,1536,28,24,0.0018297106726095,0.9244229197502136,0.9494657516479492,0.2521844804286957,0.000161735311849,128,131274.0,2.1599814090021352e+20,34412920832,870036480,8,0.000161735311849,23999283200.0,1.5064123736487995e+20,91553.0,1.3739239047589848,1.3883279720095338,bin_2
config_1166,1536,28,24,0.0018297106726095,0.9244229197502136,0.9494657516479492,0.2521844804286957,0.000161735311849,128,131274.0,2.1599814090021352e+20,34412920832,870036480,8,0.0001195683438209,27996979200.0,1.757483844922346e+20,106812.0,1.3531510312537678,1.3671536423241506,bin_2
config_1166,1536,28,24,0.0018297106726095,0.9244229197502136,0.9494657516479492,0.2521844804286957,0.000161735311849,128,131274.0,2.1599814090021352e+20,34412920832,870036480,8,4.5064084473510666e-05,31994675200.0,2.0085388622034115e+20,122070.0,1.3258256292831705,1.3395254558813376,bin_2
config_1166,1536,28,24,0.0018297106726095,0.9244229197502136,0.9494657516479492,0.2521844804286957,0.000161735311849,128,131274.0,2.1599814090021352e+20,34412920832,870036480,8,1.1725260487470652e-07,34406400000.0,2.1599814090021352e+20,131274.0,1.3143121413813263,1.3279438761707212,bin_2
config_1167,1408,27,32,0.0055058146826922,0.9363051652908324,0.9607142210006714,0.0591986440122127,1.3079007658234332e-05,128,107482.0,1.4852430952471462e+20,28175902720,722917888,8,1.3079007658234332e-05,3997696000.0,2.1085692851245978e+19,15259.0,1.8859084338829168,1.906331248244301,bin_2
config_1167,1408,27,32,0.0055058146826922,0.9363051652908324,0.9607142210006714,0.0591986440122127,1.3079007658234332e-05,128,107482.0,1.4852430952471462e+20,28175902720,722917888,8,1.3079007658234332e-05,7995392000.0,4.217138570249196e+19,30518.0,1.701422123537689,1.7207092792675145,bin_2
config_1167,1408,27,32,0.0055058146826922,0.9363051652908324,0.9607142210006714,0.0591986440122127,1.3079007658234332e-05,128,107482.0,1.4852430952471462e+20,28175902720,722917888,8,1.3079007658234332e-05,12006195200.0,6.325569670087397e+19,45776.0,1.626308145405816,1.6443991701524765,bin_2
config_1167,1408,27,32,0.0055058146826922,0.9363051652908324,0.9607142210006714,0.0591986440122127,1.3079007658234332e-05,128,107482.0,1.4852430952471462e+20,28175902720,722917888,8,1.3079007658234332e-05,16003891200.0,8.434138955211996e+19,61035.0,1.5811594642185771,1.5987909228489048,bin_2
config_1167,1408,27,32,0.0055058146826922,0.9363051652908324,0.9607142210006714,0.0591986440122127,1.3079007658234332e-05,128,107482.0,1.4852430952471462e+20,28175902720,722917888,8,1.3079007658234332e-05,20001587200.0,1.0542708240336591e+20,76294.0,1.549619233823213,1.566593824644558,bin_2
config_1167,1408,27,32,0.0055058146826922,0.9363051652908324,0.9607142210006714,0.0591986440122127,1.3079007658234332e-05,128,107482.0,1.4852430952471462e+20,28175902720,722917888,8,1.3079007658234332e-05,23999283200.0,1.2651277525461192e+20,91553.0,1.5256191610508278,1.541932166502124,bin_2
config_1167,1408,27,32,0.0055058146826922,0.9363051652908324,0.9607142210006714,0.0591986440122127,1.3079007658234332e-05,128,107482.0,1.4852430952471462e+20,28175902720,722917888,8,1.4020564638346144e-06,27996979200.0,1.475984681058579e+20,106812.0,1.4898666833658687,1.50552320389474,bin_2
config_1167,1408,27,32,0.0055058146826922,0.9363051652908324,0.9607142210006714,0.0591986440122127,1.3079007658234332e-05,128,107482.0,1.4852430952471462e+20,28175902720,722917888,8,6.578564053182984e-08,28167372800.0,1.4852430952471462e+20,107482.0,1.4886080180621537,1.5041719427362816,bin_2
config_117,320,21,10,0.0014648116193711,0.819384753704071,0.9335467219352722,0.029724420979619,0.0001138764273491,64,61953.0,3549837203958988800,8120313344,45347840,16,0.0001138764273491,1592524800.0,6.973846078379555e+17,12171.0,1.9921140818126863,2.0135044174897865,bin_1
config_117,320,21,10,0.0014648116193711,0.819384753704071,0.9335467219352722,0.029724420979619,0.0001138764273491,64,61953.0,3549837203958988800,8120313344,45347840,16,0.0001138764273491,3191603200.0,1.394769215675911e+18,24342.0,1.865535426296172,1.886129791150328,bin_1
config_117,320,21,10,0.0014648116193711,0.819384753704071,0.9335467219352722,0.029724420979619,0.0001138764273491,64,61953.0,3549837203958988800,8120313344,45347840,16,0.0001138764273491,4784128000.0,2.092211122388884e+18,36514.0,1.817157352869628,1.83586888387555,bin_1
config_117,320,21,10,0.0014648116193711,0.819384753704071,0.9335467219352722,0.029724420979619,0.0001138764273491,64,61953.0,3549837203958988800,8120313344,45347840,16,0.0001138764273491,6383206400.0,2.78959573022684e+18,48685.0,1.7897042277601898,1.808354703129315,bin_1
config_117,320,21,10,0.0014648116193711,0.819384753704071,0.9335467219352722,0.029724420979619,0.0001138764273491,64,61953.0,3549837203958988800,8120313344,45347840,16,6.822688721680239e-05,7975731200.0,3.4869803380647946e+18,60856.0,1.760445638250132,1.778742823209919,bin_1
config_117,320,21,10,0.0014648116193711,0.819384753704071,0.9335467219352722,0.029724420979619,0.0001138764273491,64,61953.0,3549837203958988800,8120313344,45347840,16,1.8556723631043897e-07,8119910400.0,3.549837203958989e+18,61953.0,1.74453233492179,1.7625845413129837,bin_1
config_1170,1280,26,32,0.0039573535323143,0.8140636682510376,0.9145601391792296,0.1170758157968521,1.1896721844095737e-05,128,64883.0,7.438539362661827e+19,17008838656,592642560,16,1.1896721844095737e-05,3997696000.0,1.7493745994306183e+19,15259.0,1.931916079403924,1.952863130608543,bin_2
config_1170,1280,26,32,0.0039573535323143,0.8140636682510376,0.9145601391792296,0.1170758157968521,1.1896721844095737e-05,128,64883.0,7.438539362661827e+19,17008838656,592642560,16,1.1896721844095737e-05,7995392000.0,3.4987491988612366e+19,30518.0,1.7549325039738517,1.7741075555613783,bin_2
config_1170,1280,26,32,0.0039573535323143,0.8140636682510376,0.9145601391792296,0.1170758157968521,1.1896721844095737e-05,128,64883.0,7.438539362661827e+19,17008838656,592642560,16,1.1896721844095737e-05,12006195200.0,5.248009152862965e+19,45776.0,1.6782827192838077,1.6949423909578167,bin_2
config_1170,1280,26,32,0.0039573535323143,0.8140636682510376,0.9145601391792296,0.1170758157968521,1.1896721844095737e-05,128,64883.0,7.438539362661827e+19,17008838656,592642560,16,6.003177307585434e-06,16003891200.0,6.997383752293584e+19,61035.0,1.6218721120865618,1.6377314979912805,bin_2
config_1170,1280,26,32,0.0039573535323143,0.8140636682510376,0.9145601391792296,0.1170758157968521,1.1896721844095737e-05,128,64883.0,7.438539362661827e+19,17008838656,592642560,16,5.168402064970383e-08,17000038400.0,7.438539362661827e+19,64883.0,1.6077599630981194,1.6234624515595983,bin_2
config_1171,1408,26,32,0.0068371584638953,0.8362428545951843,0.9443479180336,0.1169711574912071,0.0028704532887786,128,128114.0,1.7100599870395515e+20,33584449536,698765056,16,0.0028704532887786,3997696000.0,2.036764548935832e+19,15259.0,1.543828748914062,1.5580941096681062,bin_2
config_1171,1408,26,32,0.0068371584638953,0.8362428545951843,0.9443479180336,0.1169711574912071,0.0028704532887786,128,128114.0,1.7100599870395515e+20,33584449536,698765056,16,0.0028704532887786,7995392000.0,4.073529097871664e+19,30518.0,1.4649527958963735,1.479823025328214,bin_2
config_1171,1408,26,32,0.0068371584638953,0.8362428545951843,0.9443479180336,0.1169711574912071,0.0028704532887786,128,128114.0,1.7100599870395515e+20,33584449536,698765056,16,0.0028704532887786,12006195200.0,6.110160167251237e+19,45776.0,1.4394690101654803,1.451729598045349,bin_2
config_1171,1408,26,32,0.0068371584638953,0.8362428545951843,0.9443479180336,0.1169711574912071,0.0028704532887786,128,128114.0,1.7100599870395515e+20,33584449536,698765056,16,0.0028704532887786,16003891200.0,8.14692471618707e+19,61035.0,1.4244459923955262,1.4368511089340583,bin_2
config_1171,1408,26,32,0.0068371584638953,0.8362428545951843,0.9443479180336,0.1169711574912071,0.0028704532887786,128,128114.0,1.7100599870395515e+20,33584449536,698765056,16,0.0028704532887786,20001587200.0,1.01836892651229e+20,76294.0,1.4140562010397677,1.4277032217823091,bin_2
config_1171,1408,26,32,0.0068371584638953,0.8362428545951843,0.9443479180336,0.1169711574912071,0.0028704532887786,128,128114.0,1.7100599870395515e+20,33584449536,698765056,16,0.0028704532887786,23999283200.0,1.2220453814058733e+20,91553.0,1.406070741844959,1.4199271025032294,bin_2
config_1171,1408,26,32,0.0068371584638953,0.8362428545951843,0.9443479180336,0.1169711574912071,0.0028704532887786,128,128114.0,1.7100599870395515e+20,33584449536,698765056,16,0.0028704532887786,27996979200.0,1.4257218362994568e+20,106812.0,1.4007430452206096,1.4143548354946198,bin_2
config_1171,1408,26,32,0.0068371584638953,0.8362428545951843,0.9443479180336,0.1169711574912071,0.0028704532887786,128,128114.0,1.7100599870395515e+20,33584449536,698765056,16,0.0011615901730499,31994675200.0,1.629384943237414e+20,122070.0,1.3559540011257425,1.3682872300460691,bin_2
config_1171,1408,26,32,0.0068371584638953,0.8362428545951843,0.9443479180336,0.1169711574912071,0.0028704532887786,128,128114.0,1.7100599870395515e+20,33584449536,698765056,16,2.6817715077010786e-06,33580646400.0,1.7100599870395515e+20,128114.0,1.327441905424243,1.3392220429123425,bin_2
config_1172,1536,28,24,0.0054253111593425,0.9143428802490234,0.9069022536277772,0.2548514306545257,0.0091821616515517,64,55775.0,4.5886324858225164e+19,7310629888,870036480,8,0.0091821616515517,3997696000.0,2.510728573775554e+19,30518.0,3.817005454008696,3.805659669266373,bin_2
config_1172,1536,28,24,0.0054253111593425,0.9143428802490234,0.9069022536277772,0.2548514306545257,0.0091821616515517,64,55775.0,4.5886324858225164e+19,7310629888,870036480,8,1.6149855163134774e-05,7307264000.0,4.5886324858225164e+19,55775.0,4.621264545800256,4.624656248952522,bin_2
config_1174,1408,27,22,0.0592319928109645,0.8624318838119507,0.9037867784500122,0.0513985492289066,0.0019543678499758,128,135267.0,1.8691940618329286e+20,35459670016,722917888,8,0.0019543678499758,3997696000.0,2.108572836649638e+19,15259.0,1.5912638824689584,1.6069002085044737,bin_2
config_1174,1408,27,22,0.0592319928109645,0.8624318838119507,0.9037867784500122,0.0513985492289066,0.0019543678499758,128,135267.0,1.8691940618329286e+20,35459670016,722917888,8,0.0019543678499758,7995392000.0,4.217145673299276e+19,30518.0,1.544654781857475,1.5588349376936428,bin_2
config_1174,1408,27,22,0.0592319928109645,0.8624318838119507,0.9037867784500122,0.0513985492289066,0.0019543678499758,128,135267.0,1.8691940618329286e+20,35459670016,722917888,8,0.0019543678499758,12006195200.0,6.325580324429768e+19,45776.0,1.5227768647768458,1.5385209039391063,bin_2
config_1174,1408,27,22,0.0592319928109645,0.8624318838119507,0.9037867784500122,0.0513985492289066,0.0019543678499758,128,135267.0,1.8691940618329286e+20,35459670016,722917888,8,0.0019543678499758,16003891200.0,8.434153161079407e+19,61035.0,1.5139574287172224,1.528368174658447,bin_2
config_1174,1408,27,22,0.0592319928109645,0.8624318838119507,0.9037867784500122,0.0513985492289066,0.0019543678499758,128,135267.0,1.8691940618329286e+20,35459670016,722917888,8,0.0019543678499758,20001587200.0,1.0542725997729043e+20,76294.0,1.5107467850114478,1.5243986153798026,bin_2
config_1174,1408,27,22,0.0592319928109645,0.8624318838119507,0.9037867784500122,0.0513985492289066,0.0019543678499758,128,135267.0,1.8691940618329286e+20,35459670016,722917888,8,0.0019543678499758,23999283200.0,1.2651298834378682e+20,91553.0,1.502618123107269,1.5168171534675066,bin_2
config_1174,1408,27,22,0.0592319928109645,0.8624318838119507,0.9037867784500122,0.0513985492289066,0.0019543678499758,128,135267.0,1.8691940618329286e+20,35459670016,722917888,8,0.0019543678499758,27996979200.0,1.475987167102832e+20,106812.0,1.4980789387519242,1.5123531206123164,bin_2
config_1174,1408,27,22,0.0592319928109645,0.8624318838119507,0.9037867784500122,0.0513985492289066,0.0019543678499758,128,135267.0,1.8691940618329286e+20,35459670016,722917888,8,0.0019543678499758,31994675200.0,1.6868306322158813e+20,122070.0,1.495077308641105,1.5096309490575166,bin_2
config_1174,1408,27,22,0.0592319928109645,0.8624318838119507,0.9037867784500122,0.0513985492289066,0.0019543678499758,128,135267.0,1.8691940618329286e+20,35459670016,722917888,8,4.779092843726959e-06,35454976000.0,1.869194061832929e+20,135267.0,1.3712047977427968,1.3857210173567789,bin_2
config_1175,1472,27,32,0.1190273761749267,0.8567559123039246,0.93908953666687,0.297051191329956,0.0003448586794547,64,61091.0,4.608337354005853e+19,8007374336,796475648,8,0.0003448586794547,3997696000.0,2.302094242516093e+19,30518.0,1.5814875476477577,1.5975643792699594,bin_2
config_1175,1472,27,32,0.1190273761749267,0.8567559123039246,0.93908953666687,0.297051191329956,0.0003448586794547,64,61091.0,4.608337354005853e+19,8007374336,796475648,8,7.7914839133992e-07,8001945600.0,4.604113051050846e+19,61035.0,1.426476792028693,1.4412187471643825,bin_2
config_1175,1472,27,32,0.1190273761749267,0.8567559123039246,0.93908953666687,0.297051191329956,0.0003448586794547,64,61091.0,4.608337354005853e+19,8007374336,796475648,8,7.7914839133992e-07,8001945600.0,4.608337354005853e+19,61091.0,1.426449743939228,1.4411916461147245,bin_2
config_1176,1600,27,20,0.0039740982465445,0.8327961564064026,0.991674304008484,0.0308443680405616,1.930573671415914e-05,128,93782.0,1.6194685464682168e+20,24584568832,921030400,8,1.930573671415914e-05,3997696000.0,2.634990781872696e+19,15259.0,1.7391012890221642,1.7579391242832434,bin_2
config_1176,1600,27,20,0.0039740982465445,0.8327961564064026,0.991674304008484,0.0308443680405616,1.930573671415914e-05,128,93782.0,1.6194685464682168e+20,24584568832,921030400,8,1.930573671415914e-05,7995392000.0,5.269981563745392e+19,30518.0,1.6018675086146494,1.6190390931973693,bin_2
config_1176,1600,27,20,0.0039740982465445,0.8327961564064026,0.991674304008484,0.0308443680405616,1.930573671415914e-05,128,93782.0,1.6194685464682168e+20,24584568832,921030400,8,1.930573671415914e-05,12006195200.0,7.904799661249397e+19,45776.0,1.5405670570740937,1.5568604691888466,bin_2
config_1176,1600,27,20,0.0039740982465445,0.8327961564064026,0.991674304008484,0.0308443680405616,1.930573671415914e-05,128,93782.0,1.6194685464682168e+20,24584568832,921030400,8,1.930573671415914e-05,16003891200.0,1.0539790443122092e+20,61035.0,1.5025426842638705,1.518354476104017,bin_2
config_1176,1600,27,20,0.0039740982465445,0.8327961564064026,0.991674304008484,0.0308443680405616,1.930573671415914e-05,128,93782.0,1.6194685464682168e+20,24584568832,921030400,8,1.930573671415914e-05,20001587200.0,1.317478122499479e+20,76294.0,1.4747464476159362,1.4903881765291338,bin_2
config_1176,1600,27,20,0.0039740982465445,0.8327961564064026,0.991674304008484,0.0308443680405616,1.930573671415914e-05,128,93782.0,1.6194685464682168e+20,24584568832,921030400,8,1.4899863190180913e-05,23999283200.0,1.5809772006867488e+20,91553.0,1.449868904879836,1.4649693947346485,bin_2
config_1176,1600,27,20,0.0039740982465445,0.8327961564064026,0.991674304008484,0.0308443680405616,1.930573671415914e-05,128,93782.0,1.6194685464682168e+20,24584568832,921030400,8,2.1361811025348798e-07,24576000000.0,1.6194685464682168e+20,93782.0,1.434383790971803,1.4492715053284757,bin_2
config_1177,1408,27,32,0.1468462347984314,0.8936459422111511,0.932015597820282,0.2245241701602935,1.0172602742386516e-05,128,123220.0,1.702722110614945e+20,32301602816,722917888,8,1.0172602742386516e-05,3997696000.0,2.1085730145977475e+19,15259.0,1.9674733098608548,1.988769933981973,bin_2
config_1177,1408,27,32,0.1468462347984314,0.8936459422111511,0.932015597820282,0.2245241701602935,1.0172602742386516e-05,128,123220.0,1.702722110614945e+20,32301602816,722917888,8,1.0172602742386516e-05,7995392000.0,4.217146029195495e+19,30518.0,1.760417265520721,1.7804474673310264,bin_2
config_1177,1408,27,32,0.1468462347984314,0.8936459422111511,0.932015597820282,0.2245241701602935,1.0172602742386516e-05,128,123220.0,1.702722110614945e+20,32301602816,722917888,8,1.0172602742386516e-05,12006195200.0,6.325580858262435e+19,45776.0,1.6740916026224857,1.693051965158494,bin_2
config_1177,1408,27,32,0.1468462347984314,0.8936459422111511,0.932015597820282,0.2245241701602935,1.0172602742386516e-05,128,123220.0,1.702722110614945e+20,32301602816,722917888,8,1.0172602742386516e-05,16003891200.0,8.434153872860183e+19,61035.0,1.6223228222815718,1.6406276594810798,bin_2
config_1177,1408,27,32,0.1468462347984314,0.8936459422111511,0.932015597820282,0.2245241701602935,1.0172602742386516e-05,128,123220.0,1.702722110614945e+20,32301602816,722917888,8,1.0172602742386516e-05,20001587200.0,1.0542726887457931e+20,76294.0,1.5863015285378597,1.603810139835858,bin_2
config_1177,1408,27,32,0.1468462347984314,0.8936459422111511,0.932015597820282,0.2245241701602935,1.0172602742386516e-05,128,123220.0,1.702722110614945e+20,32301602816,722917888,8,1.0172602742386516e-05,23999283200.0,1.2651299902055678e+20,91553.0,1.5595869233764583,1.5766129201552908,bin_2
config_1177,1408,27,32,0.1468462347984314,0.8936459422111511,0.932015597820282,0.2245241701602935,1.0172602742386516e-05,128,123220.0,1.702722110614945e+20,32301602816,722917888,8,6.0377421662745925e-06,27996979200.0,1.4759872916653428e+20,106812.0,1.5298559771502604,1.5462815740460256,bin_2
config_1177,1408,27,32,0.1468462347984314,0.8936459422111511,0.932015597820282,0.2245241701602935,1.0172602742386516e-05,128,123220.0,1.702722110614945e+20,32301602816,722917888,8,4.302167073411242e-07,31994675200.0,1.6868307745720366e+20,122070.0,1.5079727739388826,1.5241403858583482,bin_2
config_1177,1408,27,32,0.1468462347984314,0.8936459422111511,0.932015597820282,0.2245241701602935,1.0172602742386516e-05,128,123220.0,1.702722110614945e+20,32301602816,722917888,8,7.3541317494207385e-09,32296140800.0,1.702722110614945e+20,123220.0,1.5073881627887975,1.523553707013365,bin_2
config_1178,1600,28,32,0.0226767119020223,0.9233856201171876,0.9368176460266112,0.1763942241668701,0.0040810382924973,128,83554.0,1.4923679626576527e+20,21903306752,952163200,8,0.0040810382924973,3997696000.0,2.7254281952022794e+19,15259.0,3.285711735819207,3.319554581720321,bin_2
config_1178,1600,28,32,0.0226767119020223,0.9233856201171876,0.9368176460266112,0.1763942241668701,0.0040810382924973,128,83554.0,1.4923679626576527e+20,21903306752,952163200,8,0.0040810382924973,7995392000.0,5.450856390404559e+19,30518.0,3.181454495367457,3.2148905238948884,bin_2
config_1178,1600,28,32,0.0226767119020223,0.9233856201171876,0.9368176460266112,0.1763942241668701,0.0040810382924973,128,83554.0,1.4923679626576527e+20,21903306752,952163200,8,0.0040810382924973,12006195200.0,8.176105974413758e+19,45776.0,3.161816886018534,3.19510800967451,bin_2
config_1178,1600,28,32,0.0226767119020223,0.9233856201171876,0.9368176460266112,0.1763942241668701,0.0040810382924973,128,83554.0,1.4923679626576527e+20,21903306752,952163200,8,0.0040810382924973,16003891200.0,1.0901534169616037e+20,61035.0,3.4062563427159045,3.420624231041455,bin_2
config_1178,1600,28,32,0.0226767119020223,0.9233856201171876,0.9368176460266112,0.1763942241668701,0.0040810382924973,128,83554.0,1.4923679626576527e+20,21903306752,952163200,8,0.0020086749744725,20001587200.0,1.3626962364818316e+20,76294.0,3.0696404424260875,3.0993396821960078,bin_2
config_1178,1600,28,32,0.0226767119020223,0.9233856201171876,0.9368176460266112,0.1763942241668701,0.0040810382924973,128,83554.0,1.4923679626576527e+20,21903306752,952163200,8,1.1076233661271376e-06,21902131200.0,1.4923679626576527e+20,83554.0,2.828270623371249,2.8583204174041748,bin_2
config_1179,1536,25,32,0.0121304737403988,0.9755846261978148,0.9188297390937804,0.1958023905754089,0.0013382415054365,128,91475.0,1.3557617844288278e+20,23979638784,785092608,8,0.0013382415054365,3997696000.0,2.2615544212735152e+19,15259.0,1.530596349962422,1.5467641977794837,bin_2
config_1179,1536,25,32,0.0121304737403988,0.9755846261978148,0.9188297390937804,0.1958023905754089,0.0013382415054365,128,91475.0,1.3557617844288278e+20,23979638784,785092608,8,0.0013382415054365,7995392000.0,4.5231088425470304e+19,30518.0,1.4768763728122245,1.4916221612985017,bin_2
config_1179,1536,25,32,0.0121304737403988,0.9755846261978148,0.9188297390937804,0.1958023905754089,0.0013382415054365,128,91475.0,1.3557617844288278e+20,23979638784,785092608,8,0.0013382415054365,12006195200.0,6.784515052638866e+19,45776.0,1.439986769898993,1.4542534496451989,bin_2
config_1179,1536,25,32,0.0121304737403988,0.9755846261978148,0.9188297390937804,0.1958023905754089,0.0013382415054365,128,91475.0,1.3557617844288278e+20,23979638784,785092608,8,0.0013382415054365,16003891200.0,9.04606947391238e+19,61035.0,1.421700825955047,1.4363264384914618,bin_2
config_1179,1536,25,32,0.0121304737403988,0.9755846261978148,0.9188297390937804,0.1958023905754089,0.0013382415054365,128,91475.0,1.3557617844288278e+20,23979638784,785092608,8,0.001133818036123,20001587200.0,1.1307623895185896e+20,76294.0,1.401264756615045,1.4156316040480723,bin_2
config_1179,1536,25,32,0.0121304737403988,0.9755846261978148,0.9188297390937804,0.1958023905754089,0.0013382415054365,128,91475.0,1.3557617844288278e+20,23979638784,785092608,8,1.8679045076161727e-06,23973068800.0,1.3557617844288278e+20,91475.0,1.3408310780955142,1.3543532140821708,bin_2
config_118,832,7,16,0.0014208995271474,0.8293660283088684,0.9295414686203004,0.0032023966778069,0.0001637390523683,64,51538.0,5079586490405486592,6755308544,101480704,16,0.0001637390523683,1592524800.0,1.1995740458443318e+18,12171.0,1.838350818118111,1.857685860297719,bin_1
config_118,832,7,16,0.0014208995271474,0.8293660283088684,0.9295414686203004,0.0032023966778069,0.0001637390523683,64,51538.0,5079586490405486592,6755308544,101480704,16,0.0001637390523683,3191603200.0,2.399148091688664e+18,24342.0,1.7530896832513028,1.771694794795552,bin_1
config_118,832,7,16,0.0014208995271474,0.8293660283088684,0.9295414686203004,0.0032023966778069,0.0001637390523683,64,51538.0,5079586490405486592,6755308544,101480704,16,0.0001637390523683,4784128000.0,3.598820697556481e+18,36514.0,1.7181169880804468,1.7343603850974412,bin_1
config_118,832,7,16,0.0014208995271474,0.8293660283088684,0.9295414686203004,0.0032023966778069,0.0001637390523683,64,51538.0,5079586490405486592,6755308544,101480704,16,0.0001637390523683,6383206400.0,4.798394743400814e+18,48685.0,1.696336958955546,1.7120654771757908,bin_1
config_118,832,7,16,0.0014208995271474,0.8293660283088684,0.9295414686203004,0.0032023966778069,0.0001637390523683,64,51538.0,5079586490405486592,6755308544,101480704,16,3.770959993937249e-05,6750208000.0,5.079586490405487e+18,51538.0,1.6730748413429886,1.6886628956872909,bin_1
config_1180,1280,28,20,0.0140321301296353,0.8803938627243042,0.9686745405197144,0.2640710771083832,0.0002002420660573,128,39284.0,4.819624253526639e+19,10298241024,633280000,8,0.0002002420660573,3997696000.0,1.8720763283922964e+19,15259.0,1.5572112835919272,1.573384093339326,bin_2
config_1180,1280,28,20,0.0140321301296353,0.8803938627243042,0.9686745405197144,0.2640710771083832,0.0002002420660573,128,39284.0,4.819624253526639e+19,10298241024,633280000,8,0.0001695677536149,7995392000.0,3.744152656784593e+19,30518.0,1.473342354219468,1.4884355094296031,bin_2
config_1180,1280,28,20,0.0140321301296353,0.8803938627243042,0.9686745405197144,0.2640710771083832,0.0002002420660573,128,39284.0,4.819624253526639e+19,10298241024,633280000,8,6.563414871253899e-07,10289152000.0,4.819624253526639e+19,39284.0,1.4170808485199191,1.431645639304255,bin_2
config_1182,1344,24,32,0.0060205138288438,0.8966104984283447,0.9857292771339417,0.1963119655847549,5.8132722188020125e-05,128,103234.0,1.1689563180233156e+20,27062269952,587862912,16,5.8132722188020125e-05,11993088000.0,1.7278323475519472e+19,15259.0,1.6537109389852305,1.6712382768021254,bin_2
config_1182,1344,24,32,0.0060205138288438,0.8966104984283447,0.9857292771339417,0.1963119655847549,5.8132722188020125e-05,128,103234.0,1.1689563180233156e+20,27062269952,587862912,16,5.8132722188020125e-05,15990784000.0,3.4556646951038943e+19,30518.0,1.5428948924971408,1.559163519945301,bin_2
config_1182,1344,24,32,0.0060205138288438,0.8966104984283447,0.9857292771339417,0.1963119655847549,5.8132722188020125e-05,128,103234.0,1.1689563180233156e+20,27062269952,587862912,16,5.8132722188020125e-05,20001587200.0,5.183383809000455e+19,45776.0,1.4920300294923,1.5073071545069334,bin_2
config_1182,1344,24,32,0.0060205138288438,0.8966104984283447,0.9857292771339417,0.1963119655847549,5.8132722188020125e-05,128,103234.0,1.1689563180233156e+20,27062269952,587862912,16,3.3515381725294935e-05,23999283200.0,6.9112161565524025e+19,61035.0,1.4611573409252478,1.475879557875336,bin_2
config_1182,1344,24,32,0.0060205138288438,0.8966104984283447,0.9857292771339417,0.1963119655847549,5.8132722188020125e-05,128,103234.0,1.1689563180233156e+20,27062269952,587862912,16,9.75284986870972e-08,27053260800.0,8.63904850410435e+19,76294.0,1.4389431408194244,1.4532065345811065,bin_2
config_1182,1344,24,32,0.0060205138288438,0.8966104984283447,0.9857292771339417,0.1963119655847549,5.8132722188020125e-05,128,103234.0,1.1689563180233156e+20,27062269952,587862912,16,9.75284986870972e-08,27053260800.0,1.0366880851656298e+20,91553.0,1.4094104692193328,1.4238488301292795,bin_2
config_1182,1344,24,32,0.0060205138288438,0.8966104984283447,0.9857292771339417,0.1963119655847549,5.8132722188020125e-05,128,103234.0,1.1689563180233156e+20,27062269952,587862912,16,9.75284986870972e-08,27053260800.0,1.1689563180233156e+20,103234.0,1.3874966460368672,1.4016319030230162,bin_2
config_1183,1600,27,32,0.0288070030510425,0.9508829116821288,0.9902631640434264,0.1062887758016586,1.7198623027070425e-05,128,147467.0,2.546516704480985e+20,38657753088,921030400,8,1.7198623027070425e-05,3997696000.0,2.6349826329738416e+19,15259.0,1.805389770073969,1.824964593590283,bin_2
config_1183,1600,27,32,0.0288070030510425,0.9508829116821288,0.9902631640434264,0.1062887758016586,1.7198623027070425e-05,128,147467.0,2.546516704480985e+20,38657753088,921030400,8,1.7198623027070425e-05,7995392000.0,5.269965265947683e+19,30518.0,1.6366958870848671,1.6541509508500334,bin_2
config_1183,1600,27,32,0.0288070030510425,0.9508829116821288,0.9902631640434264,0.1062887758016586,1.7198623027070425e-05,128,147467.0,2.546516704480985e+20,38657753088,921030400,8,1.7198623027070425e-05,12006195200.0,7.904775215086872e+19,45776.0,1.5669669695955808,1.5836956580349657,bin_2
config_1183,1600,27,32,0.0288070030510425,0.9508829116821288,0.9902631640434264,0.1062887758016586,1.7198623027070425e-05,128,147467.0,2.546516704480985e+20,38657753088,921030400,8,1.7198623027070425e-05,16003891200.0,1.0539757848060712e+20,61035.0,1.5241428844362008,1.540441312907172,bin_2
config_1183,1600,27,32,0.0288070030510425,0.9508829116821288,0.9902631640434264,0.1062887758016586,1.7198623027070425e-05,128,147467.0,2.546516704480985e+20,38657753088,921030400,8,1.7198623027070425e-05,20001587200.0,1.3174740481034556e+20,76294.0,1.4937281948425731,1.509511183001956,bin_2
config_1183,1600,27,32,0.0288070030510425,0.9508829116821288,0.9902631640434264,0.1062887758016586,1.7198623027070425e-05,128,147467.0,2.546516704480985e+20,38657753088,921030400,8,1.7198623027070425e-05,23999283200.0,1.5809723114008396e+20,91553.0,1.4712956858560686,1.4866400570459053,bin_2
config_1183,1600,27,32,0.0288070030510425,0.9508829116821288,0.9902631640434264,0.1062887758016586,1.7198623027070425e-05,128,147467.0,2.546516704480985e+20,38657753088,921030400,8,1.7198623027070425e-05,27996979200.0,1.844470574698224e+20,106812.0,1.4532870803895543,1.4683631474561378,bin_2
config_1183,1600,27,32,0.0288070030510425,0.9508829116821288,0.9902631640434264,0.1062887758016586,1.7198623027070425e-05,128,147467.0,2.546516704480985e+20,38657753088,921030400,8,1.7198623027070425e-05,31994675200.0,2.1079515696121427e+20,122070.0,1.4387158968116416,1.4534755172104132,bin_2
config_1183,1600,27,32,0.0288070030510425,0.9508829116821288,0.9902631640434264,0.1062887758016586,1.7198623027070425e-05,128,147467.0,2.546516704480985e+20,38657753088,921030400,8,1.1101089011411988e-05,36005478400.0,2.3714498329095268e+20,137329.0,1.4174824344720998,1.4329120552051262,bin_2
config_1183,1600,27,32,0.0288070030510425,0.9508829116821288,0.9902631640434264,0.1062887758016586,1.7198623027070425e-05,128,147467.0,2.546516704480985e+20,38657753088,921030400,8,1.8653604150835573e-08,38653132800.0,2.546516704480985e+20,147467.0,1.3992910538051948,1.4144101651183894,bin_2
config_1184,1536,29,24,0.0014286185614764,0.89912348985672,0.9450861215591432,0.0865441933274269,0.0007101591327227,64,72531.0,6.164476783555196e+19,9506807808,898351104,8,0.0007101591327227,3997696000.0,2.5937530501514863e+19,30518.0,1.5350118262650536,1.550277445863505,bin_2
config_1184,1536,29,24,0.0014286185614764,0.89912348985672,0.9450861215591432,0.0865441933274269,0.0007101591327227,64,72531.0,6.164476783555196e+19,9506807808,898351104,8,0.0007101591327227,8001945600.0,5.18742110937794e+19,61035.0,1.4699888832451866,1.4850005278919565,bin_2
config_1184,1536,29,24,0.0014286185614764,0.89912348985672,0.9450861215591432,0.0865441933274269,0.0007101591327227,64,72531.0,6.164476783555196e+19,9506807808,898351104,8,3.507238030015219e-06,9502720000.0,6.164476783555196e+19,72531.0,1.406933283835161,1.421224290064124,bin_2
config_1185,1600,24,20,0.0231122467666864,0.949224054813385,0.9195614457130432,0.0848468542098999,2.9898003049311228e-05,128,87744.0,1.3591732605714432e+20,23001591808,827632000,8,2.9898003049311228e-05,3997696000.0,2.3636516209723343e+19,15259.0,1.687802239636906,1.7053891128985608,bin_2
config_1185,1600,24,20,0.0231122467666864,0.949224054813385,0.9195614457130432,0.0848468542098999,2.9898003049311228e-05,128,87744.0,1.3591732605714432e+20,23001591808,827632000,8,2.9898003049311228e-05,7995392000.0,4.7273032419446686e+19,30518.0,1.5679479840153554,1.584096276134741,bin_2
config_1185,1600,24,20,0.0231122467666864,0.949224054813385,0.9195614457130432,0.0848468542098999,2.9898003049311228e-05,128,87744.0,1.3591732605714432e+20,23001591808,827632000,8,2.9898003049311228e-05,12006195200.0,7.090799960785739e+19,45776.0,1.513770554358842,1.529411758028093,bin_2
config_1185,1600,24,20,0.0231122467666864,0.949224054813385,0.9195614457130432,0.0848468542098999,2.9898003049311228e-05,128,87744.0,1.3591732605714432e+20,23001591808,827632000,8,2.9898003049311228e-05,16003891200.0,9.454451581758072e+19,61035.0,1.480398625301533,1.495426249836312,bin_2
config_1185,1600,24,20,0.0231122467666864,0.949224054813385,0.9195614457130432,0.0848468542098999,2.9898003049311228e-05,128,87744.0,1.3591732605714432e+20,23001591808,827632000,8,2.9898003049311228e-05,20001587200.0,1.1818103202730408e+20,76294.0,1.4559475543069058,1.4709594480326915,bin_2
config_1185,1600,24,20,0.0231122467666864,0.949224054813385,0.9195614457130432,0.0848468542098999,2.9898003049311228e-05,128,87744.0,1.3591732605714432e+20,23001591808,827632000,8,1.767211357025406e-07,22990028800.0,1.3591732605714432e+20,87744.0,1.4196110232149968,1.4338364005870503,bin_2
config_1186,1280,29,32,0.0945945680141449,0.8174648284912109,0.931397259235382,0.0539552122354507,0.0005683269700966,128,89434.0,1.1331729954452275e+20,23444633600,653598720,8,0.0005683269700966,3997696000.0,1.933390739260094e+19,15259.0,1.578468060102619,1.594423440577554,bin_2
config_1186,1280,29,32,0.0945945680141449,0.8174648284912109,0.931397259235382,0.0539552122354507,0.0005683269700966,128,89434.0,1.1331729954452275e+20,23444633600,653598720,8,0.0005683269700966,7995392000.0,3.866781478520188e+19,30518.0,1.5181653280922625,1.5332831826757212,bin_2
config_1186,1280,29,32,0.0945945680141449,0.8174648284912109,0.931397259235382,0.0539552122354507,0.0005683269700966,128,89434.0,1.1331729954452275e+20,23444633600,653598720,8,0.0005683269700966,12006195200.0,5.800045512836364e+19,45776.0,1.4930913282710998,1.5074453707894342,bin_2
config_1186,1280,29,32,0.0945945680141449,0.8174648284912109,0.931397259235382,0.0539552122354507,0.0005683269700966,128,89434.0,1.1331729954452275e+20,23444633600,653598720,8,0.0005683269700966,16003891200.0,7.733436252096458e+19,61035.0,1.4784741488245667,1.4934294932885248,bin_2
config_1186,1280,29,32,0.0945945680141449,0.8174648284912109,0.931397259235382,0.0539552122354507,0.0005683269700966,128,89434.0,1.1331729954452275e+20,23444633600,653598720,8,0.0005683269700966,20001587200.0,9.666826991356553e+19,76294.0,1.4680658102817223,1.4828252201588428,bin_2
config_1186,1280,29,32,0.0945945680141449,0.8174648284912109,0.931397259235382,0.0539552122354507,0.0005683269700966,128,89434.0,1.1331729954452275e+20,23444633600,653598720,8,4.004791084619088e-06,23435673600.0,1.1331729954452275e+20,89434.0,1.380852367291685,1.3943759772816642,bin_2
config_1187,1600,28,32,0.0322575904428958,0.9345535039901732,0.9264463186264038,0.2420656681060791,1.874955887615215e-05,128,107146.0,1.913746721055572e+20,28087832576,952163200,8,1.874955887615215e-05,3997696000.0,2.725427101019821e+19,15259.0,1.7714198226811455,1.7910843929697255,bin_2
config_1187,1600,28,32,0.0322575904428958,0.9345535039901732,0.9264463186264038,0.2420656681060791,1.874955887615215e-05,128,107146.0,1.913746721055572e+20,28087832576,952163200,8,1.874955887615215e-05,7995392000.0,5.450854202039642e+19,30518.0,1.621097226142883,1.6387863709692094,bin_2
config_1187,1600,28,32,0.0322575904428958,0.9345535039901732,0.9264463186264038,0.2420656681060791,1.874955887615215e-05,128,107146.0,1.913746721055572e+20,28087832576,952163200,8,1.874955887615215e-05,12006195200.0,8.176102691938091e+19,45776.0,1.55620047102209,1.5730205974813367,bin_2
config_1187,1600,28,32,0.0322575904428958,0.9345535039901732,0.9264463186264038,0.2420656681060791,1.874955887615215e-05,128,107146.0,1.913746721055572e+20,28087832576,952163200,8,1.874955887615215e-05,16003891200.0,1.090152979295791e+20,61035.0,1.516083401324319,1.5323293886810052,bin_2
config_1187,1600,28,32,0.0322575904428958,0.9345535039901732,0.9264463186264038,0.2420656681060791,1.874955887615215e-05,128,107146.0,1.913746721055572e+20,28087832576,952163200,8,1.874955887615215e-05,20001587200.0,1.3626956893977733e+20,76294.0,1.4880594162569671,1.5037033576066376,bin_2
config_1187,1600,28,32,0.0322575904428958,0.9345535039901732,0.9264463186264038,0.2420656681060791,1.874955887615215e-05,128,107146.0,1.913746721055572e+20,28087832576,952163200,8,1.127460364869174e-05,23999283200.0,1.6352383994997552e+20,91553.0,1.4564281323796413,1.4715622837817082,bin_2
config_1187,1600,28,32,0.0322575904428958,0.9345535039901732,0.9264463186264038,0.2420656681060791,1.874955887615215e-05,128,107146.0,1.913746721055572e+20,28087832576,952163200,8,2.501290627370696e-07,27996979200.0,1.907781109601737e+20,106812.0,1.432271776306825,1.4468705536596111,bin_2
config_1187,1600,28,32,0.0322575904428958,0.9345535039901732,0.9264463186264038,0.2420656681060791,1.874955887615215e-05,128,107146.0,1.913746721055572e+20,28087832576,952163200,8,3.3254152849435864e-08,28075622400.0,1.913746721055572e+20,107146.0,1.432188376608442,1.4467819145956975,bin_2
config_1188,1536,30,32,0.1178563833236694,0.9878011345863342,0.9491539597511292,0.141729786992073,0.0012836609967052,128,97462.0,1.709733220363398e+20,25549316096,926665728,8,0.0012836609967052,3997696000.0,2.6768196024630206e+19,15259.0,1.59664984032756,1.6133319599120344,bin_2
config_1188,1536,30,32,0.1178563833236694,0.9878011345863342,0.9491539597511292,0.141729786992073,0.0012836609967052,128,97462.0,1.709733220363398e+20,25549316096,926665728,8,0.0012836609967052,7995392000.0,5.353639204926041e+19,30518.0,3.78881011560315,3.824967705148165,bin_2
config_1188,1536,30,32,0.1178563833236694,0.9878011345863342,0.9491539597511292,0.141729786992073,0.0012836609967052,128,97462.0,1.709733220363398e+20,25549316096,926665728,8,0.0012836609967052,12006195200.0,8.030283381764678e+19,45776.0,3.888264570314376,3.921539016747084,bin_2
config_1188,1536,30,32,0.1178563833236694,0.9878011345863342,0.9491539597511292,0.141729786992073,0.0012836609967052,128,97462.0,1.709733220363398e+20,25549316096,926665728,8,0.0012836609967052,16003891200.0,1.07071029842277e+20,61035.0,3.461190269462398,3.4971539040080835,bin_2
config_1188,1536,30,32,0.1178563833236694,0.9878011345863342,0.9491539597511292,0.141729786992073,0.0012836609967052,128,97462.0,1.709733220363398e+20,25549316096,926665728,8,0.0012836609967052,20001587200.0,1.338392258669072e+20,76294.0,3.4565081987615494,3.4931633888307165,bin_2
config_1188,1536,30,32,0.1178563833236694,0.9878011345863342,0.9491539597511292,0.141729786992073,0.0012836609967052,128,97462.0,1.709733220363398e+20,25549316096,926665728,8,0.0005494102521191,23999283200.0,1.606074218915374e+20,91553.0,3.40633127497845,3.441525109400515,bin_2
config_1188,1536,30,32,0.1178563833236694,0.9878011345863342,0.9491539597511292,0.141729786992073,0.0012836609967052,128,97462.0,1.709733220363398e+20,25549316096,926665728,8,1.1151764251402223e-06,25545932800.0,1.709733220363398e+20,97462.0,3.2136791693578,3.2475037926924037,bin_2
config_1189,1600,30,32,0.0477490685880184,0.9408450722694396,0.909613072872162,0.1856718808412552,1.0504568308533637e-05,128,144277.0,2.7479729169939825e+20,37821509632,1014428800,8,1.0504568308533637e-05,3997696000.0,2.906306531215036e+19,15259.0,1.9099933273675007,1.9307159865488768,bin_2
config_1189,1600,30,32,0.0477490685880184,0.9408450722694396,0.909613072872162,0.1856718808412552,1.0504568308533637e-05,128,144277.0,2.7479729169939825e+20,37821509632,1014428800,8,1.0504568308533637e-05,7995392000.0,5.812613062430072e+19,30518.0,1.7117937878507083,1.730777533112979,bin_2
config_1189,1600,30,32,0.0477490685880184,0.9408450722694396,0.909613072872162,0.1856718808412552,1.0504568308533637e-05,128,144277.0,2.7479729169939825e+20,37821509632,1014428800,8,1.0504568308533637e-05,12006195200.0,8.718729128573269e+19,45776.0,1.630643495712124,1.6485471216967849,bin_2
config_1189,1600,30,32,0.0477490685880184,0.9408450722694396,0.909613072872162,0.1856718808412552,1.0504568308533637e-05,128,144277.0,2.7479729169939825e+20,37821509632,1014428800,8,1.0504568308533637e-05,16003891200.0,1.1625035659788304e+20,61035.0,1.5823514940504169,1.5995291219578414,bin_2
config_1189,1600,30,32,0.0477490685880184,0.9408450722694396,0.909613072872162,0.1856718808412552,1.0504568308533637e-05,128,144277.0,2.7479729169939825e+20,37821509632,1014428800,8,1.0504568308533637e-05,20001587200.0,1.4531342191003342e+20,76294.0,1.5489737986638898,1.565340298668283,bin_2
config_1189,1600,30,32,0.0477490685880184,0.9408450722694396,0.909613072872162,0.1856718808412552,1.0504568308533637e-05,128,144277.0,2.7479729169939825e+20,37821509632,1014428800,8,1.0504568308533637e-05,23999283200.0,1.7437648722218376e+20,91553.0,1.5232541379479112,1.5392722775506191,bin_2
config_1189,1600,30,32,0.0477490685880184,0.9408450722694396,0.909613072872162,0.1856718808412552,1.0504568308533637e-05,128,144277.0,2.7479729169939825e+20,37821509632,1014428800,8,1.0504568308533637e-05,27996979200.0,2.034395525343341e+20,106812.0,1.5033212266398257,1.518866718303962,bin_2
config_1189,1600,30,32,0.0477490685880184,0.9408450722694396,0.909613072872162,0.1856718808412552,1.0504568308533637e-05,128,144277.0,2.7479729169939825e+20,37821509632,1014428800,8,8.716031050984662e-06,31994675200.0,2.325007131957661e+20,122070.0,1.483142817010645,1.498326385500001,bin_2
config_1189,1600,30,32,0.0477490685880184,0.9408450722694396,0.909613072872162,0.1856718808412552,1.0504568308533637e-05,128,144277.0,2.7479729169939825e+20,37821509632,1014428800,8,2.7163336073321066e-06,36005478400.0,2.6156377850791644e+20,137329.0,1.4579942005775013,1.4736035048082226,bin_2
config_1189,1600,30,32,0.0477490685880184,0.9408450722694396,0.909613072872162,0.1856718808412552,1.0504568308533637e-05,128,144277.0,2.7479729169939825e+20,37821509632,1014428800,8,1.0587701371151748e-08,37814272000.0,2.7479729169939825e+20,144277.0,1.4513301843307058,1.4668062038695229,bin_2
config_119,576,23,18,0.0114337289705872,0.8591312170028687,0.9470757842063904,0.2235157638788223,0.0036880786065012,32,9836.0,676068261986967552,644635072,120556800,8,0.0036880786065012,321126400.0,3.380341309934838e+17,4918.0,3.264186933048451,3.2932319727498323,bin_0
config_119,576,23,18,0.0114337289705872,0.8591312170028687,0.9470757842063904,0.2235157638788223,0.0036880786065012,32,9836.0,676068261986967552,644635072,120556800,8,6.0405291098291226e-05,642252800.0,6.760682619869676e+17,9836.0,3.078154691715016,3.108567746895175,bin_0
config_1190,1536,24,32,0.0314376316964626,0.8936839699745178,0.9107854962348938,0.1568625271320343,0.0020555662922561,128,97026.0,1.3852397926383354e+20,25435043840,756777984,8,0.0020555662922561,3997696000.0,2.178526786208682e+19,15259.0,1.55637861477547,1.5731695682689792,bin_2
config_1190,1536,24,32,0.0314376316964626,0.8936839699745178,0.9107854962348938,0.1568625271320343,0.0020555662922561,128,97026.0,1.3852397926383354e+20,25435043840,756777984,8,0.0020555662922561,7995392000.0,4.357053572417364e+19,30518.0,1.5012174697391325,1.5169308350320725,bin_2
config_1190,1536,24,32,0.0314376316964626,0.8936839699745178,0.9107854962348938,0.1568625271320343,0.0020555662922561,128,97026.0,1.3852397926383354e+20,25435043840,756777984,8,0.0020555662922561,12006195200.0,6.535437588668237e+19,45776.0,1.481400720428248,1.49711446115228,bin_2
config_1190,1536,24,32,0.0314376316964626,0.8936839699745178,0.9107854962348938,0.1568625271320343,0.0020555662922561,128,97026.0,1.3852397926383354e+20,25435043840,756777984,8,0.0020555662922561,16003891200.0,8.713964374876919e+19,61035.0,1.4702368678128133,1.4858084714998965,bin_2
config_1190,1536,24,32,0.0314376316964626,0.8936839699745178,0.9107854962348938,0.1568625271320343,0.0020555662922561,128,97026.0,1.3852397926383354e+20,25435043840,756777984,8,0.0020555662922561,20001587200.0,1.0892491161085605e+20,76294.0,1.4627004747703427,1.4774677096820268,bin_2
config_1190,1536,24,32,0.0314376316964626,0.8936839699745178,0.9107854962348938,0.1568625271320343,0.0020555662922561,128,97026.0,1.3852397926383354e+20,25435043840,756777984,8,0.0007396202783622,23999283200.0,1.3071017947294284e+20,91553.0,1.3907648923944254,1.4045828142908754,bin_2
config_1190,1536,24,32,0.0314376316964626,0.8936839699745178,0.9107854962348938,0.1568625271320343,0.0020555662922561,128,97026.0,1.3852397926383354e+20,25435043840,756777984,8,3.5117105985056976e-06,25427968000.0,1.3852397926383354e+20,97026.0,1.3472223773256675,1.360424899986533,bin_2
config_1191,1280,25,32,0.0092027587816119,0.9226479530334472,0.9573257565498352,0.1546168625354766,0.0022164576221257,128,63407.0,7.0144399742085366e+19,16621961216,572323840,16,0.0022164576221257,3997696000.0,1.6880366452670536e+19,15259.0,1.5363257935789765,1.5527560074993825,bin_2
config_1191,1280,25,32,0.0092027587816119,0.9226479530334472,0.9573257565498352,0.1546168625354766,0.0022164576221257,128,63407.0,7.0144399742085366e+19,16621961216,572323840,16,0.0022164576221257,7995392000.0,3.376073290534107e+19,30518.0,1.4780610609445417,1.4936389225428222,bin_2
config_1191,1280,25,32,0.0092027587816119,0.9226479530334472,0.9573257565498352,0.1546168625354766,0.0022164576221257,128,63407.0,7.0144399742085366e+19,16621961216,572323840,16,0.0022164576221257,12006195200.0,5.063999310160865e+19,45776.0,1.4539490444933785,1.4672043594766837,bin_2
config_1191,1280,25,32,0.0092027587816119,0.9226479530334472,0.9573257565498352,0.1546168625354766,0.0022164576221257,128,63407.0,7.0144399742085366e+19,16621961216,572323840,16,0.0005329175370142,16003891200.0,6.752035955427919e+19,61035.0,1.3913170321652146,1.403354253768921,bin_2
config_1191,1280,25,32,0.0092027587816119,0.9226479530334472,0.9573257565498352,0.1546168625354766,0.0022164576221257,128,63407.0,7.0144399742085366e+19,16621961216,572323840,16,1.5826995159525133e-06,16619929600.0,7.0144399742085366e+19,63407.0,1.3780821621613424,1.389926501649325,bin_2
config_1192,1472,30,32,0.0597999729216098,0.8408438563346863,0.9102481007575988,0.2550119757652282,5.907977902097628e-05,128,142599.0,1.7789601083187187e+20,28036155392,876749696,8,0.0,24015667200.0,2.538139888436108e+19,15259.0,1.6402525053649653,1.6575511544845145,bin_2
config_1192,1472,30,32,0.0597999729216098,0.8408438563346863,0.9102481007575988,0.2550119757652282,5.907977902097628e-05,128,142599.0,1.7789601083187187e+20,28036155392,876749696,8,0.0,27013939200.0,5.076279776872215e+19,30518.0,1.5286582878378572,1.5452515966579563,bin_2
config_1192,1472,30,32,0.0597999729216098,0.8408438563346863,0.9102481007575988,0.2550119757652282,5.907977902097628e-05,128,142599.0,1.7789601083187187e+20,28036155392,876749696,8,0.0,28026470400.0,7.61425332807204e+19,45776.0,1.4799551241710538,1.4954232384630892,bin_2
config_1192,1472,30,32,0.0597999729216098,0.8408438563346863,0.9102481007575988,0.2550119757652282,5.907977902097628e-05,128,142599.0,1.7789601083187187e+20,28036155392,876749696,8,0.0,28026470400.0,1.0152393216508148e+20,61035.0,1.4494869362526253,1.465701471488984,bin_2
config_1192,1472,30,32,0.0597999729216098,0.8408438563346863,0.9102481007575988,0.2550119757652282,5.907977902097628e-05,128,142599.0,1.7789601083187187e+20,28036155392,876749696,8,0.0,28026470400.0,1.2690533104944256e+20,76294.0,1.4296182311949184,1.444924480006343,bin_2
config_1192,1472,30,32,0.0597999729216098,0.8408438563346863,0.9102481007575988,0.2550119757652282,5.907977902097628e-05,128,142599.0,1.7789601083187187e+20,28036155392,876749696,8,0.0,28026470400.0,1.5228672993380365e+20,91553.0,1.396618592162601,1.4116933035948238,bin_2
config_1192,1472,30,32,0.0597999729216098,0.8408438563346863,0.9102481007575988,0.2550119757652282,5.907977902097628e-05,128,142599.0,1.7789601083187187e+20,28036155392,876749696,8,0.0,28026470400.0,1.776681288181647e+20,106812.0,1.3680555557618377,1.3826878368952236,bin_2
config_1192,1472,30,32,0.0597999729216098,0.8408438563346863,0.9102481007575988,0.2550119757652282,5.907977902097628e-05,128,142599.0,1.7789601083187187e+20,28036155392,876749696,8,0.0,28026470400.0,1.7789601083187187e+20,106949.0,1.3680321257329378,1.3826666884441845,bin_2
config_1193,1536,28,32,0.1264948099851608,0.8044952154159546,0.9732344150543212,0.2707783877849579,1.0055556231236553e-05,128,64815.0,1.0664621420912522e+20,16990922752,870036480,8,1.0055556231236553e-05,3997696000.0,2.5107067540184244e+19,15259.0,1.901266744723085,1.922166994946902,bin_2
config_1193,1536,28,32,0.1264948099851608,0.8044952154159546,0.9732344150543212,0.2707783877849579,1.0055556231236553e-05,128,64815.0,1.0664621420912522e+20,16990922752,870036480,8,1.0055556231236553e-05,7995392000.0,5.021413508036849e+19,30518.0,1.719760614750815,1.7386450119487575,bin_2
config_1193,1536,28,32,0.1264948099851608,0.8044952154159546,0.9732344150543212,0.2707783877849579,1.0055556231236553e-05,128,64815.0,1.0664621420912522e+20,16990922752,870036480,8,1.0055556231236553e-05,12006195200.0,7.531955722652035e+19,45776.0,1.6403080216978416,1.658256856887067,bin_2
config_1193,1536,28,32,0.1264948099851608,0.8044952154159546,0.9732344150543212,0.2707783877849579,1.0055556231236553e-05,128,64815.0,1.0664621420912522e+20,16990922752,870036480,8,2.157217618837928e-06,16003891200.0,1.004266247667046e+20,61035.0,1.5834837071622003,1.6007673843766823,bin_2
config_1193,1536,28,32,0.1264948099851608,0.8044952154159546,0.9732344150543212,0.2707783877849579,1.0055556231236553e-05,128,64815.0,1.0664621420912522e+20,16990922752,870036480,8,8.594492505330687e-09,16986931200.0,1.0664621420912522e+20,64815.0,1.5771107347871436,1.5942761999857231,bin_2
config_1194,1280,29,32,0.0043326639570295,0.8273538947105408,0.9693722724914552,0.2366534173488617,0.0003166738606523,128,124288.0,1.5747966468396417e+20,32581548032,653598720,8,0.0003166738606523,3997696000.0,1.933398400016582e+19,15259.0,1.5722715512064638,1.5874376589743815,bin_2
config_1194,1280,29,32,0.0043326639570295,0.8273538947105408,0.9693722724914552,0.2366534173488617,0.0003166738606523,128,124288.0,1.5747966468396417e+20,32581548032,653598720,8,0.0003166738606523,7995392000.0,3.866796800033164e+19,30518.0,1.4813992957404405,1.496639810370617,bin_2
config_1194,1280,29,32,0.0043326639570295,0.8273538947105408,0.9693722724914552,0.2366534173488617,0.0003166738606523,128,124288.0,1.5747966468396417e+20,32581548032,653598720,8,0.0003166738606523,12006195200.0,5.8000684946037785e+19,45776.0,1.444906269341219,1.459433840923622,bin_2
config_1194,1280,29,32,0.0043326639570295,0.8273538947105408,0.9693722724914552,0.2366534173488617,0.0003166738606523,128,124288.0,1.5747966468396417e+20,32581548032,653598720,8,0.0003166738606523,16003891200.0,7.73346689462036e+19,61035.0,1.421558770449435,1.4357826598257315,bin_2
config_1194,1280,29,32,0.0043326639570295,0.8273538947105408,0.9693722724914552,0.2366534173488617,0.0003166738606523,128,124288.0,1.5747966468396417e+20,32581548032,653598720,8,0.0003166738606523,20001587200.0,9.66686529463694e+19,76294.0,1.4051145777350569,1.41928443086929,bin_2
config_1194,1280,29,32,0.0043326639570295,0.8273538947105408,0.9693722724914552,0.2366534173488617,0.0003166738606523,128,124288.0,1.5747966468396417e+20,32581548032,653598720,8,0.0003166738606523,23999283200.0,1.1600263694653524e+20,91553.0,1.3929821206702562,1.4069726344796478,bin_2
config_1194,1280,29,32,0.0043326639570295,0.8273538947105408,0.9693722724914552,0.2366534173488617,0.0003166738606523,128,124288.0,1.5747966468396417e+20,32581548032,653598720,8,0.0001882838362318,27996979200.0,1.3533662094670106e+20,106812.0,1.3663778834655638,1.3800905422695346,bin_2
config_1194,1280,29,32,0.0043326639570295,0.8273538947105408,0.9693722724914552,0.2366534173488617,0.0003166738606523,128,124288.0,1.5747966468396417e+20,32581548032,653598720,8,2.4095335400673508e-05,31994675200.0,1.546693378924072e+20,122070.0,1.3390605671972524,1.3521317153875945,bin_2
config_1194,1280,29,32,0.0043326639570295,0.8273538947105408,0.9693722724914552,0.2366534173488617,0.0003166738606523,128,124288.0,1.5747966468396417e+20,32581548032,653598720,8,4.091254446942261e-07,32571392000.0,1.5747966468396417e+20,124288.0,1.337125247619191,1.350211067971636,bin_2
config_1197,1536,24,32,0.0051747481338679,0.8481680750846863,0.9115896224975586,0.1938311159610748,0.0038552181795239,128,151835.0,2.16773240259078e+20,39802761216,756777984,8,0.0038552181795239,3997696000.0,2.1785114585657262e+19,15259.0,1.540783581899815,1.5566179114287018,bin_2
config_1197,1536,24,32,0.0051747481338679,0.8481680750846863,0.9115896224975586,0.1938311159610748,0.0038552181795239,128,151835.0,2.16773240259078e+20,39802761216,756777984,8,0.0038552181795239,7995392000.0,4.357022917131453e+19,30518.0,1.473226568464373,1.4884460810071132,bin_2
config_1197,1536,24,32,0.0051747481338679,0.8481680750846863,0.9115896224975586,0.1938311159610748,0.0038552181795239,128,151835.0,2.16773240259078e+20,39802761216,756777984,8,0.0038552181795239,12006195200.0,6.53539160674387e+19,45776.0,1.4483279340579862,1.463271090730292,bin_2
config_1197,1536,24,32,0.0051747481338679,0.8481680750846863,0.9115896224975586,0.1938311159610748,0.0038552181795239,128,151835.0,2.16773240259078e+20,39802761216,756777984,8,0.0038552181795239,16003891200.0,8.713903065309597e+19,61035.0,1.4330303212658304,1.447951499800213,bin_2
config_1197,1536,24,32,0.0051747481338679,0.8481680750846863,0.9115896224975586,0.1938311159610748,0.0038552181795239,128,151835.0,2.16773240259078e+20,39802761216,756777984,8,0.0038552181795239,20001587200.0,1.0892414523875325e+20,76294.0,1.4269832294886229,1.4408460221915949,bin_2
config_1197,1536,24,32,0.0051747481338679,0.8481680750846863,0.9115896224975586,0.1938311159610748,0.0038552181795239,128,151835.0,2.16773240259078e+20,39802761216,756777984,8,0.0038552181795239,23999283200.0,1.307092598244105e+20,91553.0,1.4206067418954411,1.4343399562210333,bin_2
config_1197,1536,24,32,0.0051747481338679,0.8481680750846863,0.9115896224975586,0.1938311159610748,0.0038552181795239,128,151835.0,2.16773240259078e+20,39802761216,756777984,8,0.0038552181795239,27996979200.0,1.5249437441006777e+20,106812.0,1.4136595914402943,1.4272048566869049,bin_2
config_1197,1536,24,32,0.0051747481338679,0.8481680750846863,0.9115896224975586,0.1938311159610748,0.0038552181795239,128,151835.0,2.16773240259078e+20,39802761216,756777984,8,0.0038552181795239,31994675200.0,1.7427806130619194e+20,122070.0,1.410250191581054,1.4236892878911531,bin_2
config_1197,1536,24,32,0.0051747481338679,0.8481680750846863,0.9115896224975586,0.1938311159610748,0.0038552181795239,128,151835.0,2.16773240259078e+20,39802761216,756777984,8,0.0018974799636562,36005478400.0,1.960631758918492e+20,137329.0,1.3681313434878333,1.3821610161515534,bin_2
config_1197,1536,24,32,0.0051747481338679,0.8481680750846863,0.9115896224975586,0.1938311159610748,0.0038552181795239,128,151835.0,2.16773240259078e+20,39802761216,756777984,8,4.584867016083679e-06,39793459200.0,2.16773240259078e+20,151835.0,1.3241710775015785,1.3369952046968898,bin_2
config_1198,1408,25,32,0.0064699682407081,0.988901138305664,0.9293347597122192,0.19288931787014,9.244633110938594e-05,128,120062.0,1.5460870704814463e+20,31473678336,674612224,16,9.244633110938594e-05,3997696000.0,1.964963319657876e+19,15259.0,1.6074161592077036,1.6228892033999085,bin_2
config_1198,1408,25,32,0.0064699682407081,0.988901138305664,0.9293347597122192,0.19288931787014,9.244633110938594e-05,128,120062.0,1.5460870704814463e+20,31473678336,674612224,16,9.244633110938594e-05,7995392000.0,3.929926639315752e+19,30518.0,1.5089001895560592,1.524660448715335,bin_2
config_1198,1408,25,32,0.0064699682407081,0.988901138305664,0.9293347597122192,0.19288931787014,9.244633110938594e-05,128,120062.0,1.5460870704814463e+20,31473678336,674612224,16,9.244633110938594e-05,12006195200.0,5.8947611849176826e+19,45776.0,1.4618241503199594,1.476008303517201,bin_2
config_1198,1408,25,32,0.0064699682407081,0.988901138305664,0.9293347597122192,0.19288931787014,9.244633110938594e-05,128,120062.0,1.5460870704814463e+20,31473678336,674612224,16,9.244633110938594e-05,16003891200.0,7.85972450457556e+19,61035.0,1.433910078025255,1.44757994866762,bin_2
config_1198,1408,25,32,0.0064699682407081,0.988901138305664,0.9293347597122192,0.19288931787014,9.244633110938594e-05,128,120062.0,1.5460870704814463e+20,31473678336,674612224,16,9.244633110938594e-05,20001587200.0,9.824687824233436e+19,76294.0,1.4138889385833115,1.4279823343089368,bin_2
config_1198,1408,25,32,0.0064699682407081,0.988901138305664,0.9293347597122192,0.19288931787014,9.244633110938594e-05,128,120062.0,1.5460870704814463e+20,31473678336,674612224,16,9.244633110938594e-05,23999283200.0,1.178965114389131e+20,91553.0,1.3999316859049875,1.4138315878539789,bin_2
config_1198,1408,25,32,0.0064699682407081,0.988901138305664,0.9293347597122192,0.19288931787014,9.244633110938594e-05,128,120062.0,1.5460870704814463e+20,31473678336,674612224,16,5.2941672129401344e-05,27996979200.0,1.3754614463549186e+20,106812.0,1.3741959169262743,1.3870747508768175,bin_2
config_1198,1408,25,32,0.0064699682407081,0.988901138305664,0.9293347597122192,0.19288931787014,9.244633110938594e-05,128,120062.0,1.5460870704814463e+20,31473678336,674612224,16,4.7903790193992134e-08,31470387200.0,1.5460870704814463e+20,120062.0,1.3509186409535956,1.3635301896392322,bin_2
config_1199,1600,27,32,0.0016413264675065,0.9715794920921326,0.9699845910072328,0.0505200885236263,0.0005941917188465,128,61988.0,1.0704343582292705e+20,16249878528,921030400,8,0.0005941917188465,3997696000.0,2.6349870736627155e+19,15259.0,1.5033770338238264,1.5187305609124606,bin_2
config_1199,1600,27,32,0.0016413264675065,0.9715794920921326,0.9699845910072328,0.0505200885236263,0.0005941917188465,128,61988.0,1.0704343582292705e+20,16249878528,921030400,8,0.0005941917188465,7995392000.0,5.269974147325431e+19,30518.0,1.4319089237881488,1.4461391877150926,bin_2
config_1199,1600,27,32,0.0016413264675065,0.9715794920921326,0.9699845910072328,0.0505200885236263,0.0005941917188465,128,61988.0,1.0704343582292705e+20,16249878528,921030400,8,0.0005941917188465,12006195200.0,7.904788536862471e+19,45776.0,1.3978249106739389,1.4115939632107,bin_2
config_1199,1600,27,32,0.0016413264675065,0.9715794920921326,0.9699845910072328,0.0505200885236263,0.0005941917188465,128,61988.0,1.0704343582292705e+20,16249878528,921030400,8,0.0001780108055822,16003891200.0,1.0539775610525186e+20,61035.0,1.3541373339735094,1.3675988597752615,bin_2
config_1199,1600,27,32,0.0016413264675065,0.9715794920921326,0.9699845910072328,0.0505200885236263,0.0005941917188465,128,61988.0,1.0704343582292705e+20,16249878528,921030400,8,7.211525172842303e-06,16239820800.0,1.0704343582292704e+20,61988.0,1.346765391220812,1.3599783919092086,bin_2
config_12,1152,11,12,0.011310419999063,0.9212814569473268,0.9259523153305054,0.01957368850708,0.0040657152421772,64,27527.0,6169807591376486400,3608057600,233123328,8,0.0040657152421772,1592524800.0,2.72796629471585e+18,12171.0,2.890217473675017,2.919824368324451,bin_2
config_12,1152,11,12,0.011310419999063,0.9212814569473268,0.9259523153305054,0.01957368850708,0.0040657152421772,64,27527.0,6169807591376486400,3608057600,233123328,8,0.0040657152421772,3191603200.0,5.4559325894317e+18,24342.0,2.6566323834549403,2.684304074013869,bin_2
config_12,1152,11,12,0.011310419999063,0.9212814569473268,0.9259523153305054,0.01957368850708,0.0040657152421772,64,27527.0,6169807591376486400,3608057600,233123328,8,0.0002040414712616,3604480000.0,6.169807591376486e+18,27527.0,2.953870007300478,2.970385828126956,bin_2
config_120,896,4,8,0.0435597114264965,0.9696089029312134,0.9930973052978516,0.1635321974754333,2.475456494721584e-05,128,49289.0,7760142440107868160,12920852480,85426432,16,2.475456494721584e-05,1599078400.0,9.581899996043028e+17,6086.0,2.3525477990166084,2.376198119413657,bin_2
config_120,896,4,8,0.0435597114264965,0.9696089029312134,0.9930973052978516,0.1635321974754333,2.475456494721584e-05,128,49289.0,7760142440107868160,12920852480,85426432,16,2.475456494721584e-05,3185049600.0,1.9162225575392653e+18,12171.0,2.0845198523411987,2.106130856646866,bin_2
config_120,896,4,8,0.0435597114264965,0.9696089029312134,0.9930973052978516,0.1635321974754333,2.475456494721584e-05,128,49289.0,7760142440107868160,12920852480,85426432,16,2.475456494721584e-05,4784128000.0,2.8744125571435684e+18,18257.0,1.9863225803609756,2.005621640799476,bin_2
config_120,896,4,8,0.0435597114264965,0.9696089029312134,0.9930973052978516,0.1635321974754333,2.475456494721584e-05,128,49289.0,7760142440107868160,12920852480,85426432,16,2.475456494721584e-05,6383206400.0,3.832445115078531e+18,24342.0,1.9292031107574208,1.9475961504607904,bin_2
config_120,896,4,8,0.0435597114264965,0.9696089029312134,0.9930973052978516,0.1635321974754333,2.475456494721584e-05,128,49289.0,7760142440107868160,12920852480,85426432,16,2.475456494721584e-05,7982284800.0,4.790635114682834e+18,30428.0,1.8898209526499763,1.908435824699089,bin_2
config_120,896,4,8,0.0435597114264965,0.9696089029312134,0.9930973052978516,0.1635321974754333,2.475456494721584e-05,128,49289.0,7760142440107868160,12920852480,85426432,16,2.475456494721584e-05,9568256000.0,5.748825114287137e+18,36514.0,1.858050893681948,1.8791544621108007,bin_2
config_120,896,4,8,0.0435597114264965,0.9696089029312134,0.9930973052978516,0.1635321974754333,2.475456494721584e-05,128,49289.0,7760142440107868160,12920852480,85426432,16,2.054383187741027e-05,11167334400.0,6.706857672222099e+18,42599.0,1.8328643327072016,1.8534586184923767,bin_2
config_120,896,4,8,0.0435597114264965,0.9696089029312134,0.9930973052978516,0.1635321974754333,2.475456494721584e-05,128,49289.0,7760142440107868160,12920852480,85426432,16,1.8089874384503864e-06,12766412800.0,7.665047671826403e+18,48685.0,1.811053668514627,1.8312398970713384,bin_2
config_120,896,4,8,0.0435597114264965,0.9696089029312134,0.9930973052978516,0.1635321974754333,2.475456494721584e-05,128,49289.0,7760142440107868160,12920852480,85426432,16,1.1978015297040001e-07,12910592000.0,7.760142440107868e+18,49289.0,1.810273855748724,1.8302090729650904,bin_2
config_1200,1408,28,32,0.0099931014701724,0.9868639707565308,0.9766306281089784,0.1920600533485412,0.0077229803428053,128,76294.0,1.3624984170310926e+20,24996177920,747070720,8,0.0077229803428053,4999301109.933678,1.3624984170310926e+20,15259.0,3.587246434649483,3.5957003233471854,bin_2
config_1200,1408,28,32,0.0099931014701724,0.9868639707565308,0.9766306281089784,0.1920600533485412,0.0077229803428053,128,76294.0,1.3624984170310926e+20,24996177920,747070720,8,0.0077229803428053,9998602219.867355,1.3624984170310926e+20,30518.0,3.5832123170524346,3.5988507622187256,bin_2
config_1200,1408,28,32,0.0099931014701724,0.9868639707565308,0.9766306281089784,0.1920600533485412,0.0077229803428053,128,76294.0,1.3624984170310926e+20,24996177920,747070720,8,0.0077229803428053,14997575700.132643,1.3624984170310926e+20,45776.0,3.493525887786365,3.524731264935165,bin_2
config_1200,1408,28,32,0.0099931014701724,0.9868639707565308,0.9766306281089784,0.1920600533485412,0.0077229803428053,128,76294.0,1.3624984170310926e+20,24996177920,747070720,8,0.0077229803428053,19996876810.066322,1.3624984170310926e+20,61035.0,3.632916676450949,3.6155121115387465,bin_2
config_1200,1408,28,32,0.0099931014701724,0.9868639707565308,0.9766306281089784,0.1920600533485412,0.0077229803428053,128,76294.0,1.3624984170310926e+20,24996177920,747070720,8,0.0,24996177920.0,1.3624984170310926e+20,76294.0,3.708247992640636,3.7036583281345057,bin_2
config_121,832,13,16,0.0113221295177936,0.8992184400558472,0.9905765056610109,0.15568907558918,0.000264307425823,64,42705.0,6612526030458716160,5597517824,152608768,8,0.000264307425823,1592524800.0,1.8845815318279603e+18,12171.0,1.734202278090305,1.7522370873513768,bin_2
config_121,832,13,16,0.0113221295177936,0.8992184400558472,0.9905765056610109,0.15568907558918,0.000264307425823,64,42705.0,6612526030458716160,5597517824,152608768,8,0.000264307425823,3191603200.0,3.7691630636559206e+18,24342.0,1.6500152193522843,1.6676392328348315,bin_2
config_121,832,13,16,0.0113221295177936,0.8992184400558472,0.9905765056610109,0.15568907558918,0.000264307425823,64,42705.0,6612526030458716160,5597517824,152608768,8,0.0002466948822551,4784128000.0,5.653899437446893e+18,36514.0,1.6107113077796873,1.6246080524999589,bin_2
config_121,832,13,16,0.0113221295177936,0.8992184400558472,0.9905765056610109,0.15568907558918,0.000264307425823,64,42705.0,6612526030458716160,5597517824,152608768,8,1.9878717345296745e-07,5596774400.0,6.612526030458716e+18,42705.0,1.5599617207050325,1.5733556355413842,bin_2
config_122,512,6,8,0.0621223002672195,0.8897701501846313,0.9660729765892028,0.0235373154282569,1.528522261651233e-05,64,51604.0,2385169141038317568,6763908096,46195712,16,1.528522261651233e-05,1592524800.0,5.625512288887947e+17,12171.0,2.492538533591445,2.517580976136919,bin_1
config_122,512,6,8,0.0621223002672195,0.8897701501846313,0.9660729765892028,0.0235373154282569,1.528522261651233e-05,64,51604.0,2385169141038317568,6763908096,46195712,16,1.528522261651233e-05,3191603200.0,1.1251024577775894e+18,24342.0,2.2082448086039865,2.231058431438729,bin_1
config_122,512,6,8,0.0621223002672195,0.8897701501846313,0.9660729765892028,0.0235373154282569,1.528522261651233e-05,64,51604.0,2385169141038317568,6763908096,46195712,16,1.528522261651233e-05,4784128000.0,1.6876999072915497e+18,36514.0,2.090248083037591,2.111358367209136,bin_1
config_122,512,6,8,0.0621223002672195,0.8897701501846313,0.9660729765892028,0.0235373154282569,1.528522261651233e-05,64,51604.0,2385169141038317568,6763908096,46195712,16,1.528522261651233e-05,6383206400.0,2.2502511361803443e+18,48685.0,2.0219884916297537,2.042721308668113,bin_1
config_122,512,6,8,0.0621223002672195,0.8897701501846313,0.9660729765892028,0.0235373154282569,1.528522261651233e-05,64,51604.0,2385169141038317568,6763908096,46195712,16,5.036317171832788e-08,6763315200.0,2.3851691410383176e+18,51604.0,2.003034903463832,2.0233573575830643,bin_1
config_123,384,22,16,0.0024510971270501,0.8284271359443665,0.9719297289848328,0.2322180271148681,0.0008286444935947,64,74994.0,5475427131312046080,9829741568,58252032,16,0.0008286444935947,1592524800.0,8.886234047416982e+17,12171.0,1.8225853326672412,1.842743146185015,bin_1
config_123,384,22,16,0.0024510971270501,0.8284271359443665,0.9719297289848328,0.2322180271148681,0.0008286444935947,64,74994.0,5475427131312046080,9829741568,58252032,16,0.0008286444935947,3191603200.0,1.7772468094833964e+18,24342.0,1.7554699128963909,1.774951675798072,bin_1
config_123,384,22,16,0.0024510971270501,0.8284271359443665,0.9719297289848328,0.2322180271148681,0.0008286444935947,64,74994.0,5475427131312046080,9829741568,58252032,16,0.0008286444935947,4784128000.0,2.665943225761102e+18,36514.0,1.7267880191177618,1.745160768422924,bin_1
config_123,384,22,16,0.0024510971270501,0.8284271359443665,0.9719297289848328,0.2322180271148681,0.0008286444935947,64,74994.0,5475427131312046080,9829741568,58252032,16,0.0008286444935947,6383206400.0,3.5545666305028e+18,48685.0,1.7082208760449145,1.7250032922088123,bin_1
config_123,384,22,16,0.0024510971270501,0.8284271359443665,0.9719297289848328,0.2322180271148681,0.0008286444935947,64,74994.0,5475427131312046080,9829741568,58252032,16,0.0006730416743657,7975731200.0,4.4431900352444974e+18,60856.0,1.6860839370039642,1.7024101447277382,bin_1
config_123,384,22,16,0.0024510971270501,0.8284271359443665,0.9719297289848328,0.2322180271148681,0.0008286444935947,64,74994.0,5475427131312046080,9829741568,58252032,16,9.250516225727716e-05,9574809600.0,5.331813439986196e+18,73027.0,1.6398234404892218,1.6567890433014416,bin_1
config_123,384,22,16,0.0024510971270501,0.8284271359443665,0.9719297289848328,0.2322180271148681,0.0008286444935947,64,74994.0,5475427131312046080,9829741568,58252032,16,2.093738240391014e-06,9823846400.0,5.475427131312046e+18,74994.0,1.6352859644029962,1.6521790279716742,bin_1
config_124,512,6,16,0.0200212094932794,0.9471274614334106,0.9536486864089966,0.2233599871397018,0.000214345214772,64,12898.0,596173485013991424,1690640128,46195712,16,5.567021550329323e-05,1592524800.0,5.625699710114196e+17,12171.0,1.845245260100272,1.864960854593643,bin_0
config_124,512,6,16,0.0200212094932794,0.9471274614334106,0.9536486864089966,0.2233599871397018,0.000214345214772,64,12898.0,596173485013991424,1690640128,46195712,16,3.5724202462006306e-06,1684275200.0,5.961734850139914e+17,12898.0,1.8344413564431847,1.8540224748591332,bin_0
config_125,512,12,16,0.0832136124372482,0.8749970197677612,0.913178563117981,0.1931610256433487,0.0008339219493791,64,45823.0,3308246406268452864,6006118912,66649088,16,0.0008339219493791,1592524800.0,8.786999325817459e+17,12171.0,1.8493124157973555,1.8685528171247163,bin_1
config_125,512,12,16,0.0832136124372482,0.8749970197677612,0.913178563117981,0.1931610256433487,0.0008339219493791,64,45823.0,3308246406268452864,6006118912,66649088,16,0.0008339219493791,3191603200.0,1.7573998651634918e+18,24342.0,1.799897125161947,1.8183557164983688,bin_1
config_125,512,12,16,0.0832136124372482,0.8749970197677612,0.913178563117981,0.1931610256433487,0.0008339219493791,64,45823.0,3308246406268452864,6006118912,66649088,16,0.0008339219493791,4784128000.0,2.63617199394379e+18,36514.0,1.7784071386834548,1.7960332427935009,bin_1
config_125,512,12,16,0.0832136124372482,0.8749970197677612,0.913178563117981,0.1931610256433487,0.0008339219493791,64,45823.0,3308246406268452864,6006118912,66649088,16,2.1670099238187872e-06,6003097600.0,3.308246406268453e+18,45823.0,1.6607525390062758,1.6771030747189692,bin_1
config_126,960,12,12,0.0010296918917447,0.9298856258392334,0.9253758788108826,0.1140989959239959,0.0002723115321714,64,22242.0,3990995035800698880,2915319552,181000320,8,0.0002723115321714,1592524800.0,2.183904351260242e+18,12171.0,1.7417032975885085,1.7589841402207274,bin_1
config_126,960,12,12,0.0010296918917447,0.9298856258392334,0.9253758788108826,0.1140989959239959,0.0002723115321714,64,22242.0,3990995035800698880,2915319552,181000320,8,4.50811365833683e-06,2909798400.0,3.990995035800699e+18,22242.0,1.6269356436961229,1.6435966649822389,bin_1
config_127,384,23,16,0.1042278259992599,0.9660692811012268,0.9556037187576294,0.1303469985723495,2.730642518145032e-05,128,60406.0,9138144085543747584,15835126784,60022272,16,2.730642518145032e-05,1599078400.0,9.206824637390202e+17,6086.0,2.6342620747988343,2.662195416044016,bin_2
config_127,384,23,16,0.1042278259992599,0.9660692811012268,0.9556037187576294,0.1303469985723495,2.730642518145032e-05,128,60406.0,9138144085543747584,15835126784,60022272,16,2.730642518145032e-05,3185049600.0,1.84121364872948e+18,12171.0,2.228059762931261,2.251878819621977,bin_2
config_127,384,23,16,0.1042278259992599,0.9660692811012268,0.9556037187576294,0.1303469985723495,2.730642518145032e-05,128,60406.0,9138144085543747584,15835126784,60022272,16,2.730642518145032e-05,4784128000.0,2.7618961124685e+18,18257.0,2.068496063380945,2.090230957054701,bin_2
config_127,384,23,16,0.1042278259992599,0.9660692811012268,0.9556037187576294,0.1303469985723495,2.730642518145032e-05,128,60406.0,9138144085543747584,15835126784,60022272,16,2.730642518145032e-05,6383206400.0,3.68242729745896e+18,24342.0,1.9816731423237284,2.0030620458086985,bin_2
config_127,384,23,16,0.1042278259992599,0.9660692811012268,0.9556037187576294,0.1303469985723495,2.730642518145032e-05,128,60406.0,9138144085543747584,15835126784,60022272,16,2.730642518145032e-05,7982284800.0,4.60310976119798e+18,30428.0,1.927087037602409,1.9479846500959552,bin_2
config_127,384,23,16,0.1042278259992599,0.9660692811012268,0.9556037187576294,0.1303469985723495,2.730642518145032e-05,128,60406.0,9138144085543747584,15835126784,60022272,16,2.730642518145032e-05,9568256000.0,5.523792224937e+18,36514.0,1.8877130694076665,1.909473298260423,bin_2
config_127,384,23,16,0.1042278259992599,0.9660692811012268,0.9556037187576294,0.1303469985723495,2.730642518145032e-05,128,60406.0,9138144085543747584,15835126784,60022272,16,2.730642518145032e-05,11167334400.0,6.44432340992746e+18,42599.0,1.8584144206906927,1.879505172127583,bin_2
config_127,384,23,16,0.1042278259992599,0.9660692811012268,0.9556037187576294,0.1303469985723495,2.730642518145032e-05,128,60406.0,9138144085543747584,15835126784,60022272,16,2.730642518145032e-05,12766412800.0,7.365005873666479e+18,48685.0,1.8363411312415951,1.8564751496862195,bin_2
config_127,384,23,16,0.1042278259992599,0.9660692811012268,0.9556037187576294,0.1303469985723495,2.730642518145032e-05,128,60406.0,9138144085543747584,15835126784,60022272,16,1.9617063486127656e-05,14352384000.0,8.285537058656939e+18,54770.0,1.8133135678729075,1.8322218207062269,bin_2
config_127,384,23,16,0.1042278259992599,0.9660692811012268,0.9556037187576294,0.1303469985723495,2.730642518145032e-05,128,60406.0,9138144085543747584,15835126784,60022272,16,2.081018050154764e-08,15833497600.0,9.138144085543748e+18,60406.0,1.7918420689614092,1.8103465785354864,bin_2
config_128,1024,19,16,0.0302694085985422,0.8174729347229004,0.9236218929290771,0.2408254295587539,0.0002982383302878,64,29732.0,8773933395442925568,3897120256,295579648,8,0.0002982383302878,1592524800.0,3.591670367144351e+18,12171.0,1.7227639848091565,1.7410496790291834,bin_2
config_128,1024,19,16,0.0302694085985422,0.8174729347229004,0.9236218929290771,0.2408254295587539,0.0002982383302878,64,29732.0,8773933395442925568,3897120256,295579648,8,0.0002241785884929,3191603200.0,7.183340734288702e+18,24342.0,1.6302842591629654,1.6476397669510765,bin_2
config_128,1024,19,16,0.0302694085985422,0.8174729347229004,0.9236218929290771,0.2408254295587539,0.0002982383302878,64,29732.0,8773933395442925568,3897120256,295579648,8,1.3329087387167022e-06,3892838400.0,8.773933395442926e+18,29732.0,1.5660907311419971,1.582336216754601,bin_2
config_129,896,23,8,0.0045051523484289,0.9197020530700684,0.9563891887664796,0.136887639760971,0.0002345518587389,64,11066.0,3146912212510015488,1450509184,277218816,8,0.0002345518587389,727449600.0,1.5734561062550075e+18,5533.0,1.8152002261197069,1.834440807261995,bin_1
config_129,896,23,8,0.0045051523484289,0.9197020530700684,0.9563891887664796,0.136887639760971,0.0002345518587389,64,11066.0,3146912212510015488,1450509184,277218816,8,2.478751479408146e-06,1448345600.0,3.1469122125100155e+18,11066.0,1.6667980675063734,1.6842986214261435,bin_1
config_13,512,17,16,0.0077903103083372,0.8364718556404114,0.9210257530212402,0.1558320522308349,0.0003470052033662,64,51561.0,4838694406987972608,6758298624,83693568,16,0.0003470052033662,1592524800.0,1.1421762500232852e+18,12171.0,1.8199601849876736,1.8385526601721456,bin_1
config_13,512,17,16,0.0077903103083372,0.8364718556404114,0.9210257530212402,0.1558320522308349,0.0003470052033662,64,51561.0,4838694406987972608,6758298624,83693568,16,0.0003470052033662,3191603200.0,2.2843525000465705e+18,24342.0,1.75041654402581,1.7685464756227154,bin_1
config_13,512,17,16,0.0077903103083372,0.8364718556404114,0.9210257530212402,0.1558320522308349,0.0003470052033662,64,51561.0,4838694406987972608,6758298624,83693568,16,0.0003470052033662,4784128000.0,3.4266225941459405e+18,36514.0,1.7238349309487289,1.7402544025293465,bin_1
config_13,512,17,16,0.0077903103083372,0.8364718556404114,0.9210257530212402,0.1558320522308349,0.0003470052033662,64,51561.0,4838694406987972608,6758298624,83693568,16,0.0001235725525057,6383206400.0,4.5687988441692257e+18,48685.0,1.665062126009182,1.680607610504989,bin_1
config_13,512,17,16,0.0077903103083372,0.8364718556404114,0.9210257530212402,0.1558320522308349,0.0003470052033662,64,51561.0,4838694406987972608,6758298624,83693568,16,4.751129246986698e-07,6756761600.0,4.838694406987973e+18,51561.0,1.6436853906116695,1.6590502277493635,bin_1
config_130,256,4,4,0.0314527750015258,0.9241002202033995,0.9116182923316956,0.2847696542739868,8.906439325073734e-05,64,72640.0,1169564422330908672,9521153024,16281088,16,8.906439325073734e-05,1592524800.0,1.95963223901287e+17,12171.0,2.2192750176671536,2.2425036636383893,bin_1
config_130,256,4,4,0.0314527750015258,0.9241002202033995,0.9116182923316956,0.2847696542739868,8.906439325073734e-05,64,72640.0,1169564422330908672,9521153024,16281088,16,8.906439325073734e-05,3191603200.0,3.91926447802574e+17,24342.0,2.088634954673294,2.111204022045261,bin_1
config_130,256,4,4,0.0314527750015258,0.9241002202033995,0.9116182923316956,0.2847696542739868,8.906439325073734e-05,64,72640.0,1169564422330908672,9521153024,16281088,16,8.906439325073734e-05,4784128000.0,5.879057725356663e+17,36514.0,2.0431553355711034,2.064273001121138,bin_1
config_130,256,4,4,0.0314527750015258,0.9241002202033995,0.9116182923316956,0.2847696542739868,8.906439325073734e-05,64,72640.0,1169564422330908672,9521153024,16281088,16,8.906439325073734e-05,6383206400.0,7.838689964369532e+17,48685.0,2.0183807840050845,2.0392222916251748,bin_1
config_130,256,4,4,0.0314527750015258,0.9241002202033995,0.9116182923316956,0.2847696542739868,8.906439325073734e-05,64,72640.0,1169564422330908672,9521153024,16281088,16,5.076476656641011e-05,7975731200.0,9.798322203382404e+17,60856.0,1.9943154813498,2.014842378118892,bin_1
config_130,256,4,4,0.0314527750015258,0.9241002202033995,0.9116182923316956,0.2847696542739868,8.906439325073734e-05,64,72640.0,1169564422330908672,9521153024,16281088,16,1.7222991201496106e-07,9515827200.0,1.1695644223309087e+18,72640.0,1.975528776586424,1.9967008007901428,bin_1
config_132,704,14,22,0.0050299628637731,0.8600471615791321,0.9746368527412416,0.2417212277650833,0.0002583976020105,128,53984.0,13931685170234523648,14151749632,123725184,8,0.0002583976020105,1599078400.0,1.5706178857818486e+18,6086.0,1.8127073079445324,1.832515418881276,bin_2
config_132,704,14,22,0.0050299628637731,0.8600471615791321,0.9746368527412416,0.2417212277650833,0.0002583976020105,128,53984.0,13931685170234523648,14151749632,123725184,8,0.0002583976020105,3185049600.0,3.1409777009285043e+18,12171.0,1.7023793584987763,1.7212556504616972,bin_2
config_132,704,14,22,0.0050299628637731,0.8600471615791321,0.9746368527412416,0.2417212277650833,0.0002583976020105,128,53984.0,13931685170234523648,14151749632,123725184,8,0.0002583976020105,4784128000.0,4.711595586710353e+18,18257.0,1.6554804337220117,1.672429141724696,bin_2
config_132,704,14,22,0.0050299628637731,0.8600471615791321,0.9746368527412416,0.2417212277650833,0.0002583976020105,128,53984.0,13931685170234523648,14151749632,123725184,8,0.0002583976020105,6383206400.0,6.281955401857009e+18,24342.0,1.6281776416888003,1.6444623390768396,bin_2
config_132,704,14,22,0.0050299628637731,0.8600471615791321,0.9746368527412416,0.2417212277650833,0.0002583976020105,128,53984.0,13931685170234523648,14151749632,123725184,8,0.0002583976020105,7982284800.0,7.852573287638858e+18,30428.0,1.6095311366534624,1.6257288812809303,bin_2
config_132,704,14,22,0.0050299628637731,0.8600471615791321,0.9746368527412416,0.2417212277650833,0.0002583976020105,128,53984.0,13931685170234523648,14151749632,123725184,8,0.0002583976020105,9568256000.0,9.423191173420706e+18,36514.0,1.594645571513254,1.6104873232177046,bin_2
config_132,704,14,22,0.0050299628637731,0.8600471615791321,0.9746368527412416,0.2417212277650833,0.0002583976020105,128,53984.0,13931685170234523648,14151749632,123725184,8,0.000225427105624,11167334400.0,1.0993550988567362e+19,42599.0,1.5787521721691382,1.5941730846537918,bin_2
config_132,704,14,22,0.0050299628637731,0.8600471615791321,0.9746368527412416,0.2417212277650833,0.0002583976020105,128,53984.0,13931685170234523648,14151749632,123725184,8,0.0001046342960398,12766412800.0,1.2564168874349212e+19,48685.0,1.5511572661165332,1.5662433183193207,bin_2
config_132,704,14,22,0.0050299628637731,0.8600471615791321,0.9746368527412416,0.2417212277650833,0.0002583976020105,128,53984.0,13931685170234523648,14151749632,123725184,8,6.732713976824022e-07,14142668800.0,1.3931685170234524e+19,53984.0,1.5338315724544838,1.547806964878176,bin_2
config_134,1024,5,16,0.0203004758805036,0.92259681224823,0.9090343713760376,0.1144875958561897,0.0013346225023269,32,12810.0,688488257243971584,839535168,115720192,16,0.0013346225023269,419430400.0,3.442441286219858e+17,6405.0,2.023989027520714,2.0453282567773927,bin_0
config_134,1024,5,16,0.0203004758805036,0.92259681224823,0.9090343713760376,0.1144875958561897,0.0013346225023269,32,12810.0,688488257243971584,839535168,115720192,16,9.10383698722356e-06,838860800.0,6.884882572439716e+17,12810.0,1.8432305422035629,1.8614612691130747,bin_0
config_136,704,13,16,0.0011003592517226,0.8739659786224365,0.9722180366516112,0.1181619316339492,0.0006436887779273,128,54820.0,13354950531931176960,14370961408,117415936,16,0.0006436887779273,1599078400.0,1.4826382513194662e+18,6086.0,1.765093429909378,1.784022029736003,bin_2
config_136,704,13,16,0.0011003592517226,0.8739659786224365,0.9722180366516112,0.1181619316339492,0.0006436887779273,128,54820.0,13354950531931176960,14370961408,117415936,16,0.0006436887779273,3185049600.0,2.965032888072498e+18,12171.0,1.6713867038195251,1.6896066600377442,bin_2
config_136,704,13,16,0.0011003592517226,0.8739659786224365,0.9722180366516112,0.1181619316339492,0.0006436887779273,128,54820.0,13354950531931176960,14370961408,117415936,16,0.0006436887779273,4784128000.0,4.4476711393919647e+18,18257.0,1.6335750664648463,1.650053487879331,bin_2
config_136,704,13,16,0.0011003592517226,0.8739659786224365,0.9722180366516112,0.1181619316339492,0.0006436887779273,128,54820.0,13354950531931176960,14370961408,117415936,16,0.0006436887779273,6383206400.0,5.930065776144996e+18,24342.0,1.611157715359672,1.627302480603828,bin_2
config_136,704,13,16,0.0011003592517226,0.8739659786224365,0.9722180366516112,0.1181619316339492,0.0006436887779273,128,54820.0,13354950531931176960,14370961408,117415936,16,0.0006436887779273,7982284800.0,7.412704027464462e+18,30428.0,1.5955152169993667,1.6112919261416452,bin_2
config_136,704,13,16,0.0011003592517226,0.8739659786224365,0.9722180366516112,0.1181619316339492,0.0006436887779273,128,54820.0,13354950531931176960,14370961408,117415936,16,0.0006436887779273,9568256000.0,8.895342278783929e+18,36514.0,1.5819116853495112,1.5985176490173965,bin_2
config_136,704,13,16,0.0011003592517226,0.8739659786224365,0.9722180366516112,0.1181619316339492,0.0006436887779273,128,54820.0,13354950531931176960,14370961408,117415936,16,0.0006436887779273,11167334400.0,1.0377736915536962e+19,42599.0,1.573309591559113,1.589213499241188,bin_2
config_136,704,13,16,0.0011003592517226,0.8739659786224365,0.9722180366516112,0.1181619316339492,0.0006436887779273,128,54820.0,13354950531931176960,14370961408,117415936,16,0.0006082098689076,12766412800.0,1.1860375166856428e+19,48685.0,1.5645090236820158,1.5799574065990136,bin_2
config_136,704,13,16,0.0011003592517226,0.8739659786224365,0.9722180366516112,0.1181619316339492,0.0006436887779273,128,54820.0,13354950531931176960,14370961408,117415936,16,6.956648827375527e-06,14352384000.0,1.334276980360946e+19,54770.0,1.5254868767300591,1.5386184761172434,bin_2
config_136,704,13,16,0.0011003592517226,0.8739659786224365,0.9722180366516112,0.1181619316339492,0.0006436887779273,128,54820.0,13354950531931176960,14370961408,117415936,16,1.98761395067866e-06,14365491200.0,1.3354950531931177e+19,54820.0,1.5254588417147026,1.5385831894640063,bin_2
config_137,640,11,20,0.0377118177711963,0.9578600525856018,0.9398182034492492,0.1110697239637374,1.040064944390906e-05,32,5331.0,245043393122181120,349415392,88061440,16,1.040064944390906e-05,173670400.0,1.2249871368797837e+17,2665.0,3.1524161513592035,3.184636499530784,bin_0
config_137,640,11,20,0.0377118177711963,0.9578600525856018,0.9398182034492492,0.1110697239637374,1.040064944390906e-05,32,5331.0,245043393122181120,349415392,88061440,16,5.446286026371298e-07,347340800.0,2.4504339312218112e+17,5331.0,2.9061325230889103,2.93544430258938,bin_0
config_14,256,16,16,0.0269946958869695,0.860435962677002,0.9427583813667296,0.0423292107880115,0.0002349194401176,64,19182.0,652893645850804224,2514246144,26510848,16,0.0002349194401176,1592524800.0,4.142617330648597e+17,12171.0,1.973507345973287,1.9946140247446933,bin_0
config_14,256,16,16,0.0269946958869695,0.860435962677002,0.9427583813667296,0.0423292107880115,0.0002349194401176,64,19182.0,652893645850804224,2514246144,26510848,16,9.269324394285152e-06,2510028800.0,6.528936458508042e+17,19182.0,1.88754202012802,1.9076201205052403,bin_0
config_140,704,18,16,0.0034730962943285,0.9060853123664856,0.9462706446647644,0.2942233085632324,3.637058398453519e-05,128,40908.0,12922899703387914240,10724007936,148962176,8,3.637058398453519e-05,1599078400.0,1.92257669880754e+18,6086.0,2.126814425538798,2.149145905697932,bin_2
config_140,704,18,16,0.0034730962943285,0.9060853123664856,0.9462706446647644,0.2942233085632324,3.637058398453519e-05,128,40908.0,12922899703387914240,10724007936,148962176,8,3.637058398453519e-05,3185049600.0,3.844837496087179e+18,12171.0,1.9017973970585185,1.922469544430248,bin_2
config_140,704,18,16,0.0034730962943285,0.9060853123664856,0.9462706446647644,0.2942233085632324,3.637058398453519e-05,128,40908.0,12922899703387914240,10724007936,148962176,8,3.637058398453519e-05,4784128000.0,5.767414194894718e+18,18257.0,1.8139428348033155,1.8308606950376856,bin_2
config_140,704,18,16,0.0034730962943285,0.9060853123664856,0.9462706446647644,0.2942233085632324,3.637058398453519e-05,128,40908.0,12922899703387914240,10724007936,148962176,8,3.637058398453519e-05,6383206400.0,7.689674992174358e+18,24342.0,1.761539320261752,1.778338288557334,bin_2
config_140,704,18,16,0.0034730962943285,0.9060853123664856,0.9462706446647644,0.2942233085632324,3.637058398453519e-05,128,40908.0,12922899703387914240,10724007936,148962176,8,3.160215747011208e-05,7982284800.0,9.612251690981898e+18,30428.0,1.7233305050896817,1.7400381396051312,bin_2
config_140,704,18,16,0.0034730962943285,0.9060853123664856,0.9462706446647644,0.2942233085632324,3.637058398453519e-05,128,40908.0,12922899703387914240,10724007936,148962176,8,1.3320167348274437e-05,9568256000.0,1.1534828389789436e+19,36514.0,1.6879053039042675,1.7053670027216927,bin_2
config_140,704,18,16,0.0034730962943285,0.9060853123664856,0.9462706446647644,0.2942233085632324,3.637058398453519e-05,128,40908.0,12922899703387914240,10724007936,148962176,8,2.4174532392517678e-08,10721689600.0,1.2922899703387914e+19,40908.0,1.6743395567526582,1.6915172454177356,bin_2
config_141,384,4,6,0.018301922827959,0.9462901949882508,0.9959050416946412,0.291961133480072,0.0001284630270674,128,50575.0,2599317526637445120,13258152960,26387712,16,0.0001284630270674,1599078400.0,3.127918233735144e+17,6086.0,2.1214868198329904,2.143297961869946,bin_1
config_141,384,4,6,0.018301922827959,0.9462901949882508,0.9959050416946412,0.291961133480072,0.0001284630270674,128,50575.0,2599317526637445120,13258152960,26387712,16,0.0001284630270674,3185049600.0,6.255322514424982e+17,12171.0,1.976522928794892,1.9971456555310905,bin_1
config_141,384,4,6,0.018301922827959,0.9462901949882508,0.9959050416946412,0.291961133480072,0.0001284630270674,128,50575.0,2599317526637445120,13258152960,26387712,16,0.0001284630270674,4784128000.0,9.383240748160128e+17,18257.0,1.9241957003579808,1.9421623824135656,bin_1
config_141,384,4,6,0.018301922827959,0.9462901949882508,0.9959050416946412,0.291961133480072,0.0001284630270674,128,50575.0,2599317526637445120,13258152960,26387712,16,0.0001284630270674,6383206400.0,1.2510645028849964e+18,24342.0,1.8952622744501584,1.9125685439206364,bin_1
config_141,384,4,6,0.018301922827959,0.9462901949882508,0.9959050416946412,0.291961133480072,0.0001284630270674,128,50575.0,2599317526637445120,13258152960,26387712,16,0.0001284630270674,7982284800.0,1.5638563262585108e+18,30428.0,1.8736674765309207,1.8917490176344325,bin_1
config_141,384,4,6,0.018301922827959,0.9462901949882508,0.9959050416946412,0.291961133480072,0.0001284630270674,128,50575.0,2599317526637445120,13258152960,26387712,16,0.0001224596753115,9568256000.0,1.876648149632025e+18,36514.0,1.856238530369561,1.876122283416608,bin_1
config_141,384,4,6,0.018301922827959,0.9462901949882508,0.9959050416946412,0.291961133480072,0.0001284630270674,128,50575.0,2599317526637445120,13258152960,26387712,16,6.938656558504386e-05,11167334400.0,2.189388577701009e+18,42599.0,1.837747434851822,1.8572624278643104,bin_1
config_141,384,4,6,0.018301922827959,0.9462901949882508,0.9959050416946412,0.291961133480072,0.0001284630270674,128,50575.0,2599317526637445120,13258152960,26387712,16,1.631345585855264e-05,12766412800.0,2.502180401074523e+18,48685.0,1.8237367337931591,1.8429081035891577,bin_1
config_141,384,4,6,0.018301922827959,0.9462901949882508,0.9959050416946412,0.291961133480072,0.0001284630270674,128,50575.0,2599317526637445120,13258152960,26387712,16,2.175127447806905e-07,13251379200.0,2.599317526637445e+18,50575.0,1.8211758554988795,1.839806724912836,bin_1
config_142,640,22,10,0.004982475657016,0.947515904903412,0.9088433384895324,0.2068767696619033,0.0004552711907308,32,4789.0,379612480558080000,313852000,143944960,8,0.0004552711907308,157286400.0,1.8976660648487024e+17,2394.0,2.2457389866621944,2.268742862573029,bin_0
config_142,640,22,10,0.004982475657016,0.947515904903412,0.9088433384895324,0.2068767696619033,0.0004552711907308,32,4789.0,379612480558080000,313852000,143944960,8,1.7934925695457945e-05,311296000.0,3.7961248055808e+17,4789.0,1.9853039980921905,2.005757874111056,bin_0
config_143,832,7,16,0.0075609101913869,0.955179750919342,0.9478598833084106,0.2773872911930084,0.0002514373336452,64,27633.0,2723526082854420480,3621999360,101480704,16,0.0002514373336452,1592524800.0,1.1995815132059912e+18,12171.0,1.7884189288622236,1.806713539613892,bin_1
config_143,832,7,16,0.0075609101913869,0.955179750919342,0.9478598833084106,0.2773872911930084,0.0002514373336452,64,27633.0,2723526082854420480,3621999360,101480704,16,0.0001076932506663,3191603200.0,2.3991630264119823e+18,24342.0,1.6850830688019522,1.7021589232262555,bin_1
config_143,832,7,16,0.0075609101913869,0.955179750919342,0.9478598833084106,0.2773872911930084,0.0002514373336452,64,27633.0,2723526082854420480,3621999360,101480704,16,1.0825090685316469e-06,3617587200.0,2.7235260828544205e+18,27633.0,1.6585222212729362,1.6753502478773532,bin_1
config_144,832,9,16,0.0013798149302601,0.9733240008354188,0.9633411169052124,0.2119512259960174,0.000199927992071,32,12052.0,706997614510227456,789879168,118523392,16,0.000199927992071,396492800.0,3.534988072551137e+17,6026.0,1.972375163156868,1.992547358415108,bin_0
config_144,832,9,16,0.0013798149302601,0.9733240008354188,0.9633411169052124,0.2119512259960174,0.000199927992071,32,12052.0,706997614510227456,789879168,118523392,16,1.565606829060447e-07,789708800.0,7.069976145102275e+17,12052.0,1.8040425251188683,1.821838771319083,bin_0
config_145,512,13,8,0.0012072670506313,0.9570940732955932,0.9803966283798218,0.2242175787687301,0.0001036573958117,32,14001.0,535754457667141632,917634752,70057984,16,0.0001036573958117,458752000.0,2.678580961124199e+17,7000.0,2.065957723461855,2.087378431078716,bin_0
config_145,512,13,8,0.0012072670506313,0.9570940732955932,0.9803966283798218,0.2242175787687301,0.0001036573958117,32,14001.0,535754457667141632,917634752,70057984,16,3.30224261904259e-08,917504000.0,5.357544576671416e+17,14001.0,1.894562973525678,1.913933694551668,bin_0
config_146,512,6,16,0.0957846716046333,0.806829571723938,0.9084144830703736,0.1919735223054886,5.182906534173526e-05,32,4260.0,98471546572898304,279247488,46195712,16,5.182906534173526e-05,140902400.0,4.923577328644915e+16,2130.0,2.853143442441897,2.881890873548112,bin_0
config_146,512,6,16,0.0957846716046333,0.806829571723938,0.9084144830703736,0.1919735223054886,5.182906534173526e-05,32,4260.0,98471546572898304,279247488,46195712,16,6.343826847213558e-07,278528000.0,9.84715465728983e+16,4260.0,2.6448628621590538,2.671808368295253,bin_0
config_147,768,15,24,0.0042094280943274,0.8424946069717407,0.9508960247039796,0.0239343177527189,0.0025765285827219,128,39883.0,12042325546660528128,10455205888,144804864,8,0.0025765285827219,1599078400.0,1.8376148553763756e+18,6086.0,1.7187773814357694,1.7364965199642497,bin_2
config_147,768,15,24,0.0042094280943274,0.8424946069717407,0.9508960247039796,0.0239343177527189,0.0025765285827219,128,39883.0,12042325546660528128,10455205888,144804864,8,0.0025765285827219,3185049600.0,3.674927769435732e+18,12171.0,1.6444205824273532,1.6624751709523748,bin_2
config_147,768,15,24,0.0042094280943274,0.8424946069717407,0.9508960247039796,0.0239343177527189,0.0025765285827219,128,39883.0,12042325546660528128,10455205888,144804864,8,0.0025765285827219,4784128000.0,5.512542624812107e+18,18257.0,1.6140280790602577,1.629235442075573,bin_2
config_147,768,15,24,0.0042094280943274,0.8424946069717407,0.9508960247039796,0.0239343177527189,0.0025765285827219,128,39883.0,12042325546660528128,10455205888,144804864,8,0.0025765285827219,6383206400.0,7.349855538871464e+18,24342.0,1.594505631630538,1.6095000765362724,bin_2
config_147,768,15,24,0.0042094280943274,0.8424946069717407,0.9508960247039796,0.0239343177527189,0.0025765285827219,128,39883.0,12042325546660528128,10455205888,144804864,8,0.0025765285827219,7982284800.0,9.18747039424784e+18,30428.0,1.5805524077767232,1.595803098717674,bin_2
config_147,768,15,24,0.0042094280943274,0.8424946069717407,0.9508960247039796,0.0239343177527189,0.0025765285827219,128,39883.0,12042325546660528128,10455205888,144804864,8,0.0025765285827219,9568256000.0,1.1025085249624214e+19,36514.0,1.5710721037231508,1.5852235733876463,bin_2
config_147,768,15,24,0.0042094280943274,0.8424946069717407,0.9508960247039796,0.0239343177527189,0.0025765285827219,128,39883.0,12042325546660528128,10455205888,144804864,8,8.912520254698549e-05,10446438400.0,1.2042325546660528e+19,39883.0,1.530611944882596,1.5444577621631934,bin_2
config_148,768,24,6,0.0010892336722463,0.8342776894569397,0.9559993147850036,0.124794878065586,0.0006141236517578,32,12737.0,1422289425458626560,834737088,208519680,8,0.0006141236517578,416153600.0,7.110888797456649e+17,6368.0,1.9211985856485492,1.94005333285871,bin_1
config_148,768,24,6,0.0010892336722463,0.8342776894569397,0.9559993147850036,0.124794878065586,0.0006141236517578,32,12737.0,1422289425458626560,834737088,208519680,8,1.4299921406570135e-05,832307200.0,1.4222894254586266e+18,12737.0,1.748129496251649,1.765124737554077,bin_1
config_149,1024,9,16,0.0751291438937187,0.9113813042640686,0.9885201454162598,0.0741611123085022,0.000153317436343,128,49599.0,15980105768166752256,13002237952,167108608,8,0.000153317436343,1599078400.0,1.960824284865881e+18,6086.0,1.8112461912241136,1.8306406970688556,bin_2
config_149,1024,9,16,0.0751291438937187,0.9113813042640686,0.9885201454162598,0.0741611123085022,0.000153317436343,128,49599.0,15980105768166752256,13002237952,167108608,8,0.000153317436343,3185049600.0,3.921326383684299e+18,12171.0,1.6967736873665793,1.7152355193505522,bin_2
config_149,1024,9,16,0.0751291438937187,0.9113813042640686,0.9885201454162598,0.0741611123085022,0.000153317436343,128,49599.0,15980105768166752256,13002237952,167108608,8,0.000153317436343,4784128000.0,5.88215066855018e+18,18257.0,1.645605075339802,1.6616681785075391,bin_2
config_149,1024,9,16,0.0751291438937187,0.9113813042640686,0.9885201454162598,0.0741611123085022,0.000153317436343,128,49599.0,15980105768166752256,13002237952,167108608,8,0.000153317436343,6383206400.0,7.842652767368598e+18,24342.0,1.6151922127067069,1.6307759616804904,bin_2
config_149,1024,9,16,0.0751291438937187,0.9113813042640686,0.9885201454162598,0.0741611123085022,0.000153317436343,128,49599.0,15980105768166752256,13002237952,167108608,8,0.000153317436343,7982284800.0,9.80347705223448e+18,30428.0,1.5939252554002354,1.6096344249561183,bin_2
config_149,1024,9,16,0.0751291438937187,0.9113813042640686,0.9885201454162598,0.0741611123085022,0.000153317436343,128,49599.0,15980105768166752256,13002237952,167108608,8,0.000153317436343,9568256000.0,1.176430133710036e+19,36514.0,1.5786972975730895,1.5937320170246188,bin_2
config_149,1024,9,16,0.0751291438937187,0.9113813042640686,0.9885201454162598,0.0741611123085022,0.000153317436343,128,49599.0,15980105768166752256,13002237952,167108608,8,0.000153317436343,11167334400.0,1.3724803435918778e+19,42599.0,1.567544578587423,1.5819630424702753,bin_2
config_149,1024,9,16,0.0751291438937187,0.9113813042640686,0.9885201454162598,0.0741611123085022,0.000153317436343,128,49599.0,15980105768166752256,13002237952,167108608,8,3.747481655041054e-05,12766412800.0,1.568562772078466e+19,48685.0,1.5289132180370268,1.5428657494802944,bin_2
config_149,1024,9,16,0.0751291438937187,0.9113813042640686,0.9885201454162598,0.0741611123085022,0.000153317436343,128,49599.0,15980105768166752256,13002237952,167108608,8,2.042565084505127e-06,12989235200.0,1.5980105768166752e+19,49599.0,1.519128260886083,1.535141661557995,bin_2
config_15,1152,16,16,0.1281783431768417,0.8709485530853271,0.9239434599876404,0.1199620142579078,0.0001739525905577,64,8572.0,2617362384757161984,1123657856,312761088,8,0.0001739525905577,563609600.0,1.308681192378581e+18,4286.0,1.8890113858496316,1.909072817005198,bin_1
config_15,1152,16,16,0.1281783431768417,0.8709485530853271,0.9239434599876404,0.1199620142579078,0.0001739525905577,64,8572.0,2617362384757161984,1123657856,312761088,8,3.722720809601598e-06,1120665600.0,2.617362384757162e+18,8572.0,1.7237630352350743,1.742096397006362,bin_1
config_150,768,9,12,0.0257197842001914,0.8373668789863586,0.9811001420021056,0.098066858947277,9.669139399193229e-05,32,8614.0,442459950908866560,564540992,102328320,16,9.669139399193229e-05,281804800.0,2.2122997545443328e+17,4307.0,2.157970175586763,2.17968015995182,bin_0
config_150,768,9,12,0.0257197842001914,0.8373668789863586,0.9811001420021056,0.098066858947277,9.669139399193229e-05,32,8614.0,442459950908866560,564540992,102328320,16,1.6038856823306357e-06,563609600.0,4.4245995090886656e+17,8614.0,1.9505544801618235,1.97101288115392,bin_0
config_151,704,9,8,0.0990390032529831,0.9255010485649108,0.9917033314704896,0.1366190612316131,0.0006168645923025,64,7977.0,741078998983876608,1045677632,92178944,16,0.0006168645923025,524288000.0,3.704930485079228e+17,3988.0,1.889807921198548,1.9089354583474456,bin_0
config_151,704,9,8,0.0990390032529831,0.9255010485649108,0.9917033314704896,0.1366190612316131,0.0006168645923025,64,7977.0,741078998983876608,1045677632,92178944,16,1.5294163445518844e-05,1042022400.0,7.410789989838766e+17,7977.0,1.7369555700802413,1.7556605185837042,bin_0
config_152,1152,17,24,0.0105846812948584,0.8561805486679077,0.9279930591583252,0.036378264427185,0.0075398376211524,64,34296.0,11027945535298338816,4495355904,328688640,8,0.0075398376211524,1592524800.0,3.913608733091792e+18,12171.0,3.261331171989441,3.2950021638635727,bin_2
config_152,1152,17,24,0.0105846812948584,0.8561805486679077,0.9279930591583252,0.036378264427185,0.0075398376211524,64,34296.0,11027945535298338816,4495355904,328688640,8,0.0075398376211524,3191603200.0,7.827217466183583e+18,24342.0,3.194074118489125,3.2258072028785456,bin_2
config_152,1152,17,24,0.0105846812948584,0.8561805486679077,0.9279930591583252,0.036378264427185,0.0075398376211524,64,34296.0,11027945535298338816,4495355904,328688640,8,0.0002781335449663,4489216000.0,1.102794553529834e+19,34296.0,3.0739690260808974,3.105610683511515,bin_2
config_153,1088,6,16,0.0712016299366951,0.8973424434661865,0.9398059844970704,0.1634277701377868,0.0018737084465101,64,74638.0,9979342716431499264,9782980608,143287424,16,0.0018737084465101,1592524800.0,1.6273021812171786e+18,12171.0,1.7858240363246105,1.804758940290232,bin_2
config_153,1088,6,16,0.0712016299366951,0.8973424434661865,0.9398059844970704,0.1634277701377868,0.0018737084465101,64,74638.0,9979342716431499264,9782980608,143287424,16,0.0018737084465101,3191603200.0,3.254604362434357e+18,24342.0,1.741494677105888,1.7598806836956835,bin_2
config_153,1088,6,16,0.0712016299366951,0.8973424434661865,0.9398059844970704,0.1634277701377868,0.0018737084465101,64,74638.0,9979342716431499264,9782980608,143287424,16,0.0018737084465101,4784128000.0,4.882040246895412e+18,36514.0,1.727467947983351,1.744895767149378,bin_2
config_153,1088,6,16,0.0712016299366951,0.8973424434661865,0.9398059844970704,0.1634277701377868,0.0018737084465101,64,74638.0,9979342716431499264,9782980608,143287424,16,0.0018737084465101,6383206400.0,6.509342428112591e+18,48685.0,1.7197636362763702,1.7357955542548755,bin_2
config_153,1088,6,16,0.0712016299366951,0.8973424434661865,0.9398059844970704,0.1634277701377868,0.0018737084465101,64,74638.0,9979342716431499264,9782980608,143287424,16,0.0018737084465101,7975731200.0,8.136644609329769e+18,60856.0,1.7164816477259652,1.7331998525291192,bin_2
config_153,1088,6,16,0.0712016299366951,0.8973424434661865,0.9398059844970704,0.1634277701377868,0.0018737084465101,64,74638.0,9979342716431499264,9782980608,143287424,16,0.0002439492508861,9574809600.0,9.763946790546948e+18,73027.0,1.5858149111466329,1.599902548711808,bin_2
config_153,1088,6,16,0.0712016299366951,0.8973424434661865,0.9398059844970704,0.1634277701377868,0.0018737084465101,64,74638.0,9979342716431499264,9782980608,143287424,16,5.837576532539664e-06,9777971200.0,9.9793427164315e+18,74638.0,1.566627549812442,1.5805516481790387,bin_2
config_155,384,7,6,0.0993761494755745,0.8123986124992371,0.9582383036613464,0.1867299973964691,0.0001412643323419,32,13357.0,224296341526609920,875417856,31698432,16,0.0001412643323419,439091200.0,1.1213977455376963e+17,6678.0,2.1692754364013678,2.190519536557745,bin_0
config_155,384,7,6,0.0993761494755745,0.8123986124992371,0.9582383036613464,0.1867299973964691,0.0001412643323419,32,13357.0,224296341526609920,875417856,31698432,16,3.964917106630728e-07,874905600.0,2.2429634152660992e+17,13357.0,2.001776912251457,2.0230866311417253,bin_0
config_156,1088,8,8,0.0258137267082929,0.9728651642799376,0.926228642463684,0.2195684760808944,0.0004361973551567,128,53420.0,17514622374374670336,14003934208,172815744,16,0.0004361973551567,1599078400.0,1.995394829098545e+18,6086.0,1.748906388673626,1.7674727612636127,bin_2
config_156,1088,8,8,0.0258137267082929,0.9728651642799376,0.926228642463684,0.2195684760808944,0.0004361973551567,128,53420.0,17514622374374670336,14003934208,172815744,16,0.0004361973551567,3185049600.0,3.990461791810448e+18,12171.0,1.6563933130952178,1.6740655551582089,bin_2
config_156,1088,8,8,0.0258137267082929,0.9728651642799376,0.926228642463684,0.2195684760808944,0.0004361973551567,128,53420.0,17514622374374670336,14003934208,172815744,16,0.0004361973551567,4784128000.0,5.985856620908991e+18,18257.0,1.6166972900609502,1.6334601217801454,bin_2
config_156,1088,8,8,0.0258137267082929,0.9728651642799376,0.926228642463684,0.2195684760808944,0.0004361973551567,128,53420.0,17514622374374670336,14003934208,172815744,16,0.0004361973551567,6383206400.0,7.980923583620896e+18,24342.0,1.5953745165809257,1.610724100128549,bin_2
config_156,1088,8,8,0.0258137267082929,0.9728651642799376,0.926228642463684,0.2195684760808944,0.0004361973551567,128,53420.0,17514622374374670336,14003934208,172815744,16,0.0004361973551567,7982284800.0,9.97631841271944e+18,30428.0,1.5796245607782582,1.593876691020903,bin_2
config_156,1088,8,8,0.0258137267082929,0.9728651642799376,0.926228642463684,0.2195684760808944,0.0004361973551567,128,53420.0,17514622374374670336,14003934208,172815744,16,0.0004361973551567,9568256000.0,1.1971713241817985e+19,36514.0,1.5651889174492633,1.5814885483804295,bin_2
config_156,1088,8,8,0.0258137267082929,0.9728651642799376,0.926228642463684,0.2195684760808944,0.0004361973551567,128,53420.0,17514622374374670336,14003934208,172815744,16,0.000402391967158,11167334400.0,1.3966780204529887e+19,42599.0,1.552985194941036,1.5684124184827335,bin_2
config_156,1088,8,8,0.0258137267082929,0.9728651642799376,0.926228642463684,0.2195684760808944,0.0004361973551567,128,53420.0,17514622374374670336,14003934208,172815744,16,0.0001755351280023,12766412800.0,1.5962175033628432e+19,48685.0,1.5174477255148966,1.532415979690239,bin_2
config_156,1088,8,8,0.0258137267082929,0.9728651642799376,0.926228642463684,0.2195684760808944,0.0004361973551567,128,53420.0,17514622374374670336,14003934208,172815744,16,7.437929152643067e-07,13998489600.0,1.751462237437467e+19,53420.0,1.4982336536391836,1.5094326032966865,bin_2
config_157,704,10,22,0.0051104230806231,0.8986737728118896,0.9799457788467408,0.0035617949906736,6.420239515136927e-05,32,6358.0,318285357983391744,416682688,98488192,16,6.420239515136927e-05,209715200.0,1.5914267899169587e+17,3179.0,2.467761115636982,2.4929806807002084,bin_0
config_157,704,10,22,0.0051104230806231,0.8986737728118896,0.9799457788467408,0.0035617949906736,6.420239515136927e-05,32,6358.0,318285357983391744,416682688,98488192,16,2.334632550958883e-05,416153600.0,3.1828535798339174e+17,6358.0,2.168284499293468,2.19076670806916,bin_0
config_158,640,9,8,0.0026285052299499,0.8071402311325073,0.9234828352928162,0.0713945254683494,0.0017585569294169,64,14297.0,1141074620035891200,1874025472,77900800,16,0.0017585569294169,1592524800.0,9.713939428171526e+17,12171.0,1.798286054407964,1.8166801837233248,bin_1
config_158,640,9,8,0.0026285052299499,0.8071402311325073,0.9234828352928162,0.0713945254683494,0.0017585569294169,64,14297.0,1141074620035891200,1874025472,77900800,16,8.103154478685958e-05,1867776000.0,1.1410746200358912e+18,14297.0,1.7261671223405932,1.7441550186423005,bin_1
config_159,384,11,16,0.0794789716601371,0.8028450012207031,0.9460576176643372,0.1857580244541168,0.0003474590484984,64,10918.0,481485663909642240,1431151360,38779392,16,0.0003474590484984,714342400.0,2.4074283195482112e+17,5459.0,1.990041202599885,2.0115555842587205,bin_0
config_159,384,11,16,0.0794789716601371,0.8028450012207031,0.9460576176643372,0.1857580244541168,0.0003474590484984,64,10918.0,481485663909642240,1431151360,38779392,16,3.083956051761166e-06,1428684800.0,4.8148566390964224e+17,10918.0,1.847476972478335,1.867802096038568,bin_0
config_16,704,8,22,0.0021382959093898,0.9441627264022828,0.916120946407318,0.0944500789046287,0.0002752876898739,128,41875.0,7174412678548684800,10977462272,85869696,16,0.0002752876898739,1599078400.0,1.0427098641587414e+18,6086.0,1.8329692285396024,1.8519767859078688,bin_2
config_16,704,8,22,0.0021382959093898,0.9441627264022828,0.916120946407318,0.0944500789046287,0.0002752876898739,128,41875.0,7174412678548684800,10977462272,85869696,16,0.0002752876898739,3185049600.0,2.085248399059488e+18,12171.0,1.7387033501975633,1.7569552725242208,bin_2
config_16,704,8,22,0.0021382959093898,0.9441627264022828,0.916120946407318,0.0944500789046287,0.0002752876898739,128,41875.0,7174412678548684800,10977462272,85869696,16,0.0002752876898739,4784128000.0,3.1279582632182287e+18,18257.0,1.6993155820696704,1.7157006893371087,bin_2
config_16,704,8,22,0.0021382959093898,0.9441627264022828,0.916120946407318,0.0944500789046287,0.0002752876898739,128,41875.0,7174412678548684800,10977462272,85869696,16,0.0002752876898739,6383206400.0,4.170496798118976e+18,24342.0,1.676999597597946,1.692329016987583,bin_2
config_16,704,8,22,0.0021382959093898,0.9441627264022828,0.916120946407318,0.0944500789046287,0.0002752876898739,128,41875.0,7174412678548684800,10977462272,85869696,16,0.0002752876898739,7982284800.0,5.213206662277717e+18,30428.0,1.6606666414797728,1.676328033180296,bin_2
config_16,704,8,22,0.0021382959093898,0.9441627264022828,0.916120946407318,0.0944500789046287,0.0002752876898739,128,41875.0,7174412678548684800,10977462272,85869696,16,0.0002752876898739,9568256000.0,6.255916526436457e+18,36514.0,1.6483982204255572,1.6643035644663209,bin_2
config_16,704,8,22,0.0021382959093898,0.9441627264022828,0.916120946407318,0.0944500789046287,0.0002752876898739,128,41875.0,7174412678548684800,10977462272,85869696,16,1.7401244619086277e-06,10970726400.0,7.174412678548685e+18,41875.0,1.6035096502481128,1.6178468345098314,bin_2
config_160,512,12,16,0.0171056408435106,0.922629415988922,0.9285797476768494,0.1609956175088882,0.0004646388406399,64,13320.0,961706657612169216,1745977728,66649088,16,0.000253557576282,1592524800.0,8.787486283631916e+17,12171.0,1.7868577570993391,1.8051041413916915,bin_0
config_160,512,12,16,0.0171056408435106,0.922629415988922,0.9285797476768494,0.1609956175088882,0.0004646388406399,64,13320.0,961706657612169216,1745977728,66649088,16,4.33431754328327e-06,1743257600.0,9.617066576121692e+17,13320.0,1.7503652445996394,1.768478072901241,bin_0
config_161,320,24,4,0.0245353486388921,0.8496823310852051,0.9062071442604064,0.2344718128442764,5.412238897406496e-05,64,52860.0,3366017825525268480,6928590336,49527680,16,5.412238897406496e-05,1592524800.0,7.75024649157549e+17,12171.0,2.102710041569882,2.1245801277629663,bin_1
config_161,320,24,4,0.0245353486388921,0.8496823310852051,0.9062071442604064,0.2344718128442764,5.412238897406496e-05,64,52860.0,3366017825525268480,6928590336,49527680,16,5.412238897406496e-05,3191603200.0,1.550049298315098e+18,24342.0,1.930478434093663,1.9513275154301375,bin_1
config_161,320,24,4,0.0245353486388921,0.8496823310852051,0.9062071442604064,0.2344718128442764,5.412238897406496e-05,64,52860.0,3366017825525268480,6928590336,49527680,16,5.412238897406496e-05,4784128000.0,2.325137625448915e+18,36514.0,1.866972070991016,1.8853975716966096,bin_1
config_161,320,24,4,0.0245353486388921,0.8496823310852051,0.9062071442604064,0.2344718128442764,5.412238897406496e-05,64,52860.0,3366017825525268480,6928590336,49527680,16,1.8165978548661467e-05,6383206400.0,3.100162274606464e+18,48685.0,1.816034312443655,1.8331888901601072,bin_1
config_161,320,24,4,0.0245353486388921,0.8496823310852051,0.9062071442604064,0.2344718128442764,5.412238897406496e-05,64,52860.0,3366017825525268480,6928590336,49527680,16,4.366821766505164e-08,6927155200.0,3.3660178255252685e+18,52860.0,1.804901343799028,1.821733325270356,bin_1
config_162,256,23,8,0.0120262233540415,0.9294461011886596,0.9287277460098268,0.2145778089761734,0.0069250403903424,128,47803.0,4254423961412567040,12531420160,32478208,16,0.0069250403903424,1599078400.0,5.4164852057730445e+17,6086.0,1.8753200540386263,1.89507382959616,bin_1
config_162,256,23,8,0.0120262233540415,0.9294461011886596,0.9287277460098268,0.2145778089761734,0.0069250403903424,128,47803.0,4254423961412567040,12531420160,32478208,16,0.0069250403903424,3185049600.0,1.0832080420549412e+18,12171.0,1.822921805772625,1.841784701464606,bin_1
config_162,256,23,8,0.0120262233540415,0.9294461011886596,0.9287277460098268,0.2145778089761734,0.0069250403903424,128,47803.0,4254423961412567040,12531420160,32478208,16,0.0069250403903424,4784128000.0,1.6248565626322458e+18,18257.0,1.8032831799397704,1.8210073308866528,bin_1
config_162,256,23,8,0.0120262233540415,0.9294461011886596,0.9287277460098268,0.2145778089761734,0.0069250403903424,128,47803.0,4254423961412567040,12531420160,32478208,16,0.0069250403903424,6383206400.0,2.1664160841098824e+18,24342.0,1.7923817929283516,1.8101904339868515,bin_1
config_162,256,23,8,0.0120262233540415,0.9294461011886596,0.9287277460098268,0.2145778089761734,0.0069250403903424,128,47803.0,4254423961412567040,12531420160,32478208,16,0.0069250403903424,7982284800.0,2.7080646046871864e+18,30428.0,1.7847786537936476,1.8025332136232344,bin_1
config_162,256,23,8,0.0120262233540415,0.9294461011886596,0.9287277460098268,0.2145778089761734,0.0069250403903424,128,47803.0,4254423961412567040,12531420160,32478208,16,0.0069250403903424,9568256000.0,3.2497131252644915e+18,36514.0,1.780885929162385,1.7973518952776175,bin_1
config_162,256,23,8,0.0120262233540415,0.9294461011886596,0.9287277460098268,0.2145778089761734,0.0069250403903424,128,47803.0,4254423961412567040,12531420160,32478208,16,0.0035128190651215,11167334400.0,3.791272646742128e+18,42599.0,1.7372262391106028,1.7532697387601508,bin_1
config_162,256,23,8,0.0120262233540415,0.9294461011886596,0.9287277460098268,0.2145778089761734,0.0069250403903424,128,47803.0,4254423961412567040,12531420160,32478208,16,2.025457850348897e-06,12530483200.0,4.254423961412567e+18,47803.0,1.6849184182823682,1.7002125657581892,bin_1
config_164,960,5,10,0.0097052529454231,0.8228393197059631,0.9019281268119812,0.0485286898910999,6.232170562725514e-05,64,16798.0,1627895267171205120,2201833216,103572480,16,6.232170562725514e-05,1592524800.0,1.1794923977104858e+18,12171.0,1.934043442225847,1.9536693414312891,bin_1
config_164,960,5,10,0.0097052529454231,0.8228393197059631,0.9019281268119812,0.0485286898910999,6.232170562725514e-05,64,16798.0,1627895267171205120,2201833216,103572480,16,3.6704808222187072e-06,2195456000.0,1.627895267171205e+18,16798.0,1.8618535089101949,1.881285257183137,bin_1
config_165,512,22,16,0.0614232383668422,0.8348501324653625,0.9888287782669068,0.1459586024284362,0.0044183353893458,64,7687.0,887822252250955776,1007613248,100738048,8,0.0044183353893458,504627200.0,4.438533778327596e+17,3843.0,3.257480120893385,3.291163173269053,bin_0
config_165,512,22,16,0.0614232383668422,0.8348501324653625,0.9888287782669068,0.1459586024284362,0.0044183353893458,64,7687.0,887822252250955776,1007613248,100738048,8,0.0001458326578107,1002700800.0,8.878222522509558e+17,7687.0,3.110410858334088,3.14314858401408,bin_0
config_166,768,4,6,0.010904461145401,0.9876170754432678,0.9296854734420776,0.2462895214557647,0.0001866577076725,64,10323.0,645479292248064000,1353083520,66931200,16,0.0001866577076725,675020800.0,3.227083819909192e+17,5161.0,2.161737653388352,2.180415503705134,bin_0
config_166,768,4,6,0.010904461145401,0.9876170754432678,0.9296854734420776,0.2462895214557647,0.0001866577076725,64,10323.0,645479292248064000,1353083520,66931200,16,1.6888777641498997e-06,1350041600.0,6.45479292248064e+17,10323.0,1.941892228712801,1.961265926830104,bin_0
config_169,320,9,16,0.0490764640271663,0.8817325234413147,0.9908536076545716,0.2501752376556396,0.0015983717748895,32,4790.0,76131282140467200,313926240,28628480,16,0.0015983717748895,157286400.0,3.80656410702336e+16,2395.0,2.2240226465756776,2.24703055725723,bin_0
config_169,320,9,16,0.0490764640271663,0.8817325234413147,0.9908536076545716,0.2501752376556396,0.0015983717748895,32,4790.0,76131282140467200,313926240,28628480,16,5.336800583938327e-05,311296000.0,7.61312821404672e+16,4790.0,2.0099802709016643,2.030234973117953,bin_0
config_17,384,23,16,0.1259277760982513,0.8496121764183044,0.9804573059082032,0.2800866663455963,0.0005876030772924,64,12223.0,924610354410553344,1602220544,60022272,16,1.2531412399166878e-05,1592524800.0,9.206768079465632e+17,12171.0,1.75608169533931,1.7744830205304578,bin_0
config_17,384,23,16,0.1259277760982513,0.8496121764183044,0.9804573059082032,0.2800866663455963,0.0005876030772924,64,12223.0,924610354410553344,1602220544,60022272,16,3.948253221655379e-06,1599078400.0,9.246103544105532e+17,12223.0,1.7558539189931412,1.7742468720926354,bin_0
config_170,512,6,8,0.0348906405270099,0.9234339594841005,0.9322679042816162,0.0113999070599675,0.0001238030527019,64,20156.0,931625928928788480,2641922560,46195712,16,0.0001238030527019,1592524800.0,5.625530452963031e+17,12171.0,1.9276401116027209,1.9490796702416215,bin_0
config_170,512,6,8,0.0348906405270099,0.9234339594841005,0.9322679042816162,0.0113999070599675,0.0001238030527019,64,20156.0,931625928928788480,2641922560,46195712,16,3.243748105728918e-06,2641100800.0,9.316259289287884e+17,20156.0,1.842895962371201,1.8634362562758024,bin_0
config_171,832,21,16,0.0780559256672859,0.8067910671234131,0.946793496608734,0.1033859476447105,0.0001132523830165,128,42102.0,19356925167990079488,11036791808,220779520,8,0.0001132523830165,1599078400.0,2.7981152100229827e+18,6086.0,1.827614007543345,1.8467758047385292,bin_2
config_171,832,21,16,0.0780559256672859,0.8067910671234131,0.946793496608734,0.1033859476447105,0.0001132523830165,128,42102.0,19356925167990079488,11036791808,220779520,8,0.0001132523830165,3185049600.0,5.595770657441624e+18,12171.0,1.696728514550162,1.714427717044705,bin_2
config_171,832,21,16,0.0780559256672859,0.8067910671234131,0.946793496608734,0.1033859476447105,0.0001132523830165,128,42102.0,19356925167990079488,11036791808,220779520,8,0.0001132523830165,4784128000.0,8.393885867464607e+18,18257.0,1.641497563397298,1.6567378137346174,bin_2
config_171,832,21,16,0.0780559256672859,0.8067910671234131,0.946793496608734,0.1033859476447105,0.0001132523830165,128,42102.0,19356925167990079488,11036791808,220779520,8,0.0001132523830165,6383206400.0,1.1191541314883248e+19,24342.0,1.6090745828581638,1.6228838941894594,bin_2
config_171,832,21,16,0.0780559256672859,0.8067910671234131,0.946793496608734,0.1033859476447105,0.0001132523830165,128,42102.0,19356925167990079488,11036791808,220779520,8,0.0001132523830165,7982284800.0,1.3989656524906232e+19,30428.0,1.584949859028957,1.5992604835111586,bin_2
config_171,832,21,16,0.0780559256672859,0.8067910671234131,0.946793496608734,0.1033859476447105,0.0001132523830165,128,42102.0,19356925167990079488,11036791808,220779520,8,0.0001132523830165,9568256000.0,1.6787771734929211e+19,36514.0,1.5662822636229092,1.581333865396312,bin_2
config_171,832,21,16,0.0780559256672859,0.8067910671234131,0.946793496608734,0.1033859476447105,0.0001132523830165,128,42102.0,19356925167990079488,11036791808,220779520,8,5.204613190098496e-08,11036262400.0,1.935692516799008e+19,42102.0,1.5188891346337363,1.5330967962155575,bin_2
config_172,512,22,16,0.0041630957275629,0.8260307908058167,0.9701148271560668,0.094092734158039,0.0014550815103575,32,8513.0,491597050062569472,557926656,100738048,8,0.0014550815103575,278528000.0,2.457696517169383e+17,4256.0,2.0240525302144348,2.045190644791869,bin_0
config_172,512,22,16,0.0041630957275629,0.8260307908058167,0.9701148271560668,0.094092734158039,0.0014550815103575,32,8513.0,491597050062569472,557926656,100738048,8,2.361555509943609e-05,557056000.0,4.915970500625695e+17,8513.0,1.8409738887919755,1.8602734276310344,bin_0
config_174,704,6,8,0.0056233666837215,0.8594385385513306,0.9356430768966676,0.2209752947092056,0.0059980228543281,64,38677.0,2754105169649467392,5069577216,73251200,16,0.0059980228543281,1592524800.0,8.666704765055116e+17,12171.0,1.819620533575777,1.8379624032583397,bin_1
config_174,704,6,8,0.0056233666837215,0.8594385385513306,0.9356430768966676,0.2209752947092056,0.0059980228543281,64,38677.0,2754105169649467392,5069577216,73251200,16,0.0059980228543281,3191603200.0,1.733340953011023e+18,24342.0,1.7722482318956343,1.7902715126803663,bin_1
config_174,704,6,8,0.0056233666837215,0.8594385385513306,0.9356430768966676,0.2209752947092056,0.0059980228543281,64,38677.0,2754105169649467392,5069577216,73251200,16,0.0015279306990255,4784128000.0,2.600082637344692e+18,36514.0,1.6911691640635005,1.7071511184973795,bin_1
config_174,704,6,8,0.0056233666837215,0.8594385385513306,0.9356430768966676,0.2209752947092056,0.0059980228543281,64,38677.0,2754105169649467392,5069577216,73251200,16,1.894999029567693e-05,5065932800.0,2.7541051696494674e+18,38677.0,1.66744564154109,1.6830668203557124,bin_1
config_175,384,13,16,0.0023949262686073,0.8833497762680054,0.9059370160102844,0.2610687911510467,3.0009896363480948e-05,64,53578.0,2644328463605563392,7022694912,42319872,16,3.0009896363480948e-05,1592524800.0,6.006965868554875e+17,12171.0,2.366552044133671,2.391295139672326,bin_1
config_175,384,13,16,0.0023949262686073,0.8833497762680054,0.9059370160102844,0.2610687911510467,3.0009896363480948e-05,64,53578.0,2644328463605563392,7022694912,42319872,16,3.0009896363480948e-05,3191603200.0,1.201393173710975e+18,24342.0,2.1137747344814364,2.1371895990606213,bin_1
config_175,384,13,16,0.0023949262686073,0.8833497762680054,0.9059370160102844,0.2610687911510467,3.0009896363480948e-05,64,53578.0,2644328463605563392,7022694912,42319872,16,3.0009896363480948e-05,4784128000.0,1.802139115310268e+18,36514.0,2.015684199059596,2.037234781491952,bin_1
config_175,384,13,16,0.0023949262686073,0.8833497762680054,0.9059370160102844,0.2610687911510467,3.0009896363480948e-05,64,53578.0,2644328463605563392,7022694912,42319872,16,1.0466023769290058e-05,6383206400.0,2.402835702165756e+18,48685.0,1.9570652687745016,1.9773528084207757,bin_1
config_175,384,13,16,0.0023949262686073,0.8833497762680054,0.9059370160102844,0.2610687911510467,3.0009896363480948e-05,64,53578.0,2644328463605563392,7022694912,42319872,16,6.007557719149414e-08,7018905600.0,2.6443284636055634e+18,53578.0,1.945883110390335,1.9658985134812648,bin_1
config_176,1088,13,16,0.0017619210993871,0.8095828294754028,0.9092755317687988,0.1330126523971557,1.5252197954396252e-05,128,42766.0,20485025742858485760,11210874880,246636544,8,1.5252197954396252e-05,1599078400.0,2.9152099020492155e+18,6086.0,2.294924286369417,2.3190395239337547,bin_2
config_176,1088,13,16,0.0017619210993871,0.8095828294754028,0.9092755317687988,0.1330126523971557,1.5252197954396252e-05,128,42766.0,20485025742858485760,11210874880,246636544,8,1.5252197954396252e-05,3185049600.0,5.82994080148554e+18,12171.0,2.021920725361245,2.043731430163149,bin_2
config_176,1088,13,16,0.0017619210993871,0.8095828294754028,0.9092755317687988,0.1330126523971557,1.5252197954396252e-05,128,42766.0,20485025742858485760,11210874880,246636544,8,1.5252197954396252e-05,4784128000.0,8.745150703534756e+18,18257.0,1.9109006415820515,1.9305180031158884,bin_2
config_176,1088,13,16,0.0017619210993871,0.8095828294754028,0.9092755317687988,0.1330126523971557,1.5252197954396252e-05,128,42766.0,20485025742858485760,11210874880,246636544,8,1.5252197954396252e-05,6383206400.0,1.165988160297108e+19,24342.0,1.845387728370604,1.86442522265872,bin_2
config_176,1088,13,16,0.0017619210993871,0.8095828294754028,0.9092755317687988,0.1330126523971557,1.5252197954396252e-05,128,42766.0,20485025742858485760,11210874880,246636544,8,1.5252197954396252e-05,7982284800.0,1.4575091505020295e+19,30428.0,1.800520359805373,1.8190671909246288,bin_2
config_176,1088,13,16,0.0017619210993871,0.8095828294754028,0.9092755317687988,0.1330126523971557,1.5252197954396252e-05,128,42766.0,20485025742858485760,11210874880,246636544,8,1.5252197954396252e-05,9568256000.0,1.7490301407069512e+19,36514.0,1.768154362928672,1.7856979874704706,bin_2
config_176,1088,13,16,0.0017619210993871,0.8095828294754028,0.9092755317687988,0.1330126523971557,1.5252197954396252e-05,128,42766.0,20485025742858485760,11210874880,246636544,8,4.4512392061001686e-07,11167334400.0,2.040503230650584e+19,42599.0,1.7331427058821818,1.7501473823727154,bin_2
config_176,1088,13,16,0.0017619210993871,0.8095828294754028,0.9092755317687988,0.1330126523971557,1.5252197954396252e-05,128,42766.0,20485025742858485760,11210874880,246636544,8,4.2903510420243824e-08,11206656000.0,2.048502574285849e+19,42766.0,1.7328929587661244,1.7498874233785222,bin_2
config_177,704,12,16,0.0204045511782169,0.9717811942100524,0.9783326983451844,0.2237565666437149,0.0002218099543824,64,49076.0,5623050642885181440,6432573440,111106688,16,0.0002218099543824,1592524800.0,1.3945339753556838e+18,12171.0,1.7758480467561817,1.7945936221763736,bin_2
config_177,704,12,16,0.0204045511782169,0.9717811942100524,0.9783326983451844,0.2237565666437149,0.0002218099543824,64,49076.0,5623050642885181440,6432573440,111106688,16,0.0002218099543824,3191603200.0,2.789067950711368e+18,24342.0,1.6905866542018828,1.7086845505823856,bin_2
config_177,704,12,16,0.0204045511782169,0.9717811942100524,0.9783326983451844,0.2237565666437149,0.0002218099543824,64,49076.0,5623050642885181440,6432573440,111106688,16,0.0002218099543824,4784128000.0,4.183716504489149e+18,36514.0,1.6536938105254877,1.6693995131039228,bin_2
config_177,704,12,16,0.0204045511782169,0.9717811942100524,0.9783326983451844,0.2237565666437149,0.0002218099543824,64,49076.0,5623050642885181440,6432573440,111106688,16,7.594986144049919e-06,6383206400.0,5.578250479844834e+18,48685.0,1.5877462711490569,1.6028070238379182,bin_2
config_177,704,12,16,0.0204045511782169,0.9717811942100524,0.9783326983451844,0.2237565666437149,0.0002218099543824,64,49076.0,5623050642885181440,6432573440,111106688,16,5.251852120885579e-07,6429081600.0,5.623050642885181e+18,49076.0,1.587077932084193,1.6021572121635812,bin_2
config_179,256,22,4,0.0036397720687091,0.8435739874839783,0.98710960149765,0.0709967538714408,0.0024289537686854,64,14521.0,624466702595850240,1903297408,31625728,16,0.0024289537686854,1592524800.0,5.23406393312726e+17,12171.0,1.856825231372333,1.8766807914952763,bin_0
config_179,256,22,4,0.0036397720687091,0.8435739874839783,0.98710960149765,0.0709967538714408,0.0024289537686854,64,14521.0,624466702595850240,1903297408,31625728,16,4.952235839067454e-05,1900544000.0,6.244667025958502e+17,14521.0,1.7992793258291775,1.8186403327691751,bin_0
config_181,1152,18,6,0.0027816121000796,0.865947961807251,0.9911959171295166,0.2166959047317505,0.0091243218630552,32,11724.0,1980228795878670336,768409344,344616192,8,0.0091243218630552,383385600.0,9.901143979393352e+17,5862.0,3.635500298562597,3.671764759470205,bin_1
config_181,1152,18,6,0.0027816121000796,0.865947961807251,0.9911959171295166,0.2166959047317505,0.0091243218630552,32,11724.0,1980228795878670336,768409344,344616192,8,8.621406484776543e-05,766771200.0,1.9802287958786703e+18,11724.0,3.6234212513048143,3.655269183838954,bin_1
config_182,320,10,10,0.0071186386048793,0.9147440195083618,0.9817898869514464,0.0017712415428832,0.0008199787116609,64,55329.0,1876358155631984640,7252089856,30021760,16,0.0008199787116609,1592524800.0,4.127519946537419e+17,12171.0,1.8726217853436704,1.8937715432292128,bin_1
config_182,320,10,10,0.0071186386048793,0.9147440195083618,0.9817898869514464,0.0017712415428832,0.0008199787116609,64,55329.0,1876358155631984640,7252089856,30021760,16,0.0008199787116609,3191603200.0,8.255039893074838e+17,24342.0,1.8163105238461104,1.8366000139908711,bin_1
config_182,320,10,10,0.0071186386048793,0.9147440195083618,0.9817898869514464,0.0017712415428832,0.0008199787116609,64,55329.0,1876358155631984640,7252089856,30021760,16,0.0008199787116609,4784128000.0,1.238289896704193e+18,36514.0,1.7934571743011474,1.811602801064976,bin_1
config_182,320,10,10,0.0071186386048793,0.9147440195083618,0.9817898869514464,0.0017712415428832,0.0008199787116609,64,55329.0,1876358155631984640,7252089856,30021760,16,0.0008199787116609,6383206400.0,1.6510418913579346e+18,48685.0,1.7792286588324877,1.7960068433011165,bin_1
config_182,320,10,10,0.0071186386048793,0.9147440195083618,0.9817898869514464,0.0017712415428832,0.0008199787116609,64,55329.0,1876358155631984640,7252089856,30021760,16,0.0002426467616139,7248281600.0,1.876358155631985e+18,55329.0,1.759188018470514,1.7763236871703727,bin_1
config_183,256,14,8,0.0019966410472989,0.9692267775535583,0.9934679269790648,0.0193282850086689,0.0002155606198357,64,35743.0,1109734797267173376,4684972032,24805888,16,0.0002155606198357,1592524800.0,3.778804861801966e+17,12171.0,1.93848444317208,1.959792034704177,bin_1
config_183,256,14,8,0.0019966410472989,0.9692267775535583,0.9934679269790648,0.0193282850086689,0.0002155606198357,64,35743.0,1109734797267173376,4684972032,24805888,16,0.0002155606198357,3191603200.0,7.557609723603932e+17,24342.0,1.8576156754962732,1.8783381278397608,bin_1
config_183,256,14,8,0.0019966410472989,0.9692267775535583,0.9934679269790648,0.0193282850086689,0.0002155606198357,64,35743.0,1109734797267173376,4684972032,24805888,16,1.3433487902807082e-05,4679270400.0,1.1097347972671734e+18,35743.0,1.8052138709631125,1.824508571898351,bin_1
config_186,832,12,16,0.0173051320016384,0.94893479347229,0.9029238820075988,0.2966277003288269,0.000125523933093,64,22656.0,3295537964828688384,2969577728,144087424,8,0.000125523933093,1592524800.0,1.770391621201005e+18,12171.0,1.7891221875636305,1.8083266097795767,bin_1
config_186,832,12,16,0.0173051320016384,0.94893479347229,0.9029238820075988,0.2966277003288269,0.000125523933093,64,22656.0,3295537964828688384,2969577728,144087424,8,1.1207494026165305e-07,2968780800.0,3.2955379648286884e+18,22656.0,1.676723893607249,1.6944246542453767,bin_1
config_187,1088,15,8,0.1377591639757156,0.8258185982704163,0.92188161611557,0.1156944632530212,0.0006645486573688,64,63208.0,17049214676763869184,8284895744,276164864,8,0.0006645486573688,1592524800.0,3.2829070976916383e+18,12171.0,1.7510823186108324,1.7693421036884434,bin_2
config_187,1088,15,8,0.1377591639757156,0.8258185982704163,0.92188161611557,0.1156944632530212,0.0006645486573688,64,63208.0,17049214676763869184,8284895744,276164864,8,0.0006645486573688,3191603200.0,6.565814195383277e+18,24342.0,1.6954367290363936,1.7135102360952097,bin_2
config_187,1088,15,8,0.1377591639757156,0.8258185982704163,0.92188161611557,0.1156944632530212,0.0006645486573688,64,63208.0,17049214676763869184,8284895744,276164864,8,0.0006645486573688,4784128000.0,9.848991024986649e+18,36514.0,1.672272885353839,1.6886148812536332,bin_2
config_187,1088,15,8,0.1377591639757156,0.8258185982704163,0.92188161611557,0.1156944632530212,0.0006645486573688,64,63208.0,17049214676763869184,8284895744,276164864,8,0.0006645486573688,6383206400.0,1.3131898122678284e+19,48685.0,1.659434545606863,1.6757712222709031,bin_2
config_187,1088,15,8,0.1377591639757156,0.8258185982704163,0.92188161611557,0.1156944632530212,0.0006645486573688,64,63208.0,17049214676763869184,8284895744,276164864,8,0.0002143060358418,7975731200.0,1.6414805220369922e+19,60856.0,1.5614971997112523,1.576051976035853,bin_2
config_187,1088,15,8,0.1377591639757156,0.8258185982704163,0.92188161611557,0.1156944632530212,0.0006645486573688,64,63208.0,17049214676763869184,8284895744,276164864,8,7.270773056552125e-07,8283750400.0,1.704921467676387e+19,63208.0,1.5226446085972865,1.5363176701498813,bin_2
config_188,576,22,12,0.0036613482516258,0.9616205096244812,0.9694668650627136,0.2453773468732834,0.0066955420188605,32,7494.0,496391341964120064,491127648,116574336,8,0.0066955420188605,245760000.0,2.4819567098206003e+17,3747.0,3.3528470753450863,3.3861679298760463,bin_0
config_188,576,22,12,0.0036613482516258,0.9616205096244812,0.9694668650627136,0.2453773468732834,0.0066955420188605,32,7494.0,496391341964120064,491127648,116574336,8,0.0001602850102447,488243200.0,4.9639134196412006e+17,7494.0,3.234262568794313,3.267558099598181,bin_0
config_19,896,14,16,0.0573401786386966,0.9260037541389464,0.951003074645996,0.2415649443864822,0.0016180668026208,64,8328.0,1557066879940755456,1091648768,186369792,8,0.0016180668026208,543948800.0,7.785334399703777e+17,4164.0,1.8828772280486776,1.9028694413115883,bin_1
config_19,896,14,16,0.0573401786386966,0.9260037541389464,0.951003074645996,0.2415649443864822,0.0016180668026208,64,8328.0,1557066879940755456,1091648768,186369792,8,2.2529025595914796e-05,1087897600.0,1.5570668799407557e+18,8328.0,1.7074293656925517,1.7249662827519412,bin_1
config_190,640,23,16,0.0680049210786819,0.828018069267273,0.9001417756080627,0.2165244370698928,0.0007489567506127,64,18266.0,3006504337652121600,2394228480,149025280,8,0.0007489567506127,1592524800.0,2.003293785917222e+18,12171.0,1.7815955132148305,1.8001836382951892,bin_1
config_190,640,23,16,0.0680049210786819,0.828018069267273,0.9001417756080627,0.2165244370698928,0.0007489567506127,64,18266.0,3006504337652121600,2394228480,149025280,8,3.0299135296595666e-06,2392064000.0,3.0065043376521216e+18,18266.0,1.6559334948805513,1.6727572494061267,bin_1
config_191,896,22,8,0.001220831181854,0.8955643773078918,0.9106137156486512,0.0796689614653587,0.0010045722592622,64,9122.0,2495445891526361088,1195739904,267124480,8,0.0010045722592622,596377600.0,1.2477229457631803e+18,4561.0,1.8495299255652504,1.8675468406520903,bin_1
config_191,896,22,8,0.001220831181854,0.8955643773078918,0.9106137156486512,0.0796689614653587,0.0010045722592622,64,9122.0,2495445891526361088,1195739904,267124480,8,3.0441583614006272e-05,1192755200.0,2.495445891526361e+18,9122.0,1.6930587749793882,1.7102472503654291,bin_1
config_194,896,23,4,0.021770816296339,0.9721643328666688,0.9240269660949708,0.2948778867721557,0.0012925154296681,64,33565.0,9544713482017308672,4399453696,277218816,8,0.0012925154296681,1592524800.0,3.4610072334167337e+18,12171.0,1.7232879363904234,1.740569221308974,bin_2
config_194,896,23,4,0.021770816296339,0.9721643328666688,0.9240269660949708,0.2948778867721557,0.0012925154296681,64,33565.0,9544713482017308672,4399453696,277218816,8,0.0012034484878641,3191603200.0,6.922014466833467e+18,24342.0,1.6511926108891846,1.6679377431361402,bin_2
config_194,896,23,4,0.021770816296339,0.9721643328666688,0.9240269660949708,0.2948778867721557,0.0012925154296681,64,33565.0,9544713482017308672,4399453696,277218816,8,1.958950332931527e-06,4397465600.0,9.544713482017309e+18,33565.0,1.554023357707946,1.5696399165958654,bin_2
config_196,896,22,16,0.014022477902472,0.871102511882782,0.9374001622200012,0.0230475440621376,2.3862421585363336e-05,128,41842.0,22891168807448739840,10968734720,267124480,8,2.3862421585363336e-05,1599078400.0,3.3295648717110323e+18,6086.0,2.1765414753507395,2.1989103883016305,bin_2
config_196,896,22,16,0.014022477902472,0.871102511882782,0.9374001622200012,0.0230475440621376,2.3862421585363336e-05,128,41842.0,22891168807448739840,10968734720,267124480,8,2.3862421585363336e-05,3185049600.0,6.658582657508212e+18,12171.0,1.9115379687020035,1.932457755921317,bin_2
config_196,896,22,16,0.014022477902472,0.871102511882782,0.9374001622200012,0.0230475440621376,2.3862421585363336e-05,128,41842.0,22891168807448739840,10968734720,267124480,8,2.3862421585363336e-05,4784128000.0,9.988147529219246e+18,18257.0,1.8133858805992564,1.8311317807924552,bin_2
config_196,896,22,16,0.014022477902472,0.871102511882782,0.9374001622200012,0.0230475440621376,2.3862421585363336e-05,128,41842.0,22891168807448739840,10968734720,267124480,8,2.3862421585363336e-05,6383206400.0,1.3317165315016423e+19,24342.0,1.7550160300536233,1.7719849364288518,bin_2
config_196,896,22,16,0.014022477902472,0.871102511882782,0.9374001622200012,0.0230475440621376,2.3862421585363336e-05,128,41842.0,22891168807448739840,10968734720,267124480,8,2.3862421585363336e-05,7982284800.0,1.6646730186727457e+19,30428.0,1.7156096546962614,1.7321258492547955,bin_2
config_196,896,22,16,0.014022477902472,0.871102511882782,0.9374001622200012,0.0230475440621376,2.3862421585363336e-05,128,41842.0,22891168807448739840,10968734720,267124480,8,2.3862421585363336e-05,9568256000.0,1.997629505843849e+19,36514.0,1.68449745430321,1.7016476122277682,bin_2
config_196,896,22,16,0.014022477902472,0.871102511882782,0.9374001622200012,0.0230475440621376,2.3862421585363336e-05,128,41842.0,22891168807448739840,10968734720,267124480,8,1.0396490732212245e-06,10957619200.0,2.289116880744874e+19,41842.0,1.647919064291188,1.6642108949481464,bin_2
config_197,832,6,16,0.0228867176920175,0.9725158214569092,0.9484971165657043,0.2844057083129883,0.0041795033030211,64,16307.0,1454245025592213504,2137417984,92959360,16,0.0037468611668447,1592524800.0,1.085399902280176e+18,12171.0,1.8357867243250865,1.8560876274108888,bin_1
config_197,832,6,16,0.0228867176920175,0.9725158214569092,0.9484971165657043,0.2844057083129883,0.0041795033030211,64,16307.0,1454245025592213504,2137417984,92959360,16,6.309364485906216e-06,2136473600.0,1.4542450255922135e+18,16307.0,1.727015028547068,1.7458762367436145,bin_1
config_198,1024,4,16,0.0012432726798579,0.8015820384025574,0.9507052302360536,0.0755850821733474,0.0001758049620548,64,12502.0,1176337057976156160,1638702720,102873088,16,6.55543926306132e-05,1592524800.0,1.1451926357884977e+18,12171.0,1.8111856963986257,1.8302910289998915,bin_1
config_198,1024,4,16,0.0012432726798579,0.8015820384025574,0.9507052302360536,0.0755850821733474,0.0001758049620548,64,12502.0,1176337057976156160,1638702720,102873088,16,3.724681399466779e-07,1638400000.0,1.1763370579761562e+18,12502.0,1.798439908535754,1.8175555656386204,bin_1
config_199,384,7,12,0.0455524660646915,0.942363142967224,0.9417880773544312,0.1462922394275665,0.000616572855506,64,22873.0,768150859076075520,2998055936,31698432,16,0.000616572855506,1592524800.0,4.087423646139516e+17,12171.0,1.8962832613069505,1.9171146831356112,bin_0
config_199,384,7,12,0.0455524660646915,0.942363142967224,0.9417880773544312,0.1462922394275665,0.000616572855506,64,22873.0,768150859076075520,2998055936,31698432,16,4.23824736301261e-06,2994995200.0,7.681508590760755e+17,22873.0,1.7922406530380248,1.8110984477058787,bin_0
config_2,576,13,16,0.0143020534887909,0.8083764314651489,0.934376299381256,0.2957313954830169,0.0003822118742391,64,70553.0,6180364669405888512,9247547392,80732160,16,0.0003822118742391,1592524800.0,1.0661661217997686e+18,12171.0,1.8240969774112528,1.8436410066267923,bin_2
config_2,576,13,16,0.0143020534887909,0.8083764314651489,0.934376299381256,0.2957313954830169,0.0003822118742391,64,70553.0,6180364669405888512,9247547392,80732160,16,0.0003822118742391,3191603200.0,2.132332243599537e+18,24342.0,1.748647732732574,1.7662851816510103,bin_2
config_2,576,13,16,0.0143020534887909,0.8083764314651489,0.934376299381256,0.2957313954830169,0.0003822118742391,64,70553.0,6180364669405888512,9247547392,80732160,16,0.0003822118742391,4784128000.0,3.1985859642919025e+18,36514.0,1.7203543999054645,1.7363959140609195,bin_2
config_2,576,13,16,0.0143020534887909,0.8083764314651489,0.934376299381256,0.2957313954830169,0.0003822118742391,64,70553.0,6180364669405888512,9247547392,80732160,16,0.0003822118742391,6383206400.0,4.264752086091672e+18,48685.0,1.702322575388733,1.717817536932024,bin_2
config_2,576,13,16,0.0143020534887909,0.8083764314651489,0.934376299381256,0.2957313954830169,0.0003822118742391,64,70553.0,6180364669405888512,9247547392,80732160,16,0.0001777512373342,7975731200.0,5.33091820789144e+18,60856.0,1.6554299847884335,1.6704091008071176,bin_2
config_2,576,13,16,0.0143020534887909,0.8083764314651489,0.934376299381256,0.2957313954830169,0.0003822118742391,64,70553.0,6180364669405888512,9247547392,80732160,16,5.495761228513277e-08,9247129600.0,6.180364669405889e+18,70553.0,1.6202779341186315,1.6349321781386863,bin_2
config_200,448,9,8,0.0155280418694019,0.9784345030784608,0.9626482725143432,0.1403578966856002,3.872754678013735e-05,64,8832.0,428895116479807488,1157660544,45240832,16,3.872754678013735e-05,576716800.0,2.144475582399037e+17,4416.0,2.578732198379079,2.605972680654682,bin_0
config_200,448,9,8,0.0155280418694019,0.9784345030784608,0.9626482725143432,0.1403578966856002,3.872754678013735e-05,64,8832.0,428895116479807488,1157660544,45240832,16,1.0002271969042722e-06,1153433600.0,4.288951164798075e+17,8832.0,2.2319973342145074,2.2550238234879543,bin_0
config_202,896,21,16,0.0114468429237604,0.9735972285270692,0.9439927339553832,0.16097392141819,0.001238958328031,64,11816.0,3104357053328326656,1548793088,257030144,8,0.001238958328031,773324800.0,1.5521785266641633e+18,5908.0,1.8610369864839025,1.8809038174543224,bin_1
config_202,896,21,16,0.0114468429237604,0.9735972285270692,0.9439927339553832,0.16097392141819,0.001238958328031,64,11816.0,3104357053328326656,1548793088,257030144,8,1.042236238091277e-05,1546649600.0,3.1043570533283267e+18,11816.0,1.6852710115714151,1.7030677411790751,bin_1
config_203,256,24,16,0.0117952236905694,0.9827755689620972,0.997874677181244,0.1952327340841293,1.2444884305296e-05,64,15707.0,722440535331962880,2058799360,33330688,16,1.2444884305296e-05,1592524800.0,5.5980287486632205e+17,12171.0,2.857783274494233,2.887839051778199,bin_0
config_203,256,24,16,0.0117952236905694,0.9827755689620972,0.997874677181244,0.1952327340841293,1.2444884305296e-05,64,15707.0,722440535331962880,2058799360,33330688,16,2.8412977865972158e-08,2057830400.0,7.224405353319629e+17,15707.0,2.7871888426483653,2.816628843526371,bin_0
config_204,768,13,12,0.0373377986252307,0.8759056329727173,0.9611735343933104,0.0253341272473335,0.0019586882553994,128,57040.0,15388248146097733632,14952844288,130646016,8,0.0019586882553994,1599078400.0,1.6418807541576228e+18,6086.0,1.748446461489943,1.7666192675613963,bin_2
config_204,768,13,12,0.0373377986252307,0.8759056329727173,0.9611735343933104,0.0253341272473335,0.0019586882553994,128,57040.0,15388248146097733632,14952844288,130646016,8,0.0019586882553994,3185049600.0,3.2834917283687854e+18,12171.0,1.672926983794228,1.690612221838998,bin_2
config_204,768,13,12,0.0373377986252307,0.8759056329727173,0.9611735343933104,0.0253341272473335,0.0019586882553994,128,57040.0,15388248146097733632,14952844288,130646016,8,0.0019586882553994,4784128000.0,4.925372482526408e+18,18257.0,1.6439207029538077,1.660083774367317,bin_2
config_204,768,13,12,0.0373377986252307,0.8759056329727173,0.9611735343933104,0.0253341272473335,0.0019586882553994,128,57040.0,15388248146097733632,14952844288,130646016,8,0.0019586882553994,6383206400.0,6.566983456737571e+18,24342.0,1.6285650165550043,1.6446015834222074,bin_2
config_204,768,13,12,0.0373377986252307,0.8759056329727173,0.9611735343933104,0.0253341272473335,0.0019586882553994,128,57040.0,15388248146097733632,14952844288,130646016,8,0.0019586882553994,7982284800.0,8.208864210895194e+18,30428.0,1.61882798232016,1.6341816640291058,bin_2
config_204,768,13,12,0.0373377986252307,0.8759056329727173,0.9611735343933104,0.0253341272473335,0.0019586882553994,128,57040.0,15388248146097733632,14952844288,130646016,8,0.0019586882553994,9568256000.0,9.850744965052815e+18,36514.0,1.6104270051932723,1.626008241723795,bin_2
config_204,768,13,12,0.0373377986252307,0.8759056329727173,0.9611735343933104,0.0253341272473335,0.0019586882553994,128,57040.0,15388248146097733632,14952844288,130646016,8,0.0019586882553994,11167334400.0,1.1492355939263975e+19,42599.0,1.6049413377339723,1.6203066879608592,bin_2
config_204,768,13,12,0.0373377986252307,0.8759056329727173,0.9611735343933104,0.0253341272473335,0.0019586882553994,128,57040.0,15388248146097733632,14952844288,130646016,8,0.0019586882553994,12766412800.0,1.31342366934216e+19,48685.0,1.60033278496539,1.6156727584854502,bin_2
config_204,768,13,12,0.0373377986252307,0.8759056329727173,0.9611735343933104,0.0253341272473335,0.0019586882553994,128,57040.0,15388248146097733632,14952844288,130646016,8,0.0019586882553994,14352384000.0,1.4775847667632765e+19,54770.0,1.5980736552105574,1.6122043222872935,bin_2
config_204,768,13,12,0.0373377986252307,0.8759056329727173,0.9611735343933104,0.0253341272473335,0.0019586882553994,128,57040.0,15388248146097733632,14952844288,130646016,8,5.421974409410284e-05,14942208000.0,1.5388248146097734e+19,57040.0,1.5333638705581916,1.54617120416438,bin_2
config_205,768,15,16,0.0057737873867154,0.9091055393218994,0.9418526291847228,0.1627175062894821,0.0011192992096766,64,23334.0,3522738614483681280,3058458880,144804864,8,0.0011192992096766,1592524800.0,1.837458287343828e+18,12171.0,1.735117957533383,1.7524382952979354,bin_1
config_205,768,15,16,0.0057737873867154,0.9091055393218994,0.9418526291847228,0.1627175062894821,0.0011192992096766,64,23334.0,3522738614483681280,3058458880,144804864,8,1.0025335386988242e-05,3053977600.0,3.5227386144836813e+18,23334.0,1.612430296335064,1.6285530374870925,bin_1
config_206,1152,16,24,0.1280514597892761,0.8733367919921875,0.9942353963851928,0.1800023913383484,7.440282206516713e-05,128,44121.0,26941148758193209344,11566084096,312761088,8,7.440282206516713e-05,1599078400.0,3.7162310768650726e+18,6086.0,1.8384484063211035,1.858094018639111,bin_2
config_206,1152,16,24,0.1280514597892761,0.8733367919921875,0.9942353963851928,0.1800023913383484,7.440282206516713e-05,128,44121.0,26941148758193209344,11566084096,312761088,8,7.440282206516713e-05,3185049600.0,7.431851534098718e+18,12171.0,1.6967174275976713,1.7154122051059222,bin_2
config_206,1152,16,24,0.1280514597892761,0.8733367919921875,0.9942353963851928,0.1800023913383484,7.440282206516713e-05,128,44121.0,26941148758193209344,11566084096,312761088,8,7.440282206516713e-05,4784128000.0,1.114808261096379e+19,18257.0,1.6341832976263078,1.6506037815086176,bin_2
config_206,1152,16,24,0.1280514597892761,0.8733367919921875,0.9942353963851928,0.1800023913383484,7.440282206516713e-05,128,44121.0,26941148758193209344,11566084096,312761088,8,7.440282206516713e-05,6383206400.0,1.4863703068197435e+19,24342.0,1.5960945041257828,1.6119211046422115,bin_2
config_206,1152,16,24,0.1280514597892761,0.8733367919921875,0.9942353963851928,0.1800023913383484,7.440282206516713e-05,128,44121.0,26941148758193209344,11566084096,312761088,8,7.440282206516713e-05,7982284800.0,1.8579934145062502e+19,30428.0,1.567803124971077,1.5835164518629918,bin_2
config_206,1152,16,24,0.1280514597892761,0.8733367919921875,0.9942353963851928,0.1800023913383484,7.440282206516713e-05,128,44121.0,26941148758193209344,11566084096,312761088,8,7.140459727473097e-05,9568256000.0,2.229616522192758e+19,36514.0,1.5451309075805006,1.5611037838459014,bin_2
config_206,1152,16,24,0.1280514597892761,0.8733367919921875,0.9942353963851928,0.1800023913383484,7.440282206516713e-05,128,44121.0,26941148758193209344,11566084096,312761088,8,1.4250937207041833e-05,11167334400.0,2.601178567916123e+19,42599.0,1.5023414342129815,1.5172128905038365,bin_2
config_206,1152,16,24,0.1280514597892761,0.8733367919921875,0.9942353963851928,0.1800023913383484,7.440282206516713e-05,128,44121.0,26941148758193209344,11566084096,312761088,8,1.96758501872364e-07,11560550400.0,2.694114875819321e+19,44121.0,1.4963754035312622,1.5110534561657514,bin_2
config_207,896,16,16,0.1296555697917938,0.9622085094451904,0.9009727239608764,0.1180628314614296,0.0034704774152487,64,19446.0,4056484938513186816,2548851968,206558464,8,0.0034704774152487,1592524800.0,2.5389014803375503e+18,12171.0,1.8881011999239687,1.9071236340139728,bin_1
config_207,896,16,16,0.1296555697917938,0.9622085094451904,0.9009727239608764,0.1180628314614296,0.0034704774152487,64,19446.0,4056484938513186816,2548851968,206558464,8,6.95607673644634e-05,2542796800.0,4.056484938513187e+18,19446.0,1.6964413552987772,1.7138363751427073,bin_1
config_208,1088,22,8,0.1615364104509353,0.8139193058013916,0.93545401096344,0.0499356351792812,3.295508577139117e-05,32,5412.0,1016346393930977280,354740576,379513984,8,3.295508577139117e-05,176947200.0,5.0817319696548864e+17,2706.0,2.502087013369701,2.5281146806380788,bin_0
config_208,1088,22,8,0.1615364104509353,0.8139193058013916,0.93545401096344,0.0499356351792812,3.295508577139117e-05,32,5412.0,1016346393930977280,354740576,379513984,8,1.464670478728498e-06,353894400.0,1.0163463939309772e+18,5412.0,2.170787486209244,2.193210793968107,bin_0
config_21,832,20,16,0.0300359409302473,0.977047085762024,0.9784560799598694,0.091295838356018,0.0004408876993693,128,54998.0,24254581429738143744,14417606656,212258176,8,0.0004408876993693,1599078400.0,2.683977282471842e+18,6086.0,1.4649132853115256,1.4778889153359018,bin_2
config_21,832,20,16,0.0300359409302473,0.977047085762024,0.9784560799598694,0.091295838356018,0.0004408876993693,128,54998.0,24254581429738143744,14417606656,212258176,8,0.0004408876993693,3185049600.0,5.367513556517382e+18,12171.0,1.5314767292207565,1.5446183381916685,bin_2
config_21,832,20,16,0.0300359409302473,0.977047085762024,0.9784560799598694,0.091295838356018,0.0004408876993693,128,54998.0,24254581429738143744,14417606656,212258176,8,0.0004408876993693,4784128000.0,8.051490838989223e+18,18257.0,1.6277465181272917,1.6444510220319613,bin_2
config_21,832,20,16,0.0300359409302473,0.977047085762024,0.9784560799598694,0.091295838356018,0.0004408876993693,128,54998.0,24254581429738143744,14417606656,212258176,8,0.0004408876993693,6383206400.0,1.0735027113034764e+19,24342.0,1.5857315201406703,1.6007124749659063,bin_2
config_21,832,20,16,0.0300359409302473,0.977047085762024,0.9784560799598694,0.091295838356018,0.0004408876993693,128,54998.0,24254581429738143744,14417606656,212258176,8,0.0004408876993693,7982284800.0,1.3419004395506604e+19,30428.0,1.4642128753618011,1.477148874314903,bin_2
config_21,832,20,16,0.0300359409302473,0.977047085762024,0.9784560799598694,0.091295838356018,0.0004408876993693,128,54998.0,24254581429738143744,14417606656,212258176,8,0.0004408876993693,9568256000.0,1.6102981677978446e+19,36514.0,1.513736426604878,1.5270311568688772,bin_2
config_21,832,20,16,0.0300359409302473,0.977047085762024,0.9784560799598694,0.091295838356018,0.0004408876993693,128,54998.0,24254581429738143744,14417606656,212258176,8,0.0004408876993693,11167334400.0,1.8786517952023982e+19,42599.0,1.560516895872657,1.5750148054056965,bin_2
config_21,832,20,16,0.0300359409302473,0.977047085762024,0.9784560799598694,0.091295838356018,0.0004408876993693,128,54998.0,24254581429738143744,14417606656,212258176,8,0.0004408876993693,12766412800.0,2.147049523449583e+19,48685.0,1.521975519300027,1.535227261446135,bin_2
config_21,832,20,16,0.0300359409302473,0.977047085762024,0.9784560799598694,0.091295838356018,0.0004408876993693,128,54998.0,24254581429738143744,14417606656,212258176,8,2.177656830185153e-05,14352384000.0,2.415403150854137e+19,54770.0,1.7260072040859291,1.7438876525232387,bin_2
config_21,832,20,16,0.0300359409302473,0.977047085762024,0.9784560799598694,0.091295838356018,0.0004408876993693,128,54998.0,24254581429738143744,14417606656,212258176,8,4.2148196713260905e-06,14404812800.0,2.4254581429738144e+19,54998.0,1.54476376626823,1.5583773749626784,bin_2
config_210,1152,8,8,0.0081880623474717,0.8163630366325378,0.9949122071266174,0.1082334890961647,0.0015811843331903,64,9347.0,1639753797257625600,1225142400,185340672,8,0.0015811843331903,609484800.0,8.197891831159607e+17,4673.0,3.0010180517493703,3.032200602468897,bin_1
config_210,1152,8,8,0.0081880623474717,0.8163630366325378,0.9949122071266174,0.1082334890961647,0.0015811843331903,64,9347.0,1639753797257625600,1225142400,185340672,8,7.350708571705758e-05,1218969600.0,1.6397537972576256e+18,9347.0,2.8626298007808746,2.8932642235912263,bin_1
config_211,576,6,8,0.0021490943618118,0.9388176202774048,0.9054804444313048,0.0451525598764419,0.0006428630440495,64,42132.0,2220129869709312000,5522447360,52854912,16,0.0006428630440495,1592524800.0,6.413462604251409e+17,12171.0,1.8545954073061708,1.874437155958082,bin_1
config_211,576,6,8,0.0021490943618118,0.9388176202774048,0.9054804444313048,0.0451525598764419,0.0006428630440495,64,42132.0,2220129869709312000,5522447360,52854912,16,0.0006428630440495,3191603200.0,1.2826925208502815e+18,24342.0,1.8007382795458935,1.8201922599214024,bin_1
config_211,576,6,8,0.0021490943618118,0.9388176202774048,0.9054804444313048,0.0451525598764419,0.0006428630440495,64,42132.0,2220129869709312000,5522447360,52854912,16,0.0006428630440495,4784128000.0,1.9240914758987423e+18,36514.0,1.7761145939201606,1.7949135161227867,bin_1
config_211,576,6,8,0.0021490943618118,0.9388176202774048,0.9054804444313048,0.0451525598764419,0.0006428630440495,64,42132.0,2220129869709312000,5522447360,52854912,16,1.0815782023967891e-05,5518131200.0,2.220129869709312e+18,42132.0,1.7168820369439046,1.734849708705652,bin_1
config_212,384,11,16,0.0880805552005767,0.8167279362678528,0.9445584416389464,0.1777094900608062,0.0002531666250433,32,5630.0,124135227704549376,368975264,38779392,16,0.0002531666250433,183500800.0,6.206761385227469e+16,2815.0,2.3454991238625325,2.3688966855846467,bin_0
config_212,384,11,16,0.0880805552005767,0.8167279362678528,0.9445584416389464,0.1777094900608062,0.0002531666250433,32,5630.0,124135227704549376,368975264,38779392,16,7.594998751301316e-06,367001600.0,1.2413522770454938e+17,5630.0,2.09967833659688,2.120116409004712,bin_0
config_213,1088,5,8,0.0316794402897357,0.8535974025726318,0.9638176560401917,0.0973559096455574,0.0001746552297845,64,14550.0,1725537892505812992,1907174912,128523264,16,0.0001746552297845,1592524800.0,1.4434035525558935e+18,12171.0,1.7928907444437996,1.8127990278259651,bin_1
config_213,1088,5,8,0.0316794402897357,0.8535974025726318,0.9638176560401917,0.0973559096455574,0.0001746552297845,64,14550.0,1725537892505812992,1907174912,128523264,16,0.0,1907097600.0,1.725537892505813e+18,14550.0,1.7320859935635426,1.75142890035129,bin_1
config_214,512,22,16,0.0020820929203182,0.8292973041534424,0.9081192016601562,0.1115973144769668,0.0030502434819936,64,33727.0,3895171972765581312,4420734976,100738048,8,0.0030502434819936,1592524800.0,1.4056434927663263e+18,12171.0,1.7873142847663066,1.8050673583882757,bin_1
config_214,512,22,16,0.0020820929203182,0.8292973041534424,0.9081192016601562,0.1115973144769668,0.0030502434819936,64,33727.0,3895171972765581312,4420734976,100738048,8,0.0030502434819936,3191603200.0,2.8112869855326525e+18,24342.0,1.7290609212781562,1.746126963642777,bin_1
config_214,512,22,16,0.0020820929203182,0.8292973041534424,0.9081192016601562,0.1115973144769668,0.0030502434819936,64,33727.0,3895171972765581312,4420734976,100738048,8,2.18858820127104e-05,4417126400.0,3.895171972765581e+18,33727.0,1.6363867415365625,1.652381468092809,bin_1
config_215,1024,11,16,0.0114380586892366,0.894997775554657,0.9396002888679504,0.0843763425946235,0.0004949926515109,64,68541.0,12878285605699584000,8983808000,192802816,8,0.0004949926515109,1592524800.0,2.2868299865331648e+18,12171.0,1.7394913868825943,1.7579420374651424,bin_2
config_215,1024,11,16,0.0114380586892366,0.894997775554657,0.9396002888679504,0.0843763425946235,0.0004949926515109,64,68541.0,12878285605699584000,8983808000,192802816,8,0.0004949926515109,3191603200.0,4.5736599730663296e+18,24342.0,1.662531236644651,1.6802798067937132,bin_2
config_215,1024,11,16,0.0114380586892366,0.894997775554657,0.9396002888679504,0.0843763425946235,0.0004949926515109,64,68541.0,12878285605699584000,8983808000,192802816,8,0.0004949926515109,4784128000.0,6.86067785130819e+18,36514.0,1.6301136618754903,1.645576022707048,bin_2
config_215,1024,11,16,0.0114380586892366,0.894997775554657,0.9396002888679504,0.0843763425946235,0.0004949926515109,64,68541.0,12878285605699584000,8983808000,192802816,8,0.0004949926515109,6383206400.0,9.147507837841354e+18,48685.0,1.6104019762844335,1.6246957055467075,bin_2
config_215,1024,11,16,0.0114380586892366,0.894997775554657,0.9396002888679504,0.0843763425946235,0.0004949926515109,64,68541.0,12878285605699584000,8983808000,192802816,8,0.0004949926515109,7975731200.0,1.1434337824374518e+19,60856.0,1.595594953963014,1.6096760665784116,bin_2
config_215,1024,11,16,0.0114380586892366,0.894997775554657,0.9396002888679504,0.0843763425946235,0.0004949926515109,64,68541.0,12878285605699584000,8983808000,192802816,8,3.509372075384781e-06,8978432000.0,1.2878285605699584e+19,68541.0,1.5296394878919006,1.5448154218470465,bin_2
config_216,640,4,20,0.0010342149762436,0.9683133959770204,0.9143857359886168,0.2372587025165558,0.0001819146709749,128,50000.0,4952929159190937600,13107314688,52499200,16,0.0001819146709749,1599078400.0,6.028705372567209e+17,6086.0,1.9617488164979904,1.9833990136912607,bin_1
config_216,640,4,20,0.0010342149762436,0.9683133959770204,0.9143857359886168,0.2372587025165558,0.0001819146709749,128,50000.0,4952929159190937600,13107314688,52499200,16,0.0001819146709749,3185049600.0,1.205642015930258e+18,12171.0,1.8504646313776736,1.8707714746819168,bin_1
config_216,640,4,20,0.0010342149762436,0.9683133959770204,0.9143857359886168,0.2372587025165558,0.0001819146709749,128,50000.0,4952929159190937600,13107314688,52499200,16,0.0001819146709749,4784128000.0,1.808512553186979e+18,18257.0,1.8078704640122711,1.8264203056741932,bin_1
config_216,640,4,20,0.0010342149762436,0.9683133959770204,0.9143857359886168,0.2372587025165558,0.0001819146709749,128,50000.0,4952929159190937600,13107314688,52499200,16,0.0001819146709749,6383206400.0,2.411284031860516e+18,24342.0,1.7815964231334749,1.8000837969779968,bin_1
config_216,640,4,20,0.0010342149762436,0.9683133959770204,0.9143857359886168,0.2372587025165558,0.0001819146709749,128,50000.0,4952929159190937600,13107314688,52499200,16,0.0001819146709749,7982284800.0,3.0141545691172367e+18,30428.0,1.7644560830319511,1.7825516590524892,bin_1
config_216,640,4,20,0.0010342149762436,0.9683133959770204,0.9143857359886168,0.2372587025165558,0.0001819146709749,128,50000.0,4952929159190937600,13107314688,52499200,16,0.0001819146709749,9568256000.0,3.617025106373958e+18,36514.0,1.7492308581461673,1.7692059856946352,bin_1
config_216,640,4,20,0.0010342149762436,0.9683133959770204,0.9143857359886168,0.2372587025165558,0.0001819146709749,128,50000.0,4952929159190937600,13107314688,52499200,16,0.0001134858004733,11167334400.0,4.219796585047495e+18,42599.0,1.7270330046044022,1.7462981942833449,bin_1
config_216,640,4,20,0.0010342149762436,0.9683133959770204,0.9143857359886168,0.2372587025165558,0.0001819146709749,128,50000.0,4952929159190937600,13107314688,52499200,16,1.9936694677746744e-05,12766412800.0,4.822667122304216e+18,48685.0,1.703382330292561,1.7222829567408953,bin_1
config_216,640,4,20,0.0010342149762436,0.9683133959770204,0.9143857359886168,0.2372587025165558,0.0001819146709749,128,50000.0,4952929159190937600,13107314688,52499200,16,0.0,13107200000.0,4.952929159190938e+18,50000.0,1.7006125931270788,1.7191099211036185,bin_1
config_217,640,15,10,0.0286927781999111,0.8349365592002869,0.9655855894088744,0.0864721164107322,2.718383802857716e-05,64,74709.0,8677020799885639680,9792295936,108382720,8,2.718383802857716e-05,1592524800.0,1.413591671089268e+18,12171.0,2.109686440854776,2.1319353945138024,bin_2
config_217,640,15,10,0.0286927781999111,0.8349365592002869,0.9655855894088744,0.0864721164107322,2.718383802857716e-05,64,74709.0,8677020799885639680,9792295936,108382720,8,2.718383802857716e-05,3191603200.0,2.827183342178536e+18,24342.0,1.907352627789388,1.928239935616978,bin_2
config_217,640,15,10,0.0286927781999111,0.8349365592002869,0.9655855894088744,0.0864721164107322,2.718383802857716e-05,64,74709.0,8677020799885639680,9792295936,108382720,8,2.718383802857716e-05,4784128000.0,4.24089115751816e+18,36514.0,1.8286133047791775,1.847349398468361,bin_2
config_217,640,15,10,0.0286927781999111,0.8349365592002869,0.9655855894088744,0.0864721164107322,2.718383802857716e-05,64,74709.0,8677020799885639680,9792295936,108382720,8,2.718383802857716e-05,6383206400.0,5.654482828607429e+18,48685.0,1.7815991235756483,1.7991880137412275,bin_2
config_217,640,15,10,0.0286927781999111,0.8349365592002869,0.9655855894088744,0.0864721164107322,2.718383802857716e-05,64,74709.0,8677020799885639680,9792295936,108382720,8,2.718383802857716e-05,7975731200.0,7.068074499696696e+18,60856.0,1.7490070582999555,1.7666829084959186,bin_2
config_217,640,15,10,0.0286927781999111,0.8349365592002869,0.9655855894088744,0.0864721164107322,2.718383802857716e-05,64,74709.0,8677020799885639680,9792295936,108382720,8,6.981112583499923e-06,9574809600.0,8.481666170785964e+18,73027.0,1.7078217254505783,1.7265793653003505,bin_2
config_217,640,15,10,0.0286927781999111,0.8349365592002869,0.9655855894088744,0.0864721164107322,2.718383802857716e-05,64,74709.0,8677020799885639680,9792295936,108382720,8,3.787222016365154e-08,9791078400.0,8.67702079988564e+18,74709.0,1.7025282622751643,1.721203471715333,bin_2
config_22,1024,17,16,0.0110320840030908,0.8064497709274292,0.956723928451538,0.2669802904129028,2.7464457161840983e-05,64,17016.0,4565343240459386880,2230351360,269885440,8,2.7464457161840983e-05,1592524800.0,3.265443851647344e+18,12171.0,1.9315993457552163,1.9514675925951133,bin_1
config_22,1024,17,16,0.0110320840030908,0.8064497709274292,0.956723928451538,0.2669802904129028,2.7464457161840983e-05,64,17016.0,4565343240459386880,2230351360,269885440,8,9.674841800736448e-08,2228224000.0,4.565343240459387e+18,17016.0,1.8520887708921276,1.8711459554354413,bin_1
config_220,1024,12,8,0.0324628613889217,0.9000729918479919,0.945777952671051,0.2702809274196625,0.0069995243102312,32,8620.0,867649254367297536,564972992,205649920,8,0.0069995243102312,281804800.0,4.338246271836488e+17,4310.0,3.401690028925411,3.4356144394640062,bin_0
config_220,1024,12,8,0.0324628613889217,0.9000729918479919,0.945777952671051,0.2702809274196625,0.0069995243102312,32,8620.0,867649254367297536,564972992,205649920,8,6.010755096806566e-05,563609600.0,8.676492543672975e+17,8620.0,3.1933500297733994,3.22666996678368,bin_0
config_221,320,19,20,0.0030138015281409,0.8582115173339844,0.9292458295822144,0.0838848948478698,0.0033980917651206,64,20982.0,1113055488259522560,2750221312,42561280,16,0.0033980917651206,1592524800.0,6.456485724719592e+17,12171.0,1.887714033126831,1.907959403561764,bin_1
config_221,320,19,20,0.0030138015281409,0.8582115173339844,0.9292458295822144,0.0838848948478698,0.0033980917651206,64,20982.0,1113055488259522560,2750221312,42561280,16,6.178348663855643e-05,2745958400.0,1.1130554882595226e+18,20982.0,1.7797801368744648,1.7986269382961462,bin_1
config_222,512,7,8,0.0042387307621538,0.93626070022583,0.942180633544922,0.1624442040920257,4.25016951339785e-05,128,43693.0,4417376391668957184,11454011392,49604608,16,4.25016951339785e-05,1599078400.0,6.152965628292238e+17,6086.0,2.272975309129621,2.2966141292306244,bin_1
config_222,512,7,8,0.0042387307621538,0.93626070022583,0.942180633544922,0.1624442040920257,4.25016951339785e-05,128,43693.0,4417376391668957184,11454011392,49604608,16,4.25016951339785e-05,3185049600.0,1.2304920253359322e+18,12171.0,2.0299717746015453,2.0519721962584825,bin_1
config_222,512,7,8,0.0042387307621538,0.93626070022583,0.942180633544922,0.1624442040920257,4.25016951339785e-05,128,43693.0,4417376391668957184,11454011392,49604608,16,4.25016951339785e-05,4784128000.0,1.845788588165156e+18,18257.0,1.9386431529482857,1.959327787375841,bin_1
config_222,512,7,8,0.0042387307621538,0.93626070022583,0.942180633544922,0.1624442040920257,4.25016951339785e-05,128,43693.0,4417376391668957184,11454011392,49604608,16,4.25016951339785e-05,6383206400.0,2.4609840506718643e+18,24342.0,1.8885221230006608,1.908724377467984,bin_1
config_222,512,7,8,0.0042387307621538,0.93626070022583,0.942180633544922,0.1624442040920257,4.25016951339785e-05,128,43693.0,4417376391668957184,11454011392,49604608,16,4.25016951339785e-05,7982284800.0,3.0762806135010883e+18,30428.0,1.8559307552165671,1.8756776010013017,bin_1
config_222,512,7,8,0.0042387307621538,0.93626070022583,0.942180633544922,0.1624442040920257,4.25016951339785e-05,128,43693.0,4417376391668957184,11454011392,49604608,16,4.25016951339785e-05,9568256000.0,3.691577176330311e+18,36514.0,1.8321147111204803,1.8510133459919789,bin_1
config_222,512,7,8,0.0042387307621538,0.93626070022583,0.942180633544922,0.1624442040920257,4.25016951339785e-05,128,43693.0,4417376391668957184,11454011392,49604608,16,6.545632349082499e-06,11167334400.0,4.30677263883702e+18,42599.0,1.8046423863973773,1.8229001155055935,bin_1
config_222,512,7,8,0.0042387307621538,0.93626070022583,0.942180633544922,0.1624442040920257,4.25016951339785e-05,128,43693.0,4417376391668957184,11454011392,49604608,16,2.575134409977541e-07,11442585600.0,4.417376391668957e+18,43693.0,1.801838806887142,1.8200475054099912,bin_1
config_223,512,10,4,0.0065804910846054,0.8704584240913391,0.9597530961036682,0.2560728788375854,0.0002472805790603,32,8213.0,260947963287502848,538311872,59831296,16,0.0002472805790603,268697600.0,1.3045809536813427e+17,4106.0,2.1027969149292494,2.12477067365021,bin_0
config_223,512,10,4,0.0065804910846054,0.8704584240913391,0.9597530961036682,0.2560728788375854,0.0002472805790603,32,8213.0,260947963287502848,538311872,59831296,16,1.528600821580628e-06,537395200.0,2.6094796328750285e+17,8213.0,1.9300240950897087,1.9508547378368064,bin_0
config_224,704,14,4,0.0100693516433238,0.9717346429824828,0.9825246334075928,0.0453036911785602,3.239429497625679e-05,64,32451.0,4187361087660883968,4253504512,123725184,8,3.239429497625679e-05,1592524800.0,1.5705023511731725e+18,12171.0,1.96406298277808,1.984683691419539,bin_1
config_224,704,14,4,0.0100693516433238,0.9717346429824828,0.9825246334075928,0.0453036911785602,3.239429497625679e-05,64,32451.0,4187361087660883968,4253504512,123725184,8,3.239429497625679e-05,3191603200.0,3.141004702346345e+18,24342.0,1.8197742703312731,1.8390357373386133,bin_1
config_224,704,14,4,0.0100693516433238,0.9717346429824828,0.9825246334075928,0.0453036911785602,3.239429497625679e-05,64,32451.0,4187361087660883968,4253504512,123725184,8,2.203693535799827e-08,4253286400.0,4.187361087660884e+18,32451.0,1.7564282353393368,1.7752274720395198,bin_1
config_225,704,11,16,0.0215001329779624,0.8420057892799377,0.9875066876411438,0.0428169816732406,0.0088472785428166,32,10732.0,576056038770229248,703361664,104797440,16,0.0088472785428166,350617600.0,2.8802801938511462e+17,5366.0,3.454745417735616,3.4882898904456465,bin_0
config_225,704,11,16,0.0215001329779624,0.8420057892799377,0.9875066876411438,0.0428169816732406,0.0088472785428166,32,10732.0,576056038770229248,703361664,104797440,16,0.0006168037328325,701235200.0,5.7605603877022925e+17,10732.0,3.3653405406045134,3.40040617778653,bin_0
config_226,1152,17,18,0.1853440105915069,0.9161006808280944,0.935006320476532,0.0357707627117633,0.0014292931882664,32,4701.0,755799067571871744,308088736,328688640,8,0.0014292931882664,154009600.0,3.7781914673343936e+17,2350.0,2.652756977745744,2.680591366349674,bin_0
config_226,1152,17,18,0.1853440105915069,0.9161006808280944,0.935006320476532,0.0357707627117633,0.0014292931882664,32,4701.0,755799067571871744,308088736,328688640,8,8.507697549205075e-06,308019200.0,7.557990675718717e+17,4701.0,2.7621757168848005,2.790033613853767,bin_0
config_227,832,13,16,0.0087939342483878,0.8717712759971619,0.9271061420440674,0.1865526288747787,1.1683040611387696e-05,32,4526.0,350406914999132160,296620224,152608768,8,1.1683040611387696e-05,147456000.0,1.7520345749956608e+17,2263.0,3.0301118206196143,3.060919059964477,bin_0
config_227,832,13,16,0.0087939342483878,0.8717712759971619,0.9271061420440674,0.1865526288747787,1.1683040611387696e-05,32,4526.0,350406914999132160,296620224,152608768,8,3.599040946636016e-07,294912000.0,3.5040691499913216e+17,4526.0,2.822460675864923,2.851407443343616,bin_0
config_229,512,4,16,0.0018442793516442,0.9879359602928162,0.9148320555686952,0.0184668134897947,0.0022235468495637,32,4208.0,79034609498849280,275793664,39377920,16,0.0022235468495637,137625600.0,3.951730474942464e+16,2104.0,3.354310495579829,3.3905729525988217,bin_0
config_229,512,4,16,0.0018442793516442,0.9879359602928162,0.9148320555686952,0.0184668134897947,0.0022235468495637,32,4208.0,79034609498849280,275793664,39377920,16,0.0002310178545001,275251200.0,7.903460949884928e+16,4208.0,3.278112542121137,3.3121941311633,bin_0
config_23,512,19,16,0.0128449872136116,0.8817463517189026,0.9352611899375916,0.1104201823472976,0.0053081442601978,32,5347.0,274061187133931520,350451264,90511360,8,0.0053081442601978,173670400.0,1.3700496600130894e+17,2673.0,3.354164859701376,3.387270878690188,bin_0
config_23,512,19,16,0.0128449872136116,0.8817463517189026,0.9352611899375916,0.1104201823472976,0.0053081442601978,32,5347.0,274061187133931520,350451264,90511360,8,0.0004228521698801,347340800.0,2.7406118713393152e+17,5347.0,3.2304822241282856,3.2641069165995864,bin_0
config_231,448,8,8,0.1367519795894622,0.8640304803848267,0.90659499168396,0.0998118296265602,1.1065585567848755e-05,32,7425.0,167570837688360960,486649920,42716800,16,1.1065585567848755e-05,242483200.0,8.377413461268632e+16,3712.0,3.139520283292552,3.1727409528513424,bin_0
config_231,448,8,8,0.1367519795894622,0.8640304803848267,0.90659499168396,0.0998118296265602,1.1065585567848755e-05,32,7425.0,167570837688360960,486649920,42716800,16,3.733328464186497e-07,484966400.0,1.6757083768836096e+17,7425.0,2.926259589664272,2.9568963773915025,bin_0
config_232,896,19,16,0.0012096071150153,0.9311397671699524,0.9063278436660768,0.1701404452323913,1.730688745738007e-05,32,7465.0,899911468066996224,489289472,236841472,8,1.730688745738007e-05,245760000.0,4.498954586505063e+17,3732.0,2.6965726360141256,2.724227864116919,bin_0
config_232,896,19,16,0.0012096071150153,0.9311397671699524,0.9063278436660768,0.1701404452323913,1.730688745738007e-05,32,7465.0,899911468066996224,489289472,236841472,8,2.044120565832311e-07,488243200.0,8.999114680669962e+17,7465.0,2.4297356691125964,2.455849669937228,bin_0
config_233,576,14,8,0.0028341829311102,0.945094883441925,0.9845348596572876,0.1750780642032623,0.0001151748219854,32,10724.0,496467752446992384,702845376,84714624,16,0.0001151748219854,350617600.0,2.482338762234962e+17,5362.0,2.0926039514385284,2.111646405986098,bin_0
config_233,576,14,8,0.0028341829311102,0.945094883441925,0.9845348596572876,0.1750780642032623,0.0001151748219854,32,10724.0,496467752446992384,702845376,84714624,16,1.4726668767448543e-06,701235200.0,4.964677524469924e+17,10724.0,1.903807691159796,1.9225187637766852,bin_0
config_234,1024,4,8,0.0072107329033315,0.9787518382072448,0.9616208076477052,0.1944755613803863,0.0001347081124549,64,38058.0,3580934012541075456,4988439552,102873088,16,0.0001347081124549,1592524800.0,1.1451875523316367e+18,12171.0,1.8454962011634328,1.8658327206627268,bin_1
config_234,1024,4,8,0.0072107329033315,0.9787518382072448,0.9616208076477052,0.1944755613803863,0.0001347081124549,64,38058.0,3580934012541075456,4988439552,102873088,16,0.0001347081124549,3191603200.0,2.2903751046632732e+18,24342.0,1.7603327475219477,1.7801386344628256,bin_1
config_234,1024,4,8,0.0072107329033315,0.9787518382072448,0.9616208076477052,0.1944755613803863,0.0001347081124549,64,38058.0,3580934012541075456,4988439552,102873088,16,2.835768669164277e-05,4784128000.0,3.4356567484871726e+18,36514.0,1.6904304943319226,1.7070023116127389,bin_1
config_234,1024,4,8,0.0072107329033315,0.9787518382072448,0.9616208076477052,0.1944755613803863,0.0001347081124549,64,38058.0,3580934012541075456,4988439552,102873088,16,1.4561071471960577e-07,4987289600.0,3.5809340125410755e+18,38058.0,1.6828607604542716,1.6991288297293616,bin_1
config_237,512,18,16,0.0035268056672066,0.818118155002594,0.913414716720581,0.2401838898658752,8.280602924060076e-05,32,3775.0,185308790339174400,247410400,87102464,8,8.280602924060076e-05,124518400.0,9.262985095894624e+16,1887.0,2.723361117448963,2.7525731723816667,bin_0
config_237,512,18,16,0.0035268056672066,0.818118155002594,0.913414716720581,0.2401838898658752,8.280602924060076e-05,32,3775.0,185308790339174400,247410400,87102464,8,2.284934581694281e-06,245760000.0,1.853087903391744e+17,3775.0,2.4246500059229428,2.4494558916521854,bin_0
config_238,512,5,16,0.0786180272698402,0.9583942890167236,0.9177591800689696,0.0957598909735679,0.0001197840028908,64,68589.0,2873267109268291584,8990150656,42786816,16,0.0001197840028908,1592524800.0,5.098563032979687e+17,12171.0,1.974190830559027,1.9959999882979471,bin_1
config_238,512,5,16,0.0786180272698402,0.9583942890167236,0.9177591800689696,0.0957598909735679,0.0001197840028908,64,68589.0,2873267109268291584,8990150656,42786816,16,0.0001197840028908,3191603200.0,1.0197126065959374e+18,24342.0,1.8737983717683888,1.894995786166582,bin_1
config_238,512,5,16,0.0786180272698402,0.9583942890167236,0.9177591800689696,0.0957598909735679,0.0001197840028908,64,68589.0,2873267109268291584,8990150656,42786816,16,0.0001197840028908,4784128000.0,1.5296108009713275e+18,36514.0,1.834470576731885,1.8539840112357844,bin_1
config_238,512,5,16,0.0786180272698402,0.9583942890167236,0.9177591800689696,0.0957598909735679,0.0001197840028908,64,68589.0,2873267109268291584,8990150656,42786816,16,0.0001197840028908,6383206400.0,2.0394671042692964e+18,48685.0,1.8121464253644477,1.8314138080252973,bin_1
config_238,512,5,16,0.0786180272698402,0.9583942890167236,0.9177591800689696,0.0957598909735679,0.0001197840028908,64,68589.0,2873267109268291584,8990150656,42786816,16,0.0001197840028908,7975731200.0,2.5493234075672653e+18,60856.0,1.7973511741200432,1.816348912872252,bin_1
config_238,512,5,16,0.0786180272698402,0.9583942890167236,0.9177591800689696,0.0957598909735679,0.0001197840028908,64,68589.0,2873267109268291584,8990150656,42786816,16,7.112631109533403e-07,8984985600.0,2.873267109268292e+18,68589.0,1.748343592979869,1.768737702877795,bin_1
config_239,768,5,8,0.0077525009401142,0.8296642303466797,0.9055002927780152,0.2624649405479431,0.00019921749481,64,13533.0,955044154252984320,1773905920,74010624,16,7.758879057229798e-05,1592524800.0,8.589257667489155e+17,12171.0,1.8378241293547584,1.857759394997456,bin_0
config_239,768,5,8,0.0077525009401142,0.8296642303466797,0.9055002927780152,0.2624649405479431,0.00019921749481,64,13533.0,955044154252984320,1773905920,74010624,16,1.8513594279724176e-06,1769472000.0,9.550441542529844e+17,13533.0,1.816514991658633,1.836332793274864,bin_0
config_24,768,5,24,0.0375687181949615,0.9681217670440674,0.9104373455047609,0.0288956891745328,0.0006285262643359,64,50895.0,3591534802529157120,6670942720,74010624,16,0.0006285262643359,1592524800.0,8.588774944804475e+17,12171.0,1.818893533339266,1.838883473677713,bin_1
config_24,768,5,24,0.0375687181949615,0.9681217670440674,0.9104373455047609,0.0288956891745328,0.0006285262643359,64,50895.0,3591534802529157120,6670942720,74010624,16,0.0006285262643359,3191603200.0,1.717754988960895e+18,24342.0,1.7635503634077605,1.782359582517968,bin_1
config_24,768,5,24,0.0375687181949615,0.9681217670440674,0.9104373455047609,0.0288956891745328,0.0006285262643359,64,50895.0,3591534802529157120,6670942720,74010624,16,0.0006285262643359,4784128000.0,2.576703050978478e+18,36514.0,1.7413625531509274,1.7576313522604643,bin_1
config_24,768,5,24,0.0375687181949615,0.9681217670440674,0.9104373455047609,0.0288956891745328,0.0006285262643359,64,50895.0,3591534802529157120,6670942720,74010624,16,0.0006285262643359,6383206400.0,3.4355805454589256e+18,48685.0,1.727185091698756,1.742925832467001,bin_1
config_24,768,5,24,0.0375687181949615,0.9681217670440674,0.9104373455047609,0.0288956891745328,0.0006285262643359,64,50895.0,3591534802529157120,6670942720,74010624,16,1.92405999286518e-05,6665011200.0,3.591534802529157e+18,50895.0,1.6719451241024206,1.6864203290861162,bin_1
config_240,512,9,4,0.0013622512342408,0.924500286579132,0.9645702242851256,0.0669594705104827,1.406307546858443e-05,64,17640.0,1044435244972769280,2312118272,56422400,16,1.406307546858443e-05,1592524800.0,7.206247940228785e+17,12171.0,2.418100360338805,2.442951425880682,bin_1
config_240,512,9,4,0.0013622512342408,0.924500286579132,0.9645702242851256,0.0669594705104827,1.406307546858443e-05,64,17640.0,1044435244972769280,2312118272,56422400,16,4.7631076946941517e-07,2306867200.0,1.0444352449727692e+18,17640.0,2.2738554216994613,2.297038252510008,bin_1
config_241,896,11,16,0.1561229526996612,0.824482262134552,0.9044187664985656,0.2416485100984573,1.450438048777869e-05,64,21066.0,3254358240044384256,2761164288,156086784,8,1.450438048777869e-05,1592524800.0,1.8802237795300577e+18,12171.0,2.2010581223300245,2.2242221921975496,bin_1
config_241,896,11,16,0.1561229526996612,0.824482262134552,0.9044187664985656,0.2416485100984573,1.450438048777869e-05,64,21066.0,3254358240044384256,2761164288,156086784,8,4.559333748614006e-08,2759065600.0,3.254358240044384e+18,21066.0,2.047189003092344,2.069616350424094,bin_1
config_243,960,20,16,0.0097154676914215,0.9685583114624025,0.9046288132667542,0.2653071880340576,0.0037286246661096,64,14985.0,4102185968175513600,1964122880,269489280,8,0.0026592832524329,1592524800.0,3.3318455401177293e+18,12171.0,3.258955325806727,3.2931258963366026,bin_1
config_243,960,20,16,0.0097154676914215,0.9685583114624025,0.9046288132667542,0.2653071880340576,0.0037286246661096,64,14985.0,4102185968175513600,1964122880,269489280,8,3.2830657437443646e-05,1959526400.0,4.1021859681755136e+18,14985.0,3.152508307480421,3.186298953744232,bin_1
config_245,256,24,16,0.0014359467895701,0.9754559993743896,0.907706618309021,0.2666901350021362,0.0081082070246338,64,37246.0,1713099230359584768,4881962496,33330688,16,0.0081082070246338,1592524800.0,5.597951654595528e+17,12171.0,3.4642764561293555,3.4942714100978414,bin_1
config_245,256,24,16,0.0014359467895701,0.9754559993743896,0.907706618309021,0.2666901350021362,0.0081082070246338,64,37246.0,1713099230359584768,4881962496,33330688,16,0.0081082070246338,3191603200.0,1.1195903309191055e+18,24342.0,3.399313416324678,3.4149698216797875,bin_1
config_245,256,24,16,0.0014359467895701,0.9754559993743896,0.907706618309021,0.2666901350021362,0.0081082070246338,64,37246.0,1713099230359584768,4881962496,33330688,16,0.000608952223938,4784128000.0,1.6794314905587146e+18,36514.0,3.166456242076686,3.1988532884003686,bin_1
config_245,256,24,16,0.0014359467895701,0.9754559993743896,0.907706618309021,0.2666901350021362,0.0081082070246338,64,37246.0,1713099230359584768,4881962496,33330688,16,3.754933284336702e-05,4875878400.0,1.7130992303595848e+18,37246.0,3.162598804880361,3.195441439112679,bin_1
config_246,1024,8,16,0.0042749219574034,0.9832297563552856,0.983565866947174,0.1073950082063674,3.982575799454935e-05,64,54469.0,8044625773338820608,7139411456,154261504,16,3.982575799454935e-05,1592524800.0,1.797557147869555e+18,12171.0,1.9134971446678288,1.934258773561384,bin_2
config_246,1024,8,16,0.0042749219574034,0.9832297563552856,0.983565866947174,0.1073950082063674,3.982575799454935e-05,64,54469.0,8044625773338820608,7139411456,154261504,16,3.982575799454935e-05,3191603200.0,3.59511429573911e+18,24342.0,1.7820385732025397,1.8017817407357888,bin_2
config_246,1024,8,16,0.0042749219574034,0.9832297563552856,0.983565866947174,0.1073950082063674,3.982575799454935e-05,64,54469.0,8044625773338820608,7139411456,154261504,16,3.982575799454935e-05,4784128000.0,5.392819135429211e+18,36514.0,1.7258998134487966,1.743083167740556,bin_2
config_246,1024,8,16,0.0042749219574034,0.9832297563552856,0.983565866947174,0.1073950082063674,3.982575799454935e-05,64,54469.0,8044625773338820608,7139411456,154261504,16,3.928103912986069e-05,6383206400.0,7.190376283298766e+18,48685.0,1.6897869813246804,1.7068129800186782,bin_2
config_246,1024,8,16,0.0042749219574034,0.9832297563552856,0.983565866947174,0.1073950082063674,3.982575799454935e-05,64,54469.0,8044625773338820608,7139411456,154261504,16,1.2937073036355448e-07,7136870400.0,8.044625773338821e+18,54469.0,1.6565135381651706,1.6732014955458094,bin_2
config_247,320,11,20,0.0067448839545249,0.886860191822052,0.9277928471565248,0.2392595559358596,2.698613388929516e-05,32,4442.0,80052146740224000,291147840,31415040,16,2.698613388929516e-05,144179200.0,4.0026073370112e+16,2221.0,3.217718427845689,3.251809639149025,bin_0
config_247,320,11,20,0.0067448839545249,0.886860191822052,0.9277928471565248,0.2392595559358596,2.698613388929516e-05,32,4442.0,80052146740224000,291147840,31415040,16,1.0672482329099778e-06,288358400.0,8.0052146740224e+16,4442.0,2.972751537776384,3.004172098441202,bin_0
config_248,448,13,16,0.0040794294327497,0.9873132705688475,0.962724268436432,0.0973278954625129,0.0017047111177816,32,9931.0,309226664959844352,650894144,55336960,16,0.0017047111177816,324403200.0,1.545977637222462e+17,4965.0,2.342054822601256,2.365252780992477,bin_0
config_248,448,13,16,0.0040794294327497,0.9873132705688475,0.962724268436432,0.0973278954625129,0.0017047111177816,32,9931.0,309226664959844352,650894144,55336960,16,5.470605036359488e-05,648806400.0,3.0922666495984435e+17,9931.0,2.0312819217853857,2.0512189864721453,bin_0
config_249,640,21,16,0.0022195363417267,0.9591811895370485,0.9919294714927672,0.2207741886377334,0.0007560073281638,64,32173.0,4905840653057064960,4217088256,138864640,8,0.0007560073281638,1592524800.0,1.85587252007452e+18,12171.0,1.7135209929943085,1.731975689891909,bin_1
config_249,640,21,16,0.0022195363417267,0.9591811895370485,0.9919294714927672,0.2207741886377334,0.0007560073281638,64,32173.0,4905840653057064960,4217088256,138864640,8,0.0007560073281638,3191603200.0,3.71174504014904e+18,24342.0,1.6393834531111795,1.6570448906304407,bin_1
config_249,640,21,16,0.0022195363417267,0.9591811895370485,0.9919294714927672,0.2207741886377334,0.0007560073281638,64,32173.0,4905840653057064960,4217088256,138864640,8,2.44834814809461e-06,4213964800.0,4.905840653057065e+18,32173.0,1.5722970425496336,1.5892591498718889,bin_1
config_25,576,5,12,0.0093683768063783,0.8831959962844849,0.916224241256714,0.0240446273237466,1.0500752068764996e-05,64,55712.0,2657881839685533696,7302363648,48872448,16,1.0500752068764996e-05,1592524800.0,5.806483319717947e+17,12171.0,2.681574294528023,2.7100231022131247,bin_1
config_25,576,5,12,0.0093683768063783,0.8831959962844849,0.916224241256714,0.0240446273237466,1.0500752068764996e-05,64,55712.0,2657881839685533696,7302363648,48872448,16,1.0500752068764996e-05,3191603200.0,1.1612966639435894e+18,24342.0,2.3658991018670505,2.390629565598535,bin_1
config_25,576,5,12,0.0093683768063783,0.8831959962844849,0.916224241256714,0.0240446273237466,1.0500752068764996e-05,64,55712.0,2657881839685533696,7302363648,48872448,16,1.0500752068764996e-05,4784128000.0,1.7419927034440978e+18,36514.0,2.2098010174954523,2.2324588602879007,bin_1
config_25,576,5,12,0.0093683768063783,0.8831959962844849,0.916224241256714,0.0240446273237466,1.0500752068764996e-05,64,55712.0,2657881839685533696,7302363648,48872448,16,1.0500752068764996e-05,6383206400.0,2.3226410354158925e+18,48685.0,2.129521170952281,2.1512396863249483,bin_1
config_25,576,5,12,0.0093683768063783,0.8831959962844849,0.916224241256714,0.0240446273237466,1.0500752068764996e-05,64,55712.0,2657881839685533696,7302363648,48872448,16,9.410681465659457e-08,7300710400.0,2.6578818396855337e+18,55712.0,2.0901742914856456,2.112107823637665,bin_1
config_250,896,15,16,0.0039356108754873,0.881286084651947,0.9572030901908876,0.224277526140213,3.0575040000258014e-05,32,3906.0,386259552311721984,255984192,196464128,8,3.0575040000258014e-05,127795200.0,1.93129776155861e+17,1953.0,2.7698768362256345,2.7987029944091546,bin_0
config_250,896,15,16,0.0039356108754873,0.881286084651947,0.9572030901908876,0.224277526140213,3.0575040000258014e-05,32,3906.0,386259552311721984,255984192,196464128,8,2.0941808219354386e-07,255590400.0,3.86259552311722e+17,3906.0,2.502946289171938,2.5283484965074257,bin_0
config_251,1152,10,12,0.0256948322057724,0.8664553761482239,0.9594216346740724,0.1740366518497467,0.000444615870947,64,69150.0,14376293064790769664,9063668736,217195776,8,0.000444615870947,1592524800.0,2.530352319473152e+18,12171.0,1.7278189993881787,1.7459658403279352,bin_2
config_251,1152,10,12,0.0256948322057724,0.8664553761482239,0.9594216346740724,0.1740366518497467,0.000444615870947,64,69150.0,14376293064790769664,9063668736,217195776,8,0.000444615870947,3191603200.0,5.060704638946304e+18,24342.0,1.6490351917509172,1.666286978076716,bin_2
config_251,1152,10,12,0.0256948322057724,0.8664553761482239,0.9594216346740724,0.1740366518497467,0.000444615870947,64,69150.0,14376293064790769664,9063668736,217195776,8,0.000444615870947,4784128000.0,7.591264858536083e+18,36514.0,1.6151033255506737,1.6304096476171837,bin_2
config_251,1152,10,12,0.0256948322057724,0.8664553761482239,0.9594216346740724,0.1740366518497467,0.000444615870947,64,69150.0,14376293064790769664,9063668736,217195776,8,0.000444615870947,6383206400.0,1.0121617178009235e+19,48685.0,1.5953728580084003,1.6097350119958158,bin_2
config_251,1152,10,12,0.0256948322057724,0.8664553761482239,0.9594216346740724,0.1740366518497467,0.000444615870947,64,69150.0,14376293064790769664,9063668736,217195776,8,0.0003066571155775,7975731200.0,1.2651969497482387e+19,60856.0,1.5609231445437572,1.5747588167620488,bin_2
config_251,1152,10,12,0.0256948322057724,0.8664553761482239,0.9594216346740724,0.1740366518497467,0.000444615870947,64,69150.0,14376293064790769664,9063668736,217195776,8,0.0,9063628800.0,1.437629306479077e+19,69150.0,1.508094282365236,1.523205120798017,bin_2
config_252,1152,7,16,0.0073581109754741,0.8167036771774292,0.9361596703529358,0.1766027212142944,3.973675484303385e-05,64,26566.0,4229270058051698688,3482153472,169413120,16,3.973675484303385e-05,1592524800.0,1.937606183714041e+18,12171.0,1.923231762549916,1.9435222156712264,bin_1
config_252,1152,7,16,0.0073581109754741,0.8167036771774292,0.9361596703529358,0.1766027212142944,3.973675484303385e-05,64,26566.0,4229270058051698688,3482153472,169413120,16,1.8771402415724367e-05,3191603200.0,3.875212367428082e+18,24342.0,1.791956208416673,1.81115746654448,bin_1
config_252,1152,7,16,0.0073581109754741,0.8167036771774292,0.9361596703529358,0.1766027212142944,3.973675484303385e-05,64,26566.0,4229270058051698688,3482153472,169413120,16,1.3553359144926905e-07,3479961600.0,4.229270058051698e+18,26566.0,1.7747041862519062,1.793595739309905,bin_1
config_254,832,18,16,0.0014520587865263,0.9431080222129822,0.9604704976081848,0.0490252561867237,1.7880396626424044e-05,64,70732.0,14269674745449676800,9271089152,195215488,8,1.7880396626424044e-05,1592524800.0,2.455412137743426e+18,12171.0,2.133787209889928,2.155914539059655,bin_2
config_254,832,18,16,0.0014520587865263,0.9431080222129822,0.9604704976081848,0.0490252561867237,1.7880396626424044e-05,64,70732.0,14269674745449676800,9271089152,195215488,8,1.7880396626424044e-05,3191603200.0,4.910824275486852e+18,24342.0,1.911218629469637,1.931957103658895,bin_2
config_254,832,18,16,0.0014520587865263,0.9431080222129822,0.9604704976081848,0.0490252561867237,1.7880396626424044e-05,64,70732.0,14269674745449676800,9271089152,195215488,8,1.7880396626424044e-05,4784128000.0,7.366438156072917e+18,36514.0,1.822083277213769,1.8401393643949853,bin_2
config_254,832,18,16,0.0014520587865263,0.9431080222129822,0.9604704976081848,0.0490252561867237,1.7880396626424044e-05,64,70732.0,14269674745449676800,9271089152,195215488,8,1.7880396626424044e-05,6383206400.0,9.821850293816345e+18,48685.0,1.769055953143073,1.7863572253946398,bin_2
config_254,832,18,16,0.0014520587865263,0.9431080222129822,0.9604704976081848,0.0490252561867237,1.7880396626424044e-05,64,70732.0,14269674745449676800,9271089152,195215488,8,1.7880396626424044e-05,7975731200.0,1.2277262431559768e+19,60856.0,1.7328103600369125,1.7496443251899032,bin_2
config_254,832,18,16,0.0014520587865263,0.9431080222129822,0.9604704976081848,0.0490252561867237,1.7880396626424044e-05,64,70732.0,14269674745449676800,9271089152,195215488,8,1.650339463644565e-07,9266790400.0,1.4269674745449677e+19,70732.0,1.691324779205635,1.7088618639062665,bin_2
config_255,320,16,16,0.0041961395181715,0.9791050553321838,0.927950084209442,0.2309212535619735,0.0001256780960829,32,6690.0,156120044389171200,438472448,38381440,16,0.0001256780960829,219545600.0,7.80600221945856e+16,3345.0,3.0164174642719206,3.0475789132665416,bin_0
config_255,320,16,16,0.0041961395181715,0.9791050553321838,0.927950084209442,0.2309212535619735,0.0001256780960829,32,6690.0,156120044389171200,438472448,38381440,16,3.255909224948012e-06,435814400.0,1.561200443891712e+17,6690.0,2.692452110853352,2.720769730239618,bin_0
config_256,320,7,10,0.0332165360450744,0.8064897656440735,0.953630030155182,0.193866565823555,0.0012097773142158,64,13863.0,381737914355957760,1817168256,25841920,16,0.0007712499215674,1592524800.0,3.3514622777366816e+17,12171.0,1.8893113850765544,1.909602862225204,bin_0
config_256,320,7,10,0.0332165360450744,0.8064897656440735,0.953630030155182,0.193866565823555,0.0012097773142158,64,13863.0,381737914355957760,1817168256,25841920,16,5.853035014814507e-06,1815347200.0,3.8173791435595776e+17,13863.0,1.840691421031952,1.8604897979048431,bin_0
config_257,1152,9,16,0.0444585382938385,0.8571687936782837,0.9411231279373168,0.1687253415584564,2.9584420190076344e-05,32,9069.0,869131465787031552,594366528,201268224,8,2.9584420190076344e-05,298188800.0,4.345178151812108e+17,4534.0,2.359120866607447,2.3830708489457115,bin_0
config_257,1152,9,16,0.0444585382938385,0.8571687936782837,0.9411231279373168,0.1687253415584564,2.9584420190076344e-05,32,9069.0,869131465787031552,594366528,201268224,8,3.673882245826474e-07,593100800.0,8.691314657870316e+17,9069.0,2.114934283553577,2.1376150277794386,bin_0
config_258,256,14,16,0.0915262922644615,0.9447681903839112,0.9202937483787536,0.1037943586707115,0.0057521876879036,32,4351.0,67549032300773376,285172032,24805888,16,0.0057521876879036,144179200.0,3.3766753678276736e+16,2175.0,2.4711321697469617,2.4968871570806037,bin_0
config_258,256,14,16,0.0915262922644615,0.9447681903839112,0.9202937483787536,0.1037943586707115,0.0057521876879036,32,4351.0,67549032300773376,285172032,24805888,16,1.2754296425506774e-05,285081600.0,6.754903230077338e+16,4351.0,2.163031937489744,2.185017933571925,bin_0
config_259,576,19,24,0.0018001337302848,0.902701497077942,0.9458271861076356,0.2790288627147674,0.0022349336650222,64,23344.0,2743360890295320576,3059783424,104626944,8,0.0022349336650222,1592524800.0,1.4303223695932293e+18,12171.0,1.7582847075188746,1.7766410405323154,bin_1
config_259,576,19,24,0.0018001337302848,0.902701497077942,0.9458271861076356,0.2790288627147674,0.0022349336650222,64,23344.0,2743360890295320576,3059783424,104626944,8,1.5098584563331616e-05,3053977600.0,2.7433608902953206e+18,23344.0,1.638907356027697,1.6563956091833896,bin_1
config_26,1024,4,16,0.1883779764175415,0.9587985873222352,0.991377294063568,0.25727379322052,4.711580550065264e-05,64,35916.0,3379378327819124736,4707661312,102873088,16,4.711580550065264e-05,1592524800.0,1.1451835846944694e+18,12171.0,1.951977005083053,1.9728655155760344,bin_1
config_26,1024,4,16,0.1883779764175415,0.9587985873222352,0.991377294063568,0.25727379322052,4.711580550065264e-05,64,35916.0,3379378327819124736,4707661312,102873088,16,4.711580550065264e-05,3191603200.0,2.2903671693889388e+18,24342.0,1.8344672987109325,1.8546312977446884,bin_1
config_26,1024,4,16,0.1883779764175415,0.9587985873222352,0.991377294063568,0.25727379322052,4.711580550065264e-05,64,35916.0,3379378327819124736,4707661312,102873088,16,8.158581039073734e-08,4705484800.0,3.3793783278191247e+18,35916.0,1.7680297173437525,1.7860609293374858,bin_1
config_260,832,6,16,0.0991600677371025,0.9110540151596068,0.933419108390808,0.1280960440635681,0.000305013731122,64,9522.0,849177937756422144,1248103424,92959360,16,0.000305013731122,622592000.0,4.245889688782111e+17,4761.0,1.9294270545146504,1.9499547082869733,bin_0
config_260,832,6,16,0.0991600677371025,0.9110540151596068,0.933419108390808,0.1280960440635681,0.000305013731122,64,9522.0,849177937756422144,1248103424,92959360,16,5.504759708518784e-06,1245184000.0,8.491779377564221e+17,9522.0,1.7803804930311735,1.7993036275613503,bin_0
config_261,640,23,16,0.1013193577527999,0.877369225025177,0.9131836891174316,0.0856294333934784,0.0052501140162348,64,11383.0,1873554666310041600,1492004480,149025280,8,0.0052501140162348,747110400.0,9.366950369823812e+17,5691.0,3.675813355367692,3.7081566032425295,bin_1
config_261,640,23,16,0.1013193577527999,0.877369225025177,0.9131836891174316,0.0856294333934784,0.0052501140162348,64,11383.0,1873554666310041600,1492004480,149025280,8,0.0001778786062995,1487667200.0,1.8735546663100416e+18,11383.0,3.613873288436014,3.650935625678203,bin_1
config_262,640,7,20,0.0152613511309027,0.9343929290771484,0.9087176322937012,0.2953790426254272,0.0036164547782391,32,5984.0,202573556339097600,392216640,67740160,16,0.0036164547782391,196608000.0,1.012867781695488e+17,2992.0,3.2122405700214576,3.247091491574147,bin_0
config_262,640,7,20,0.0152613511309027,0.9343929290771484,0.9087176322937012,0.2953790426254272,0.0036164547782391,32,5984.0,202573556339097600,392216640,67740160,16,6.958656619135807e-05,389939200.0,2.025735563390976e+17,5984.0,2.98258665483506,3.0135911839125584,bin_0
config_263,320,17,16,0.0021297268103808,0.9189876317977904,0.9105565547943116,0.2053686380386352,0.001977928681299,64,29083.0,1419108811976540160,3811995136,39774720,16,0.001977928681299,1592524800.0,5.938855465586931e+17,12171.0,1.8722187170435167,1.8923256120525425,bin_1
config_263,320,17,16,0.0021297268103808,0.9189876317977904,0.9105565547943116,0.2053686380386352,0.001977928681299,64,29083.0,1419108811976540160,3811995136,39774720,16,0.0015675714080021,3191603200.0,1.1877710931173862e+18,24342.0,1.8068439325739123,1.826370233981336,bin_1
config_263,320,17,16,0.0021297268103808,0.9189876317977904,0.9105565547943116,0.2053686380386352,0.001977928681299,64,29083.0,1419108811976540160,3811995136,39774720,16,1.0929612605972694e-05,3807641600.0,1.4191088119765402e+18,29083.0,1.7416391922215946,1.7607481084886143,bin_1
config_264,832,20,16,0.0367078371345996,0.9458777904510498,0.9256864786148072,0.2296593487262725,1.86446777661331e-05,64,7920.0,1746471391844155392,1038151808,212258176,8,1.86446777661331e-05,517734400.0,8.732356959220777e+17,3960.0,2.5705090485439928,2.5974876570506176,bin_1
config_264,832,20,16,0.0367078371345996,0.9458777904510498,0.9256864786148072,0.2296593487262725,1.86446777661331e-05,64,7920.0,1746471391844155392,1038151808,212258176,8,2.051119666241256e-07,1035468800.0,1.7464713918441554e+18,7920.0,2.246335199914995,2.2698775304340923,bin_1
config_266,960,13,10,0.0063493219204247,0.9245458841323853,0.9697742462158204,0.2051762640476226,0.0011462841648608,32,5397.0,516106377852825600,353758816,192061440,8,0.0011462841648608,176947200.0,2.580053747353944e+17,2698.0,2.1820484685702404,2.204798230851283,bin_0
config_266,960,13,10,0.0063493219204247,0.9245458841323853,0.9697742462158204,0.2051762640476226,0.0011462841648608,32,5397.0,516106377852825600,353758816,192061440,8,4.8667891371688985e-05,350617600.0,5.161063778528256e+17,5397.0,1.964667898299264,1.9857719125317743,bin_0
config_267,384,24,12,0.0057418784126639,0.8900291919708252,0.9348431825637816,0.0855846256017685,1.181805146188708e-05,128,42622.0,6671851560840462336,11173111808,61792512,16,1.181805146188708e-05,1599078400.0,9.526744075659296e+17,6086.0,2.8875133235337302,2.917737466077336,bin_2
config_267,384,24,12,0.0057418784126639,0.8900291919708252,0.9348431825637816,0.0855846256017685,1.181805146188708e-05,128,42622.0,6671851560840462336,11173111808,61792512,16,1.181805146188708e-05,3185049600.0,1.905192279737912e+18,12171.0,2.606389870487276,2.6346635851312854,bin_2
config_267,384,24,12,0.0057418784126639,0.8900291919708252,0.9348431825637816,0.0855846256017685,1.181805146188708e-05,128,42622.0,6671851560840462336,11173111808,61792512,16,1.181805146188708e-05,4784128000.0,2.8578666873038413e+18,18257.0,2.389873870357138,2.414252567252175,bin_2
config_267,384,24,12,0.0057418784126639,0.8900291919708252,0.9348431825637816,0.0855846256017685,1.181805146188708e-05,128,42622.0,6671851560840462336,11173111808,61792512,16,1.181805146188708e-05,6383206400.0,3.810384559475823e+18,24342.0,2.2507462644967875,2.2732102946766086,bin_2
config_267,384,24,12,0.0057418784126639,0.8900291919708252,0.9348431825637816,0.0855846256017685,1.181805146188708e-05,128,42622.0,6671851560840462336,11173111808,61792512,16,1.181805146188708e-05,7982284800.0,4.763058967041752e+18,30428.0,2.15822970788987,2.1803135747596865,bin_2
config_267,384,24,12,0.0057418784126639,0.8900291919708252,0.9348431825637816,0.0855846256017685,1.181805146188708e-05,128,42622.0,6671851560840462336,11173111808,61792512,16,1.181805146188708e-05,9568256000.0,5.715733374607683e+18,36514.0,2.0942187302620683,2.1163146995716406,bin_2
config_267,384,24,12,0.0057418784126639,0.8900291919708252,0.9348431825637816,0.0855846256017685,1.181805146188708e-05,128,42622.0,6671851560840462336,11173111808,61792512,16,7.129068608761027e-08,11167334400.0,6.668251246779664e+18,42599.0,2.045842171340692,2.067262057202761,bin_2
config_267,384,24,12,0.0057418784126639,0.8900291919708252,0.9348431825637816,0.0855846256017685,1.181805146188708e-05,128,42622.0,6671851560840462336,11173111808,61792512,16,7.129068608761027e-08,11167334400.0,6.671851560840462e+18,42622.0,2.045821719599552,2.067232148920904,bin_2
config_268,512,20,16,0.0132315587252378,0.9523652791976928,0.971203863620758,0.1582098305225372,0.0001352336694253,64,37450.0,4000819782442549248,4908657152,93920256,8,0.0001352336694253,1592524800.0,1.300239721551623e+18,12171.0,1.8362225853419696,1.8566359056801087,bin_1
config_268,512,20,16,0.0132315587252378,0.9523652791976928,0.971203863620758,0.1582098305225372,0.0001352336694253,64,37450.0,4000819782442549248,4908657152,93920256,8,0.0001352336694253,3191603200.0,2.6004794431032453e+18,24342.0,1.738143188034902,1.7567044389052469,bin_1
config_268,512,20,16,0.0132315587252378,0.9523652791976928,0.971203863620758,0.1582098305225372,0.0001352336694253,64,37450.0,4000819782442549248,4908657152,93920256,8,2.1686695805890087e-05,4784128000.0,3.900825995623692e+18,36514.0,1.6623014158889895,1.6788647163109702,bin_1
config_268,512,20,16,0.0132315587252378,0.9523652791976928,0.971203863620758,0.1582098305225372,0.0001352336694253,64,37450.0,4000819782442549248,4908657152,93920256,8,0.0,4908646400.0,4.000819782442549e+18,37450.0,1.6577748745582144,1.6742418596392772,bin_1
config_269,1152,9,24,0.0026329786051064,0.8984911441802979,0.9733958840370178,0.2594406306743622,3.1542946089757606e-05,32,7458.0,714767177221079040,488802560,201268224,8,3.1542946089757606e-05,245760000.0,3.573835886105395e+17,3729.0,2.4250363088826665,2.4494913049408646,bin_0
config_269,1152,9,24,0.0026329786051064,0.8984911441802979,0.9733958840370178,0.2594406306743622,3.1542946089757606e-05,32,7458.0,714767177221079040,488802560,201268224,8,1.3047754328752049e-07,488243200.0,7.14767177221079e+17,7458.0,2.162712949631644,2.1850833748403145,bin_0
config_27,1088,16,16,0.1406401544809341,0.8610662221908569,0.9939342737197876,0.1830026060342788,3.582799035939388e-05,64,8196.0,2334698588914679808,1074324736,290929024,8,3.582799035939388e-05,537395200.0,1.16734929445734e+18,4098.0,2.139994398003719,2.1622997131894848,bin_1
config_27,1088,16,16,0.1406401544809341,0.8610662221908569,0.9939342737197876,0.1830026060342788,3.582799035939388e-05,64,8196.0,2334698588914679808,1074324736,290929024,8,1.0994580096945398e-06,1068236800.0,2.33469858891468e+18,8196.0,1.923981964451368,1.944166752764436,bin_1
config_270,1088,15,16,0.158280998468399,0.8818374872207642,0.9985269904136658,0.038118626922369,0.0002319696213817,32,4436.0,598369286796263424,290771584,276164864,8,0.0002319696213817,144179200.0,2.991846433981317e+17,2218.0,2.1182938053178004,2.1399661113004216,bin_0
config_270,1088,15,16,0.158280998468399,0.8818374872207642,0.9985269904136658,0.038118626922369,0.0002319696213817,32,4436.0,598369286796263424,290771584,276164864,8,4.9413647158236745e-05,288358400.0,5.983692867962634e+17,4436.0,1.9022766825019335,1.921603161565593,bin_0
config_272,960,13,10,0.1097631156444549,0.8763185143470764,0.952290415763855,0.1890444606542587,0.0001887619873741,32,3184.0,304505952952780800,208719888,192061440,8,0.0001887619873741,104857600.0,1.522529764763904e+17,1592.0,2.3262817657970998,2.348948489759789,bin_0
config_272,960,13,10,0.1097631156444549,0.8763185143470764,0.952290415763855,0.1890444606542587,0.0001887619873741,32,3184.0,304505952952780800,208719888,192061440,8,1.0678714759936076e-05,206438400.0,3.045059529527808e+17,3184.0,2.046336592318582,2.066298662170035,bin_0
config_273,320,15,10,0.0057379072532057,0.9898402094841005,0.987259030342102,0.0477402657270431,0.004171370062977,32,14247.0,317309656833146880,933718912,36988160,16,0.004171370062977,465305600.0,1.5864369239997933e+17,7123.0,3.048239845995043,3.080128107383603,bin_0
config_273,320,15,10,0.0057379072532057,0.9898402094841005,0.987259030342102,0.0477402657270431,0.004171370062977,32,14247.0,317309656833146880,933718912,36988160,16,0.0002883152837645,930611200.0,3.173096568331469e+17,14247.0,2.9875179692565417,3.0199066492768583,bin_0
config_274,896,8,16,0.0013994369655847,0.9175933599472046,0.9839277863502502,0.0202722623944282,0.0036979857832193,64,28204.0,3441379572829126656,3696862208,125803776,16,0.0036979857832193,1592524800.0,1.4850741306517975e+18,12171.0,3.040233670297216,3.0728605753476503,bin_1
config_274,896,8,16,0.0013994369655847,0.9175933599472046,0.9839277863502502,0.0202722623944282,0.0036979857832193,64,28204.0,3441379572829126656,3696862208,125803776,16,0.0036979857832193,3191603200.0,2.970148261303595e+18,24342.0,2.8238311989581,2.8554813917347643,bin_1
config_274,896,8,16,0.0013994369655847,0.9175933599472046,0.9839277863502502,0.0202722623944282,0.0036979857832193,64,28204.0,3441379572829126656,3696862208,125803776,16,2.5905329479645068e-05,3696230400.0,3.4413795728291267e+18,28204.0,2.711744487715549,2.7419182205981896,bin_1
config_275,448,20,16,0.013170707039535,0.9600280523300172,0.9095777869224548,0.0689961090683937,0.0018641861388459,32,14382.0,620318199356792832,942558272,73005184,16,0.0018641861388459,471859200.0,3.101590996783964e+17,7191.0,2.0633148348526875,2.083487844740758,bin_0
config_275,448,20,16,0.013170707039535,0.9600280523300172,0.9095777869224548,0.0689961090683937,0.0018641861388459,32,14382.0,620318199356792832,942558272,73005184,16,6.013503673696699e-05,940441600.0,6.203181993567928e+17,14382.0,1.8806326960344784,1.8988275746830172,bin_0
config_276,512,19,16,0.1484456360340118,0.9141913056373596,0.9700859785079956,0.0785673409700393,0.0003187198599334,64,9467.0,970384831461457920,1240863744,90511360,8,0.0003187198599334,622592000.0,4.851411648153671e+17,4733.0,1.9227239640618932,1.9426340469375984,bin_0
config_276,512,19,16,0.1484456360340118,0.9141913056373596,0.9700859785079956,0.0785673409700393,0.0003187198599334,64,9467.0,970384831461457920,1240863744,90511360,8,7.292379029433596e-06,1238630400.0,9.70384831461458e+17,9467.0,1.7639557781375823,1.7824906073632787,bin_0
config_278,1088,20,16,0.0016925551462918,0.8753906488418579,0.98145592212677,0.1065762937068939,0.0002264612558064,32,5982.0,1032896940028563456,392077536,349985664,8,0.0002264612558064,196608000.0,5.164484700142817e+17,2991.0,2.0407520561726367,2.060122146977753,bin_1
config_278,1088,20,16,0.0016925551462918,0.8753906488418579,0.98145592212677,0.1065762937068939,0.0002264612558064,32,5982.0,1032896940028563456,392077536,349985664,8,1.1376389616652967e-05,389939200.0,1.0328969400285636e+18,5982.0,1.8325453142846215,1.851354624795132,bin_1
config_279,576,10,6,0.0082534896209836,0.8475520610809326,0.942897081375122,0.1939813047647476,5.560690988204442e-05,64,11077.0,804667040890306560,1451959680,68784768,16,5.560690988204442e-05,727449600.0,4.022971989212348e+17,5538.0,2.186834574918278,2.209444077093093,bin_0
config_279,576,10,6,0.0082534896209836,0.8475520610809326,0.942897081375122,0.1939813047647476,5.560690988204442e-05,64,11077.0,804667040890306560,1451959680,68784768,16,6.989695376234632e-07,1448345600.0,8.046670408903066e+17,11077.0,1.9895507836341857,2.01096896601505,bin_0
config_280,640,22,8,0.0407310873270034,0.8881247043609619,0.921944260597229,0.1636008620262146,0.0008252391708083,32,15164.0,1202041983513231360,993811584,143944960,8,0.0008252391708083,498073600.0,6.010209917566157e+17,7582.0,1.9527185985103983,1.9728367414826251,bin_1
config_280,640,22,8,0.0407310873270034,0.8881247043609619,0.921944260597229,0.1636008620262146,0.0008252391708083,32,15164.0,1202041983513231360,993811584,143944960,8,4.658608222305252e-06,992870400.0,1.2020419835132314e+18,15164.0,1.7752920687003213,1.7937481660921066,bin_1
config_281,1088,22,8,0.0486693158745765,0.9689316749572754,0.9904478192329408,0.1163442358374595,0.0080355471000075,64,18037.0,6773610356925235200,2364227840,379513984,8,0.0080355471000075,1592524800.0,4.570694220443368e+18,12171.0,3.6066878545479697,3.639766577970786,bin_2
config_281,1088,22,8,0.0486693158745765,0.9689316749572754,0.9904478192329408,0.1163442358374595,0.0080355471000075,64,18037.0,6773610356925235200,2364227840,379513984,8,0.0001417136523833,2359296000.0,6.773610356925235e+18,18037.0,3.520491738827502,3.5577624015339087,bin_2
config_282,896,22,16,0.0311017278581857,0.965438723564148,0.9498512744903564,0.2556383609771728,0.0048470692709088,32,5168.0,706952552643477504,338749632,267124480,8,0.0048470692709088,170393600.0,3.5347627632173875e+17,2584.0,3.565397756295126,3.5988167214393614,bin_0
config_282,896,22,16,0.0311017278581857,0.965438723564148,0.9498512744903564,0.2556383609771728,0.0048470692709088,32,5168.0,706952552643477504,338749632,267124480,8,6.60463640244956e-05,337510400.0,7.069525526434775e+17,5168.0,3.344382768693517,3.37903799604197,bin_0
config_283,448,4,16,0.0170505419373512,0.923178493976593,0.9484933018684388,0.1760314404964447,0.0078569380566477,128,45476.0,2858064266759503872,11921514496,32620672,16,0.0078569380566477,1599078400.0,3.824914048618688e+17,6086.0,1.8932469029113892,1.914392456304832,bin_1
config_283,448,4,16,0.0170505419373512,0.923178493976593,0.9484933018684388,0.1760314404964447,0.0078569380566477,128,45476.0,2858064266759503872,11921514496,32620672,16,0.0078569380566477,3185049600.0,7.649199619740067e+17,12171.0,1.8576494777007184,1.8784792918064557,bin_1
config_283,448,4,16,0.0170505419373512,0.923178493976593,0.9484933018684388,0.1760314404964447,0.0078569380566477,128,45476.0,2858064266759503872,11921514496,32620672,16,0.0078569380566477,4784128000.0,1.1474113668358752e+18,18257.0,1.8464439733302007,1.866635131835937,bin_1
config_283,448,4,16,0.0170505419373512,0.923178493976593,0.9484933018684388,0.1760314404964447,0.0078569380566477,128,45476.0,2858064266759503872,11921514496,32620672,16,0.0078569380566477,6383206400.0,1.5298399239480133e+18,24342.0,1.840126256551899,1.8601676079875131,bin_1
config_283,448,4,16,0.0170505419373512,0.923178493976593,0.9484933018684388,0.1760314404964447,0.0078569380566477,128,45476.0,2858064266759503872,11921514496,32620672,16,0.0078569380566477,7982284800.0,1.9123313288098816e+18,30428.0,1.8351591060982373,1.854925322806249,bin_1
config_283,448,4,16,0.0170505419373512,0.923178493976593,0.9484933018684388,0.1760314404964447,0.0078569380566477,128,45476.0,2858064266759503872,11921514496,32620672,16,0.0078569380566477,9568256000.0,2.2948227336717504e+18,36514.0,1.8308860877302824,1.8519972187573792,bin_1
config_283,448,4,16,0.0170505419373512,0.923178493976593,0.9484933018684388,0.1760314404964447,0.0078569380566477,128,45476.0,2858064266759503872,11921514496,32620672,16,0.0028228049782534,11167334400.0,2.6772512907838884e+18,42599.0,1.7716466604686174,1.792385334694972,bin_1
config_283,448,4,16,0.0170505419373512,0.923178493976593,0.9484933018684388,0.1760314404964447,0.0078569380566477,128,45476.0,2858064266759503872,11921514496,32620672,16,2.5519099247075724e-05,11914444800.0,2.858064266759504e+18,45476.0,1.7341747190522363,1.7545582676324687,bin_1
config_285,1088,7,8,0.0031421547755599,0.950667917728424,0.9977838397026062,0.0893551707267761,3.61292804882396e-05,64,48072.0,7153950547235635200,6300917248,158051584,16,3.61292804882396e-05,1592524800.0,1.8112567005825615e+18,12171.0,1.9112012032211805,1.931688458059655,bin_2
config_285,1088,7,8,0.0031421547755599,0.950667917728424,0.9977838397026062,0.0893551707267761,3.61292804882396e-05,64,48072.0,7153950547235635200,6300917248,158051584,16,3.61292804882396e-05,3191603200.0,3.622513401165124e+18,24342.0,1.7875182047046598,1.8069174061837745,bin_2
config_285,1088,7,8,0.0031421547755599,0.950667917728424,0.9977838397026062,0.0893551707267761,3.61292804882396e-05,64,48072.0,7153950547235635200,6300917248,158051584,16,3.61292804882396e-05,4784128000.0,5.433918919157971e+18,36514.0,1.7313955825274108,1.7483758365521664,bin_2
config_285,1088,7,8,0.0031421547755599,0.950667917728424,0.9977838397026062,0.0893551707267761,3.61292804882396e-05,64,48072.0,7153950547235635200,6300917248,158051584,16,1.850626707197413e-07,6298009600.0,7.153950547235635e+18,48072.0,1.677925302161545,1.694050323337805,bin_2
config_287,1024,13,16,0.0097906207665801,0.8016343712806702,0.9397841691970824,0.1279297918081283,0.0067702042870223,32,7088.0,760899147561172992,464537344,218497024,8,0.0067702042870223,232652800.0,3.804495737805865e+17,3544.0,3.4634955559402214,3.4986000761047737,bin_0
config_287,1024,13,16,0.0097906207665801,0.8016343712806702,0.9397841691970824,0.1279297918081283,0.0067702042870223,32,7088.0,760899147561172992,464537344,218497024,8,0.0002839600032084,462028800.0,7.60899147561173e+17,7088.0,3.3064308401795683,3.340640398947919,bin_0
config_29,1088,16,16,0.0086383717134594,0.9294519424438475,0.9863791465759276,0.0843113660812377,0.0001587443257449,32,7668.0,1092157692776976384,502562528,290929024,8,0.0001587443257449,252313600.0,5.460788463884882e+17,3834.0,2.025963861570984,2.04636142193294,bin_1
config_29,1088,16,16,0.0086383717134594,0.9294519424438475,0.9863791465759276,0.0843113660812377,0.0001587443257449,32,7668.0,1092157692776976384,502562528,290929024,8,4.423216506824359e-06,501350400.0,1.0921576927769764e+18,7668.0,1.8301851863548404,1.848712194239507,bin_1
config_290,960,22,20,0.0028631549794226,0.9267964959144592,0.9625800251960754,0.0033187151420861,0.00013824722555,32,6480.0,963453433611755520,424717888,291611520,8,0.00013824722555,212992000.0,4.8172671680587776e+17,3240.0,2.1396989723893465,2.161307206212497,bin_0
config_290,960,22,20,0.0028631549794226,0.9267964959144592,0.9625800251960754,0.0033187151420861,0.00013824722555,32,6480.0,963453433611755520,424717888,291611520,8,0.00013824722555,422707200.0,9.634534336117556e+17,6480.0,1.9351278976338808,1.955439010467685,bin_0
config_291,896,20,16,0.0196014903485775,0.8226928114891052,0.9482616782188416,0.2294032126665115,0.0014036647044122,64,43525.0,10963789027581100032,5704969216,246935808,8,0.0014036647044122,1592524800.0,3.065830585977934e+18,12171.0,1.7039202696378113,1.7219845235934024,bin_2
config_291,896,20,16,0.0196014903485775,0.8226928114891052,0.9482616782188416,0.2294032126665115,0.0014036647044122,64,43525.0,10963789027581100032,5704969216,246935808,8,0.0014036647044122,3191603200.0,6.131661171955868e+18,24342.0,1.6367673428136795,1.654048915378383,bin_2
config_291,896,20,16,0.0196014903485775,0.8226928114891052,0.9482616782188416,0.2294032126665115,0.0014036647044122,64,43525.0,10963789027581100032,5704969216,246935808,8,0.0009876547023733,4784128000.0,9.19774365429285e+18,36514.0,1.5839243227341135,1.5997548973169484,bin_2
config_291,896,20,16,0.0196014903485775,0.8226928114891052,0.9482616782188416,0.2294032126665115,0.0014036647044122,64,43525.0,10963789027581100032,5704969216,246935808,8,3.514785417698795e-06,5701632000.0,1.09637890275811e+19,43525.0,1.5177067243662037,1.5323328961505265,bin_2
config_292,256,17,16,0.0010449101682752,0.8722184300422668,0.9318816065788268,0.0088135600090026,0.0079233804717659,64,24221.0,860604063429427200,3174712320,27363328,16,0.0079233804717659,1592524800.0,4.324516764790701e+17,12171.0,1.941402910224727,1.961770745808961,bin_0
config_292,256,17,16,0.0010449101682752,0.8722184300422668,0.9318816065788268,0.0088135600090026,0.0079233804717659,64,24221.0,860604063429427200,3174712320,27363328,16,0.0007811783563712,3171942400.0,8.606040634294272e+17,24221.0,1.8505370630201745,1.869993664866588,bin_0
config_293,256,7,16,0.0614839829504489,0.9377123713493348,0.9271611571311952,0.0922957956790924,0.0005476031801663,64,23238.0,478357382737428480,3045924864,18838528,16,0.0005476031801663,1592524800.0,2.5054168625945616e+17,12171.0,1.996479122404192,2.018330137964155,bin_0
config_293,256,7,16,0.0614839829504489,0.9377123713493348,0.9271611571311952,0.0922957956790924,0.0005476031801663,64,23238.0,478357382737428480,3045924864,18838528,16,9.70565337981373e-06,3040870400.0,4.783573827374285e+17,23238.0,1.8960559056235144,1.9172223837258384,bin_0
config_294,448,16,14,0.1759200394153595,0.9729136824607848,0.9087342023849488,0.0245700366795063,0.0020660266745835,64,44773.0,3248412171514675200,5868576768,62909056,16,0.0020660266745835,1592524800.0,8.830416666183885e+17,12171.0,1.9135975907669691,1.933636394836864,bin_1
config_294,448,16,14,0.1759200394153595,0.9729136824607848,0.9087342023849488,0.0245700366795063,0.0020660266745835,64,44773.0,3248412171514675200,5868576768,62909056,16,0.0020660266745835,3191603200.0,1.766083333236777e+18,24342.0,1.908828734139927,1.9286850536846725,bin_1
config_294,448,16,14,0.1759200394153595,0.9729136824607848,0.9087342023849488,0.0245700366795063,0.0020660266745835,64,44773.0,3248412171514675200,5868576768,62909056,16,0.0020660266745835,4784128000.0,2.649197552781517e+18,36514.0,1.8982799639467332,1.9161710469058304,bin_1
config_294,448,16,14,0.1759200394153595,0.9729136824607848,0.9087342023849488,0.0245700366795063,0.0020660266745835,64,44773.0,3248412171514675200,5868576768,62909056,16,4.319873955947436e-05,5865472000.0,3.248412171514675e+18,44773.0,1.7563383867310696,1.773044035161128,bin_1
config_295,256,23,16,0.0187963470816612,0.921316921710968,0.952395796775818,0.0807119980454444,2.1157613446121104e-05,64,34135.0,1519008478405066752,4474244608,32478208,16,2.1157613446121104e-05,1592524800.0,5.4160984885507744e+17,12171.0,2.6581787303236664,2.685969446917049,bin_1
config_295,256,23,16,0.0187963470816612,0.921316921710968,0.952395796775818,0.0807119980454444,2.1157613446121104e-05,64,34135.0,1519008478405066752,4474244608,32478208,16,2.1157613446121104e-05,3191603200.0,1.0832196977101548e+18,24342.0,2.3314821349988217,2.356204160940452,bin_1
config_295,256,23,16,0.0187963470816612,0.921316921710968,0.952395796775818,0.0807119980454444,2.1157613446121104e-05,64,34135.0,1519008478405066752,4474244608,32478208,16,2.6879000748248493e-07,4469555200.0,1.5190084784050668e+18,34135.0,2.1967673833252954,2.2200794910993733,bin_1
config_296,1088,4,16,0.0196296032518148,0.908617377281189,0.9621769189834596,0.144216239452362,0.0005919601535424,32,4569.0,236428942224494592,299485408,113759104,16,0.0005919601535424,150732800.0,1.1818859795157488e+17,2284.0,2.1338089932379174,2.154735598134213,bin_0
config_296,1088,4,16,0.0196296032518148,0.908617377281189,0.9621769189834596,0.144216239452362,0.0005919601535424,32,4569.0,236428942224494592,299485408,113759104,16,1.7093074342411385e-05,298188800.0,2.364289422244946e+17,4569.0,1.9300179086356863,1.9494396051422491,bin_0
config_297,832,4,8,0.0570301711559295,0.863582193851471,0.9627997875213624,0.0103002190589904,1.1333920156175736e-05,64,34399.0,2422355323858649088,4508854784,75916672,16,1.1333920156175736e-05,1592524800.0,8.570739453671217e+17,12171.0,2.4307057075813168,2.4555601736365773,bin_1
config_297,832,4,8,0.0570301711559295,0.863582193851471,0.9627997875213624,0.0103002190589904,1.1333920156175736e-05,64,34399.0,2422355323858649088,4508854784,75916672,16,1.1333920156175736e-05,3191603200.0,1.7141478907342433e+18,24342.0,2.17530721042977,2.197568224922555,bin_1
config_297,832,4,8,0.0570301711559295,0.863582193851471,0.9627997875213624,0.0103002190589904,1.1333920156175736e-05,64,34399.0,2422355323858649088,4508854784,75916672,16,1.5688194566457953e-06,4502323200.0,2.422355323858649e+18,34399.0,2.078305085526138,2.098650064116619,bin_1
config_298,576,23,18,0.0013176158536225,0.8768689036369324,0.9861904382705688,0.097722090780735,3.260996891185641e-05,64,27425.0,3769993521479024640,3594711040,120556800,8,3.260996891185641e-05,1592524800.0,1.6730935697327698e+18,12171.0,2.055838150333185,2.07800340427727,bin_1
config_298,576,23,18,0.0013176158536225,0.8768689036369324,0.9861904382705688,0.097722090780735,3.260996891185641e-05,64,27425.0,3769993521479024640,3594711040,120556800,8,3.260996891185641e-05,3191603200.0,3.34618713946554e+18,24342.0,1.872807314337277,1.893814145189817,bin_1
config_298,576,23,18,0.0013176158536225,0.8768689036369324,0.9861904382705688,0.097722090780735,3.260996891185641e-05,64,27425.0,3769993521479024640,3594711040,120556800,8,3.0419747119269345e-07,3591372800.0,3.7699935214790246e+18,27425.0,1.8317065847310865,1.8521661746306497,bin_1
config_299,960,15,20,0.019781544804573,0.8675929307937622,0.9738726019859314,0.1579572111368179,6.507160287583247e-05,64,40048.0,8602503373227294720,5249212416,214183680,8,6.507160287583247e-05,1592524800.0,2.6143894465528714e+18,12171.0,1.8249946396468115,1.8451377244464688,bin_2
config_299,960,15,20,0.019781544804573,0.8675929307937622,0.9738726019859314,0.1579572111368179,6.507160287583247e-05,64,40048.0,8602503373227294720,5249212416,214183680,8,6.507160287583247e-05,3191603200.0,5.228778893105743e+18,24342.0,1.7098557480827707,1.7287479166320112,bin_2
config_299,960,15,20,0.019781544804573,0.8675929307937622,0.9738726019859314,0.1579572111368179,6.507160287583247e-05,64,40048.0,8602503373227294720,5249212416,214183680,8,3.650182561319425e-05,4784128000.0,7.843383144477164e+18,36514.0,1.6401643951994471,1.6575066921359205,bin_2
config_299,960,15,20,0.019781544804573,0.8675929307937622,0.9738726019859314,0.1579572111368179,6.507160287583247e-05,64,40048.0,8602503373227294720,5249212416,214183680,8,4.938240218244994e-07,5242880000.0,8.602503373227295e+18,40048.0,1.6168726708263648,1.6337208408996706,bin_2
config_3,960,8,10,0.0104353344067931,0.8367506861686707,0.9004706740379333,0.2447778880596161,0.0022849114611744,32,7784.0,514856852792524800,510173056,136755840,16,0.0022849114611744,255590400.0,2.574284263962624e+17,3892.0,3.015292897043822,3.0471286424739183,bin_0
config_3,960,8,10,0.0104353344067931,0.8367506861686707,0.9004706740379333,0.2447778880596161,0.0022849114611744,32,7784.0,514856852792524800,510173056,136755840,16,4.078057201046311e-05,507904000.0,5.148568527925248e+17,7784.0,2.782115927959921,2.8107694244858124,bin_0
config_300,832,5,8,0.0010897214524447,0.8723223209381104,0.9202178120613098,0.0364016890525817,8.596925908932462e-05,32,9485.0,378442083474284544,621610176,84438016,16,8.596925908932462e-05,311296000.0,1.8920109223353267e+17,4742.0,2.194774591414655,2.2177327210004214,bin_0
config_300,832,5,8,0.0010897214524447,0.8723223209381104,0.9202178120613098,0.0364016890525817,8.596925908932462e-05,32,9485.0,378442083474284544,621610176,84438016,16,8.721519038047419e-06,619315200.0,3.784420834742845e+17,9485.0,2.0200157464527693,2.0416887933308963,bin_0
config_302,448,15,16,0.0014507265295833,0.8194030523300171,0.9073783755302428,0.1171997711062431,0.000108386244392,128,51307.0,7093266404169351168,13450073088,60385024,16,0.000108386244392,1599078400.0,8.413982368054002e+17,6086.0,2.0540882326735823,2.075916808081455,bin_2
config_302,448,15,16,0.0014507265295833,0.8194030523300171,0.9073783755302428,0.1171997711062431,0.000108386244392,128,51307.0,7093266404169351168,13450073088,60385024,16,0.000108386244392,3185049600.0,1.6826582221752425e+18,12171.0,1.874584155708063,1.895228048387121,bin_2
config_302,448,15,16,0.0014507265295833,0.8194030523300171,0.9073783755302428,0.1171997711062431,0.000108386244392,128,51307.0,7093266404169351168,13450073088,60385024,16,0.000108386244392,4784128000.0,2.524056458980643e+18,18257.0,1.8116535265328453,1.8301382515860385,bin_2
config_302,448,15,16,0.0014507265295833,0.8194030523300171,0.9073783755302428,0.1171997711062431,0.000108386244392,128,51307.0,7093266404169351168,13450073088,60385024,16,0.000108386244392,6383206400.0,3.365316444350485e+18,24342.0,1.7764198903177606,1.79406055618505,bin_2
config_302,448,15,16,0.0014507265295833,0.8194030523300171,0.9073783755302428,0.1171997711062431,0.000108386244392,128,51307.0,7093266404169351168,13450073088,60385024,16,0.000108386244392,7982284800.0,4.2067146811558856e+18,30428.0,1.75220825183587,1.769753595531964,bin_2
config_302,448,15,16,0.0014507265295833,0.8194030523300171,0.9073783755302428,0.1171997711062431,0.000108386244392,128,51307.0,7093266404169351168,13450073088,60385024,16,0.000108386244392,9568256000.0,5.048112917961286e+18,36514.0,1.7316409251338143,1.7520002965067254,bin_2
config_302,448,15,16,0.0014507265295833,0.8194030523300171,0.9073783755302428,0.1171997711062431,0.000108386244392,128,51307.0,7093266404169351168,13450073088,60385024,16,0.000108386244392,11167334400.0,5.889372903331128e+18,42599.0,1.7185547394439822,1.7386302511027605,bin_2
config_302,448,15,16,0.0014507265295833,0.8194030523300171,0.9073783755302428,0.1171997711062431,0.000108386244392,128,51307.0,7093266404169351168,13450073088,60385024,16,4.699200717279272e-05,12766412800.0,6.730771140136528e+18,48685.0,1.693429434455809,1.7109604679951902,bin_2
config_302,448,15,16,0.0014507265295833,0.8194030523300171,0.9073783755302428,0.1171997711062431,0.000108386244392,128,51307.0,7093266404169351168,13450073088,60385024,16,1.2617723444938481e-07,13447987200.0,7.093266404169351e+18,51307.0,1.6805338550004802,1.6973465480960783,bin_2
config_304,960,9,12,0.0204262062907218,0.8904656171798706,0.9608121514320374,0.0511055067181587,8.919249376049265e-05,32,13052.0,940196530301829120,855401472,147816960,16,8.919249376049265e-05,429260800.0,4.7009826515091456e+17,6526.0,2.022985460054679,2.044666246429818,bin_0
config_304,960,9,12,0.0204262062907218,0.8904656171798706,0.9608121514320374,0.0511055067181587,8.919249376049265e-05,32,13052.0,940196530301829120,855401472,147816960,16,2.6744375940178605e-07,855244800.0,9.401965303018292e+17,13052.0,1.8611523627453164,1.8802616025189884,bin_0
config_305,1152,19,16,0.0030687800608575,0.9721531271934508,0.9535703659057616,0.1416828632354736,0.0054168840870261,64,33054.0,11701821743824896000,4332544000,360543744,8,0.0054168840870261,1592524800.0,4.308793865919188e+18,12171.0,3.1998276115245505,3.233680576183757,bin_2
config_305,1152,19,16,0.0030687800608575,0.9721531271934508,0.9535703659057616,0.1416828632354736,0.0054168840870261,64,33054.0,11701821743824896000,4332544000,360543744,8,0.0054168840870261,3191603200.0,8.617587731838375e+18,24342.0,2.9629834871604794,2.993794419335537,bin_2
config_305,1152,19,16,0.0030687800608575,0.9721531271934508,0.9535703659057616,0.1416828632354736,0.0054168840870261,64,33054.0,11701821743824896000,4332544000,360543744,8,4.626849529810843e-06,4331929600.0,1.1701821743824896e+19,33054.0,2.7710145167053724,2.8004221176319435,bin_2
config_306,704,6,16,0.0094222538173198,0.8286904692649841,0.9457385540008544,0.201420783996582,3.485264824121259e-05,64,42555.0,3030249779544784896,5577886208,73251200,16,3.485264824121259e-05,1592524800.0,8.666706630675497e+17,12171.0,2.09949660383287,2.1228220893125065,bin_1
config_306,704,6,16,0.0094222538173198,0.8286904692649841,0.9457385540008544,0.201420783996582,3.485264824121259e-05,64,42555.0,3030249779544784896,5577886208,73251200,16,3.485264824121259e-05,3191603200.0,1.7333413261350994e+18,24342.0,1.9414058418742943,1.9628810379153392,bin_1
config_306,704,6,16,0.0094222538173198,0.8286904692649841,0.9457385540008544,0.201420783996582,3.485264824121259e-05,64,42555.0,3030249779544784896,5577886208,73251200,16,2.462172268119732e-05,4784128000.0,2.600083197046136e+18,36514.0,1.871188976334744,1.8896374444883377,bin_1
config_306,704,6,16,0.0094222538173198,0.8286904692649841,0.9457385540008544,0.201420783996582,3.485264824121259e-05,64,42555.0,3030249779544784896,5577886208,73251200,16,2.0331728060442943e-08,5577113600.0,3.030249779544785e+18,42555.0,1.8459917237719552,1.8636691928300704,bin_1
config_307,896,17,16,0.0023603285662829,0.8000351190567017,0.9097041487693788,0.0772125050425529,3.818804907496087e-05,64,34708.0,7615848263401340928,4549300224,216652800,8,3.818804907496087e-05,1592524800.0,2.6706375825129e+18,12171.0,1.9321644985480384,1.952373297097253,bin_2
config_307,896,17,16,0.0023603285662829,0.8000351190567017,0.9097041487693788,0.0772125050425529,3.818804907496087e-05,64,34708.0,7615848263401340928,4549300224,216652800,8,3.818804907496087e-05,3191603200.0,5.341275165025799e+18,24342.0,1.7960490645346094,1.8156945342509476,bin_2
config_307,896,17,16,0.0023603285662829,0.8000351190567017,0.9097041487693788,0.0772125050425529,3.818804907496087e-05,64,34708.0,7615848263401340928,4549300224,216652800,8,1.140367273608369e-07,4548198400.0,7.615848263401341e+18,34708.0,1.7191380410116226,1.7366388182171055,bin_2
config_308,256,4,16,0.0030492197256535,0.8645064830780029,0.983383297920227,0.0162963345646858,0.0014561301795765,64,12593.0,202767455174000640,1650682880,16281088,16,0.0014561301795765,1592524800.0,1.9597257976040355e+17,12171.0,1.994233708850673,2.016150275292944,bin_0
config_308,256,4,16,0.0030492197256535,0.8645064830780029,0.983383297920227,0.0162963345646858,0.0014561301795765,64,12593.0,202767455174000640,1650682880,16281088,16,0.0003054321840087,1644953600.0,2.0276745517400064e+17,12593.0,1.962221613360233,1.9841635970600315,bin_0
config_31,384,9,12,0.005846943706274,0.8798413276672363,0.9946510195732116,0.2452300190925598,0.0007336802664212,64,16584.0,644147354064715776,2173791488,35238912,16,0.0007336802664212,1592524800.0,4.727398363676831e+17,12171.0,1.8449432636870715,1.8645063122374117,bin_0
config_31,384,9,12,0.005846943706274,0.8798413276672363,0.9946510195732116,0.2452300190925598,0.0007336802664212,64,16584.0,644147354064715776,2173791488,35238912,16,6.135053875633008e-06,2169241600.0,6.441473540647158e+17,16584.0,1.7741653468178922,1.7931625166877372,bin_0
config_310,576,8,12,0.1007096990942955,0.8349400758743286,0.9244853258132936,0.1941493451595306,0.0032142661511898,64,13922.0,872468194747613184,1824840704,60819840,16,0.0021079495262429,1592524800.0,7.627359860848442e+17,12171.0,1.848301884854426,1.86805163696164,bin_0
config_310,576,8,12,0.1007096990942955,0.8349400758743286,0.9244853258132936,0.1941493451595306,0.0032142661511898,64,13922.0,872468194747613184,1824840704,60819840,16,2.617093091272218e-05,1821900800.0,8.724681947476132e+17,13922.0,1.7456064658868509,1.7642594474260924,bin_0
config_311,512,21,16,0.0113588469102978,0.8945737481117249,0.9178847670555116,0.0846230685710907,0.0004506785189732,64,13839.0,1538344747321786368,1813906176,97329152,8,0.0004506785189732,1592524800.0,1.3529296856458893e+18,12171.0,1.7975253163009393,1.8159603355165388,bin_1
config_311,512,21,16,0.0113588469102978,0.8945737481117249,0.9178847670555116,0.0846230685710907,0.0004506785189732,64,13839.0,1538344747321786368,1813906176,97329152,8,1.500978842011811e-05,1808793600.0,1.5383447473217864e+18,13839.0,1.7298851658281733,1.7481868870141075,bin_1
config_312,640,21,8,0.0808069184422493,0.8592009544372559,0.9267439246177672,0.1586446613073349,3.169764386257157e-05,32,4092.0,311983363017768960,268182656,138864640,8,3.169764386257157e-05,134348800.0,1.5599168150888448e+17,2046.0,2.8358579479280066,2.8658186511524386,bin_0
config_312,640,21,8,0.0808069184422493,0.8592009544372559,0.9267439246177672,0.1586446613073349,3.169764386257157e-05,32,4092.0,311983363017768960,268182656,138864640,8,2.051311313140225e-06,265420800.0,3.1198336301776896e+17,4092.0,2.5556176602058724,2.5818098319749363,bin_0
config_313,256,10,16,0.0347329527139663,0.9173092246055604,0.9973372220993042,0.2025797665119171,9.949818922905251e-05,32,10546.0,132187178092068864,691145472,21395968,16,9.949818922905251e-05,344064000.0,6.609358904603443e+16,5273.0,2.5222685311270543,2.548581126166172,bin_0
config_313,256,10,16,0.0347329527139663,0.9173092246055604,0.9973372220993042,0.2025797665119171,9.949818922905251e-05,32,10546.0,132187178092068864,691145472,21395968,16,2.142751266168735e-06,688128000.0,1.3218717809206886e+17,10546.0,2.242744814372453,2.265470100621708,bin_0
config_314,576,13,18,0.0011189912911504,0.8712970018386841,0.9021955728530884,0.2582781910896301,3.114954597549513e-05,32,7249.0,317540607849086976,475129216,80732160,16,3.114954597549513e-05,235929600.0,1.5874840155126102e+17,3624.0,2.7523562078788637,2.7811258033846245,bin_0
config_314,576,13,18,0.0011189912911504,0.8712970018386841,0.9021955728530884,0.2582781910896301,3.114954597549513e-05,32,7249.0,317540607849086976,475129216,80732160,16,8.153460217944775e-07,471859200.0,3.17540607849087e+17,7249.0,2.529608475966532,2.556552358768025,bin_0
config_315,704,13,16,0.0096093602478504,0.8106499910354614,0.9948049187660216,0.1488329917192459,0.0001214048970723,64,9928.0,1209292499636305920,1301292416,117415936,16,0.0001214048970723,648806400.0,6.04646249818153e+17,4964.0,1.9671868479838135,1.9880355856457692,bin_1
config_315,704,13,16,0.0096093602478504,0.8106499910354614,0.9948049187660216,0.1488329917192459,0.0001214048970723,64,9928.0,1209292499636305920,1301292416,117415936,16,2.3015146364427044e-06,1297612800.0,1.209292499636306e+18,9928.0,1.8001104882115224,1.8198046344225525,bin_1
config_316,832,4,16,0.009393404237926,0.8634306788444519,0.9663178324699402,0.1829550564289093,7.840470061637461e-05,64,47539.0,3347607207703609344,6231073792,75916672,16,7.840470061637461e-05,1592524800.0,8.570589899863402e+17,12171.0,1.9379534731145764,1.9586517084621995,bin_1
config_316,832,4,16,0.009393404237926,0.8634306788444519,0.9663178324699402,0.1829550564289093,7.840470061637461e-05,64,47539.0,3347607207703609344,6231073792,75916672,16,7.840470061637461e-05,3191603200.0,1.7141179799726804e+18,24342.0,1.8374621954902275,1.857199257045496,bin_1
config_316,832,4,16,0.009393404237926,0.8634306788444519,0.9663178324699402,0.1829550564289093,7.840470061637461e-05,64,47539.0,3347607207703609344,6231073792,75916672,16,7.840470061637461e-05,4784128000.0,2.571247388083249e+18,36514.0,1.792814458120065,1.8097069332638724,bin_1
config_316,832,4,16,0.009393404237926,0.8634306788444519,0.9663178324699402,0.1829550564289093,7.840470061637461e-05,64,47539.0,3347607207703609344,6231073792,75916672,16,3.515905857236467e-07,6225920000.0,3.3476072077036093e+18,47539.0,1.743146152457253,1.7591548446358227,bin_1
config_317,512,9,4,0.0954451933503151,0.8176335692405701,0.9104537963867188,0.1078761294484138,0.0005088574835099,32,8810.0,260837286425395200,577428480,56422400,16,0.0005088574835099,288358400.0,1.304186432126976e+17,4405.0,2.105278524492608,2.125200158298993,bin_0
config_317,512,9,4,0.0954451933503151,0.8176335692405701,0.9104537963867188,0.1078761294484138,0.0005088574835099,32,8810.0,260837286425395200,577428480,56422400,16,5.35639456326236e-06,576716800.0,2.608372864253952e+17,8810.0,1.93792210668814,1.9572016041786944,bin_0
config_318,768,13,12,0.0162910427898168,0.8843373656272888,0.9317058324813844,0.0812874734401702,1.8264625396113843e-05,32,4809.0,324359599254552576,315181984,130646016,8,1.8264625396113843e-05,157286400.0,1.621460754019431e+17,2404.0,2.8978928713915777,2.928023684728341,bin_0
config_318,768,13,12,0.0162910427898168,0.8843373656272888,0.9317058324813844,0.0812874734401702,1.8264625396113843e-05,32,4809.0,324359599254552576,315181984,130646016,8,4.2149135529493707e-07,314572800.0,3.243595992545526e+17,4809.0,2.664450461571334,2.69223988439216,bin_0
config_319,384,9,24,0.0022542846854776,0.8774423003196716,0.9923590421676636,0.0453899502754211,0.0002411720633972,64,19203.0,745878339337715712,2517101056,35238912,16,0.0002411720633972,1592524800.0,4.7274307494033946e+17,12171.0,1.9155467468402425,1.9362793378751784,bin_0
config_319,384,9,24,0.0022542846854776,0.8774423003196716,0.9923590421676636,0.0453899502754211,0.0002411720633972,64,19203.0,745878339337715712,2517101056,35238912,16,8.306730082568482e-07,2516582400.0,7.458783393377157e+17,19203.0,1.826213899557708,1.8463867375108065,bin_0
config_32,1088,14,16,0.0020819171331822,0.947775661945343,0.9180178642272948,0.2781375646591186,0.0001215056690853,128,50979.0,25960173979201044480,13363921920,261400704,8,0.0001215056690853,1599078400.0,3.09919023200568e+18,6086.0,1.7992599765003705,1.8175905304854036,bin_2
config_32,1088,14,16,0.0020819171331822,0.947775661945343,0.9180178642272948,0.2781375646591186,0.0001215056690853,128,50979.0,25960173979201044480,13363921920,261400704,8,0.0001215056690853,3185049600.0,6.197871231308106e+18,12171.0,1.67518776989374,1.6930131396309274,bin_2
config_32,1088,14,16,0.0020819171331822,0.947775661945343,0.9180178642272948,0.2781375646591186,0.0001215056690853,128,50979.0,25960173979201044480,13363921920,261400704,8,0.0001215056690853,4784128000.0,9.297061463313785e+18,18257.0,1.622460297736965,1.6379872219875211,bin_2
config_32,1088,14,16,0.0020819171331822,0.947775661945343,0.9180178642272948,0.2781375646591186,0.0001215056690853,128,50979.0,25960173979201044480,13363921920,261400704,8,0.0001215056690853,6383206400.0,1.2395742462616211e+19,24342.0,1.5900801328948286,1.6051000002368552,bin_2
config_32,1088,14,16,0.0020819171331822,0.947775661945343,0.9180178642272948,0.2781375646591186,0.0001215056690853,128,50979.0,25960173979201044480,13363921920,261400704,8,0.0001215056690853,7982284800.0,1.549493269462189e+19,30428.0,1.5678446288382422,1.5825701410066886,bin_2
config_32,1088,14,16,0.0020819171331822,0.947775661945343,0.9180178642272948,0.2781375646591186,0.0001215056690853,128,50979.0,25960173979201044480,13363921920,261400704,8,0.0001215056690853,9568256000.0,1.859412292662757e+19,36514.0,1.5502913806477532,1.564993372471606,bin_2
config_32,1088,14,16,0.0020819171331822,0.947775661945343,0.9180178642272948,0.2781375646591186,0.0001215056690853,128,50979.0,25960173979201044480,13363921920,261400704,8,7.18030891646663e-05,11167334400.0,2.169280392593e+19,42599.0,1.5213916262056006,1.5350844837993871,bin_2
config_32,1088,14,16,0.0020819171331822,0.947775661945343,0.9180178642272948,0.2781375646591186,0.0001215056690853,128,50979.0,25960173979201044480,13363921920,261400704,8,1.952968614468008e-05,12766412800.0,2.479199415793568e+19,48685.0,1.4962734852755657,1.5096753887270318,bin_2
config_32,1088,14,16,0.0020819171331822,0.947775661945343,0.9180178642272948,0.2781375646591186,0.0001215056690853,128,50979.0,25960173979201044480,13363921920,261400704,8,2.485128996032024e-07,13356236800.0,2.5960173979201044e+19,50979.0,1.4897400996724113,1.503737561390048,bin_2
config_321,320,8,10,0.1329120248556137,0.8612205386161804,0.9115259647369384,0.1907256096601486,0.0058645294047892,32,3275.0,48576110104719360,214660128,27235200,16,0.0058645294047892,108134400.0,2.428063885234369e+16,1637.0,2.852540204016889,2.883157691330206,bin_0
config_321,320,8,10,0.1329120248556137,0.8612205386161804,0.9115259647369384,0.1907256096601486,0.0058645294047892,32,3275.0,48576110104719360,214660128,27235200,16,0.0002349571075636,212992000.0,4.857611010471936e+16,3275.0,2.3503033328838034,2.373769612312317,bin_0
config_322,768,5,8,0.0015762264374643,0.8294346332550049,0.9725618958473206,0.2328995615243911,5.047874947194941e-05,64,51844.0,3658489554177884160,6795304960,74010624,16,5.047874947194941e-05,1592524800.0,8.588742451180276e+17,12171.0,1.9960363062092517,2.017678864979353,bin_1
config_322,768,5,8,0.0015762264374643,0.8294346332550049,0.9725618958473206,0.2328995615243911,5.047874947194941e-05,64,51844.0,3658489554177884160,6795304960,74010624,16,5.047874947194941e-05,3191603200.0,1.7177484902360553e+18,24342.0,1.8725678720239731,1.8929111774241336,bin_1
config_322,768,5,8,0.0015762264374643,0.8294346332550049,0.9725618958473206,0.2328995615243911,5.047874947194941e-05,64,51844.0,3658489554177884160,6795304960,74010624,16,5.047874947194941e-05,4784128000.0,2.576693302624243e+18,36514.0,1.818885597283723,1.837062792856185,bin_1
config_322,768,5,8,0.0015762264374643,0.8294346332550049,0.9725618958473206,0.2328995615243911,5.047874947194941e-05,64,51844.0,3658489554177884160,6795304960,74010624,16,1.3144375380139883e-05,6383206400.0,3.435567547742271e+18,48685.0,1.7711631476683696,1.78884336131518,bin_1
config_322,768,5,8,0.0015762264374643,0.8294346332550049,0.9725618958473206,0.2328995615243911,5.047874947194941e-05,64,51844.0,3658489554177884160,6795304960,74010624,16,1.839543628263845e-07,6789529600.0,3.658489554177884e+18,51844.0,1.7638037216077085,1.7813927391318023,bin_1
config_323,768,4,24,0.0023167571052908,0.8521632552146912,0.9628558158874512,0.2678549289703369,0.0015705209225416,32,4550.0,142270585668403200,298234176,66931200,16,0.0015705209225416,150732800.0,7.11352928342016e+16,2275.0,2.1819984462612965,2.2050512298208766,bin_0
config_323,768,4,24,0.0023167571052908,0.8521632552146912,0.9628558158874512,0.2678549289703369,0.0015705209225416,32,4550.0,142270585668403200,298234176,66931200,16,0.0,298188800.0,1.422705856684032e+17,4550.0,1.968251569427428,1.9894747264658816,bin_0
config_324,1152,24,12,0.034820731729269,0.8060417175292969,0.9604148268699646,0.1474871337413787,0.0003930893726646,64,12073.0,5254151248215244800,1582467200,440181504,8,0.0003930893726646,792985600.0,2.626858024867656e+18,6036.0,1.756470361661446,1.773934842279608,bin_1
config_324,1152,24,12,0.034820731729269,0.8060417175292969,0.9604148268699646,0.1474871337413787,0.0003930893726646,64,12073.0,5254151248215244800,1582467200,440181504,8,5.079244702970733e-06,1579417600.0,5.254151248215245e+18,12073.0,1.6037342639870649,1.6203389777071056,bin_1
config_326,960,24,12,0.0658076778054237,0.9538992643356324,0.9490440487861632,0.2320783883333206,0.0005187226342968,32,12658.0,2031049653366988800,829558080,313733760,8,0.0005187226342968,416153600.0,1.0155248266834944e+18,6329.0,1.905762014193613,1.9254850705725248,bin_1
config_326,960,24,12,0.0658076778054237,0.9538992643356324,0.9490440487861632,0.2320783883333206,0.0005187226342968,32,12658.0,2031049653366988800,829558080,313733760,8,1.4129319286261804e-06,829030400.0,2.0310496533669888e+18,12658.0,1.7167733907699585,1.734329172724583,bin_1
config_327,1088,24,16,0.0500851385295391,0.9632472395896912,0.98127943277359,0.029932864010334,1.2304918527661355e-05,32,9117.0,1849683780968103936,597508224,409042304,8,1.2304918527661355e-05,298188800.0,9.247404490131204e+17,4558.0,2.631801860254319,2.659338486624545,bin_1
config_327,1088,24,16,0.0500851385295391,0.9632472395896912,0.98127943277359,0.029932864010334,1.2304918527661355e-05,32,9117.0,1849683780968103936,597508224,409042304,8,7.690574079788348e-07,596377600.0,1.849683780968104e+18,9117.0,2.2820218070413247,2.3060079037166035,bin_1
config_328,704,5,16,0.0294565800577402,0.9055126905441284,0.984049677848816,0.1745802462100982,0.001080350135453,64,10007.0,640227574995959808,1311638656,66941952,16,0.001080350135453,655360000.0,3.2008179851152064e+17,5003.0,1.8825482458755616,1.9029902998736647,bin_0
config_328,704,5,16,0.0294565800577402,0.9055126905441284,0.984049677848816,0.1745802462100982,0.001080350135453,64,10007.0,640227574995959808,1311638656,66941952,16,4.328821378460964e-06,1310720000.0,6.402275749959598e+17,10007.0,1.748211543091008,1.7682607853608052,bin_0
config_329,576,12,18,0.0054459427483379,0.8333979249000549,0.9817357063293456,0.017713202163577,4.717555930255912e-05,64,21040.0,1738193177947373568,2757806336,76749696,16,4.717555930255912e-05,1592524800.0,1.0054918806462682e+18,12171.0,2.007415708362079,2.029707404433704,bin_1
config_329,576,12,18,0.0054459427483379,0.8333979249000549,0.9817357063293456,0.017713202163577,4.717555930255912e-05,64,21040.0,1738193177947373568,2757806336,76749696,16,5.072640785221408e-06,2752512000.0,1.7381931779473736e+18,21040.0,1.871694326048992,1.892391752102336,bin_1
config_33,1088,18,16,0.1557874083518982,0.8957338929176331,0.9577295184135436,0.2128014415502548,0.0002395637711742,64,61117.0,19256200019550535680,8010736640,320457344,8,0.0002395637711742,1592524800.0,3.834730278612327e+18,12171.0,1.7147648115822527,1.7327402588383096,bin_2
config_33,1088,18,16,0.1557874083518982,0.8957338929176331,0.9577295184135436,0.2128014415502548,0.0002395637711742,64,61117.0,19256200019550535680,8010736640,320457344,8,0.0002395637711742,3191603200.0,7.669460557224654e+18,24342.0,1.6333862731300417,1.6509291970729827,bin_2
config_33,1088,18,16,0.1557874083518982,0.8957338929176331,0.9577295184135436,0.2128014415502548,0.0002395637711742,64,61117.0,19256200019550535680,8010736640,320457344,8,0.0002395637711742,4784128000.0,1.150450590693045e+19,36514.0,1.602683222254769,1.6177467019636125,bin_2
config_33,1088,18,16,0.1557874083518982,0.8957338929176331,0.9577295184135436,0.2128014415502548,0.0002395637711742,64,61117.0,19256200019550535680,8010736640,320457344,8,0.000228732283481,6383206400.0,1.5339236185542777e+19,48685.0,1.5835018851717964,1.597349318656765,bin_2
config_33,1088,18,16,0.1557874083518982,0.8957338929176331,0.9577295184135436,0.2128014415502548,0.0002395637711742,64,61117.0,19256200019550535680,8010736640,320457344,8,4.918379615804336e-06,7975731200.0,1.9173966464155103e+19,60856.0,1.4827530688731396,1.4956193423857451,bin_2
config_33,1088,18,16,0.1557874083518982,0.8957338929176331,0.9577295184135436,0.2128014415502548,0.0002395637711742,64,61117.0,19256200019550535680,8010736640,320457344,8,3.131552564369878e-07,8008499200.0,1.9256200019550536e+19,61117.0,1.482283750225286,1.4951305462981834,bin_2
config_330,576,8,18,0.0265005268156528,0.8581200242042542,0.9967872500419616,0.1209078878164291,0.0001496758923167,32,3104.0,97273650549583872,203456032,60819840,16,0.0001496758923167,101580800.0,4.863682527479194e+16,1552.0,2.614589273030641,2.642088930176907,bin_0
config_330,576,8,18,0.0265005268156528,0.8581200242042542,0.9967872500419616,0.1209078878164291,0.0001496758923167,32,3104.0,97273650549583872,203456032,60819840,16,1.5965428513785166e-06,203161600.0,9.727365054958387e+16,3104.0,2.2665391722663504,2.289889193401962,bin_0
config_332,640,12,20,0.0656398236751556,0.9093673825263976,0.9980979561805724,0.0303106792271137,2.877649421861861e-05,64,74369.0,7286391440521297920,9747703808,93141760,16,2.877649421861861e-05,1592524800.0,1.192468235724357e+18,12171.0,2.118941535793367,2.141247490038637,bin_2
config_332,640,12,20,0.0656398236751556,0.9093673825263976,0.9980979561805724,0.0303106792271137,2.877649421861861e-05,64,74369.0,7286391440521297920,9747703808,93141760,16,2.877649421861861e-05,3191603200.0,2.384936471448714e+18,24342.0,1.915934326531457,1.9368093936169732,bin_2
config_332,640,12,20,0.0656398236751556,0.9093673825263976,0.9980979561805724,0.0303106792271137,2.877649421861861e-05,64,74369.0,7286391440521297920,9747703808,93141760,16,2.877649421861861e-05,4784128000.0,3.577502683365309e+18,36514.0,1.835895553846828,1.854902738469546,bin_2
config_332,640,12,20,0.0656398236751556,0.9093673825263976,0.9980979561805724,0.0303106792271137,2.877649421861861e-05,64,74369.0,7286391440521297920,9747703808,93141760,16,2.877649421861861e-05,6383206400.0,4.769970919089666e+18,48685.0,1.7877259002357233,1.8061531574218,bin_2
config_332,640,12,20,0.0656398236751556,0.9093673825263976,0.9980979561805724,0.0303106792271137,2.877649421861861e-05,64,74369.0,7286391440521297920,9747703808,93141760,16,2.877649421861861e-05,7975731200.0,5.962439154814023e+18,60856.0,1.7550295454165974,1.7732937179627966,bin_2
config_332,640,12,20,0.0656398236751556,0.9093673825263976,0.9980979561805724,0.0303106792271137,2.877649421861861e-05,64,74369.0,7286391440521297920,9747703808,93141760,16,1.6839483528996427e-05,9574809600.0,7.15490739053838e+18,73027.0,1.722468134692458,1.740255867809546,bin_2
config_332,640,12,20,0.0656398236751556,0.9093673825263976,0.9980979561805724,0.0303106792271137,2.877649421861861e-05,64,74369.0,7286391440521297920,9747703808,93141760,16,2.4257027069820244e-07,9745203200.0,7.286391440521298e+18,74369.0,1.7107657628762918,1.7283137881560404,bin_2
config_333,576,20,18,0.1543812602758407,0.8041682243347168,0.9485495686531068,0.0376243479549884,0.0016893701395019,64,46136.0,5651919389577314304,6047224832,108609408,8,0.0016893701395019,1592524800.0,1.491015928787617e+18,12171.0,1.840959144224886,1.8597247672471844,bin_2
config_333,576,20,18,0.1543812602758407,0.8041682243347168,0.9485495686531068,0.0376243479549884,0.0016893701395019,64,46136.0,5651919389577314304,6047224832,108609408,8,0.0016893701395019,3191603200.0,2.982031857575234e+18,24342.0,1.8013390352882324,1.8204348609877412,bin_2
config_333,576,20,18,0.1543812602758407,0.8041682243347168,0.9485495686531068,0.0376243479549884,0.0016893701395019,64,46136.0,5651919389577314304,6047224832,108609408,8,0.0016893701395019,4784128000.0,4.4731702919851325e+18,36514.0,1.7866205607867631,1.8041755046609973,bin_2
config_333,576,20,18,0.1543812602758407,0.8041682243347168,0.9485495686531068,0.0376243479549884,0.0016893701395019,64,46136.0,5651919389577314304,6047224832,108609408,8,3.505321326920563e-05,6042419200.0,5.651919389577314e+18,46136.0,1.649134210074534,1.6651174910146682,bin_2
config_334,640,5,10,0.0131190652027726,0.8562263250350952,0.9346939325332642,0.2671234011650085,0.0002730154374148,32,3714.0,103223183066726400,243406080,57579520,16,0.0002730154374148,121241600.0,5.16115915333632e+16,1857.0,2.3392072193739843,2.362262978514687,bin_0
config_334,640,5,10,0.0131190652027726,0.8562263250350952,0.9346939325332642,0.2671234011650085,0.0002730154374148,32,3714.0,103223183066726400,243406080,57579520,16,3.8530404473872525e-06,242483200.0,1.032231830667264e+17,3714.0,2.1102058930475205,2.131620472845484,bin_0
config_335,576,14,8,0.0595030188560485,0.8149394392967224,0.963992476463318,0.0086675947532057,0.0029162305872887,64,27721.0,2566618569131950080,3633541120,84714624,16,0.0029162305872887,1592524800.0,1.1268826739621572e+18,12171.0,1.8089475226011436,1.8281158170543732,bin_1
config_335,576,14,8,0.0595030188560485,0.8149394392967224,0.963992476463318,0.0086675947532057,0.0029162305872887,64,27721.0,2566618569131950080,3633541120,84714624,16,0.0029162305872887,3191603200.0,2.2537653479243144e+18,24342.0,1.7700333974791356,1.788671428688237,bin_1
config_335,576,14,8,0.0595030188560485,0.8149394392967224,0.963992476463318,0.0086675947532057,0.0029162305872887,64,27721.0,2566618569131950080,3633541120,84714624,16,0.0002551701763877,3630694400.0,2.56661856913195e+18,27721.0,1.702418676438879,1.7206922600308403,bin_1
config_336,256,18,16,0.0029498888179659,0.945767343044281,0.9552015662193298,0.2582761645317077,0.0087498938664793,32,14089.0,260833674886152192,923356608,28215808,16,0.0087498938664793,462028800.0,1.3040758080048662e+17,7044.0,3.2179680009748117,3.251111734968717,bin_0
config_336,256,18,16,0.0029498888179659,0.945767343044281,0.9552015662193298,0.2582761645317077,0.0087498938664793,32,14089.0,260833674886152192,923356608,28215808,16,9.380040153729972e-05,920780800.0,2.608336748861522e+17,14089.0,3.003528330756016,3.0347456315306367,bin_0
config_337,896,6,14,0.1105519160628318,0.8360485434532166,0.9371925592422484,0.2649151682853699,0.0001907320547616,64,35629.0,3576020258305474560,4670010880,105615104,16,0.0001907320547616,1592524800.0,1.2215819294348966e+18,12171.0,1.8194167320454704,1.8384122503780929,bin_1
config_337,896,6,14,0.1105519160628318,0.8360485434532166,0.9371925592422484,0.2649151682853699,0.0001907320547616,64,35629.0,3576020258305474560,4670010880,105615104,16,0.0001907320547616,3191603200.0,2.4431638588697933e+18,24342.0,1.7445071382600752,1.7628678610285775,bin_1
config_337,896,6,14,0.1105519160628318,0.8360485434532166,0.9371925592422484,0.2649151682853699,0.0001907320547616,64,35629.0,3576020258305474560,4670010880,105615104,16,5.860595028699545e-07,4666163200.0,3.5760202583054746e+18,35629.0,1.657989146162252,1.6741919322092025,bin_1
config_338,704,19,22,0.0014690435491502,0.8781927227973938,0.9874109625816344,0.0572703853249549,0.0021728475112468,64,31392.0,5185298480136192000,4114688000,155271424,8,0.0021728475112468,1592524800.0,2.0103933423081544e+18,12171.0,1.7088164492513314,1.7268479522134437,bin_1
config_338,704,19,22,0.0014690435491502,0.8781927227973938,0.9874109625816344,0.0572703853249549,0.0021728475112468,64,31392.0,5185298480136192000,4114688000,155271424,8,0.0021728475112468,3191603200.0,4.020786684616309e+18,24342.0,1.635566231774502,1.652878300049266,bin_1
config_338,704,19,22,0.0014690435491502,0.8781927227973938,0.9874109625816344,0.0572703853249549,0.0021728475112468,64,31392.0,5185298480136192000,4114688000,155271424,8,5.0784415955684725e-05,4109107200.0,5.185298480136192e+18,31392.0,1.5760025896009853,1.592635338384597,bin_1
config_339,1024,20,16,0.0011731486301869,0.9736136794090272,0.9218024015426636,0.1805884391069412,0.0044099958613514,64,25901.0,7990468752772694016,3394962432,308426752,8,0.0044099958613514,1592524800.0,3.75475831782543e+18,12171.0,3.285910202127988,3.3205373484189398,bin_2
config_339,1024,20,16,0.0011731486301869,0.9736136794090272,0.9218024015426636,0.1805884391069412,0.0044099958613514,64,25901.0,7990468752772694016,3394962432,308426752,8,0.0014624553305444,3191603200.0,7.50951663565086e+18,24342.0,3.4004494287146896,3.431410791678507,bin_2
config_339,1024,20,16,0.0011731486301869,0.9736136794090272,0.9218024015426636,0.1805884391069412,0.0044099958613514,64,25901.0,7990468752772694016,3394962432,308426752,8,9.42911238262234e-07,3394764800.0,7.990468752772694e+18,25901.0,3.3692726002364863,3.4032634420473067,bin_2
config_340,896,24,14,0.0126449093222618,0.8357028961181641,0.982084572315216,0.0206923671066761,0.0007067553233355,128,60566.0,35756792303096954880,15877104640,287313152,8,0.0007067553233355,1599078400.0,3.593036323294391e+18,6086.0,1.723569054193184,1.7418698580343217,bin_2
config_340,896,24,14,0.0126449093222618,0.8357028961181641,0.982084572315216,0.0206923671066761,0.0007067553233355,128,60566.0,35756792303096954880,15877104640,287313152,8,0.0007067553233355,3185049600.0,7.185482269276377e+18,12171.0,1.61127289213118,1.6286638780304643,bin_2
config_340,896,24,14,0.0126449093222618,0.8357028961181641,0.982084572315216,0.0206923671066761,0.0007067553233355,128,60566.0,35756792303096954880,15877104640,287313152,8,0.0007067553233355,4784128000.0,1.0778518592570767e+19,18257.0,1.5669007968316313,1.5819984602146462,bin_2
config_340,896,24,14,0.0126449093222618,0.8357028961181641,0.982084572315216,0.0206923671066761,0.0007067553233355,128,60566.0,35756792303096954880,15877104640,287313152,8,0.0007067553233355,6383206400.0,1.4370964538552754e+19,24342.0,1.5407721499048297,1.5555166159106082,bin_2
config_340,896,24,14,0.0126449093222618,0.8357028961181641,0.982084572315216,0.0206923671066761,0.0007067553233355,128,60566.0,35756792303096954880,15877104640,287313152,8,0.0007067553233355,7982284800.0,1.7964000861847144e+19,30428.0,1.5225986927650017,1.5369884894910406,bin_2
config_340,896,24,14,0.0126449093222618,0.8357028961181641,0.982084572315216,0.0206923671066761,0.0007067553233355,128,60566.0,35756792303096954880,15877104640,287313152,8,0.0007067553233355,9568256000.0,2.155703718514153e+19,36514.0,1.5091199274629843,1.522289195803345,bin_2
config_340,896,24,14,0.0126449093222618,0.8357028961181641,0.982084572315216,0.0206923671066761,0.0007067553233355,128,60566.0,35756792303096954880,15877104640,287313152,8,0.0007067553233355,11167334400.0,2.5149483131123524e+19,42599.0,1.501384325115407,1.5135412756341402,bin_2
config_340,896,24,14,0.0126449093222618,0.8357028961181641,0.982084572315216,0.0206923671066761,0.0007067553233355,128,60566.0,35756792303096954880,15877104640,287313152,8,0.0007067553233355,12766412800.0,2.874251945441791e+19,48685.0,1.489857232951727,1.5028709195090122,bin_2
config_340,896,24,14,0.0126449093222618,0.8357028961181641,0.982084572315216,0.0206923671066761,0.0007067553233355,128,60566.0,35756792303096954880,15877104640,287313152,8,0.0007067553233355,14352384000.0,3.2334965400399897e+19,54770.0,1.4831710621568024,1.4951037652570691,bin_2
config_340,896,24,14,0.0126449093222618,0.8357028961181641,0.982084572315216,0.0206923671066761,0.0007067553233355,128,60566.0,35756792303096954880,15877104640,287313152,8,9.02480859805944e-06,15872819200.0,3.5756792303096955e+19,60566.0,1.4487725125570767,1.459693820593787,bin_2
config_342,768,22,24,0.0055214865133166,0.9888175129890442,0.9070473313331604,0.2614226341247558,0.0014111776836216,32,4453.0,461502279717470208,291869536,194360832,8,0.0014111776836216,147456000.0,2.306993206043316e+17,2226.0,3.2412470300080347,3.2756421850548416,bin_0
config_342,768,22,24,0.0055214865133166,0.9888175129890442,0.9070473313331604,0.2614226341247558,0.0014111776836216,32,4453.0,461502279717470208,291869536,194360832,8,3.637055885622864e-06,291635200.0,4.615022797174702e+17,4453.0,3.134754124469445,3.1680310868435217,bin_0
config_343,960,22,12,0.0014896097127348,0.8099730014801025,0.9304035902023317,0.1182584539055824,0.005105476360768,64,16582.0,4930480423698923520,2173497088,291611520,8,0.005105476360768,1592524800.0,3.618916731204897e+18,12171.0,2.869358670203412,2.8990772665914943,bin_1
config_343,960,22,12,0.0014896097127348,0.8099730014801025,0.9304035902023317,0.1182584539055824,0.005105476360768,64,16582.0,4930480423698923520,2173497088,291611520,8,8.335471609417257e-05,2169241600.0,4.930480423698924e+18,16582.0,2.727359110976829,2.756302014882447,bin_1
config_345,512,9,16,0.0076495544053614,0.9608064293861388,0.9168024063110352,0.0887841582298278,2.681366459000856e-05,64,52961.0,3135767729539645440,6941805056,56422400,16,2.681366459000856e-05,1592524800.0,7.206327115467424e+17,12171.0,2.235262294870908,2.258461922622118,bin_1
config_345,512,9,16,0.0076495544053614,0.9608064293861388,0.9168024063110352,0.0887841582298278,2.681366459000856e-05,64,52961.0,3135767729539645440,6941805056,56422400,16,2.681366459000856e-05,3191603200.0,1.4412654230934848e+18,24342.0,2.017935194617412,2.0404290237973948,bin_1
config_345,512,9,16,0.0076495544053614,0.9608064293861388,0.9168024063110352,0.0887841582298278,2.681366459000856e-05,64,52961.0,3135767729539645440,6941805056,56422400,16,2.681366459000856e-05,4784128000.0,2.161957343637972e+18,36514.0,1.93317595180918,1.953798418279554,bin_1
config_345,512,9,16,0.0076495544053614,0.9608064293861388,0.9168024063110352,0.0887841582298278,2.681366459000856e-05,64,52961.0,3135767729539645440,6941805056,56422400,16,2.4298814295624517e-05,6383206400.0,2.882590055184714e+18,48685.0,1.882927595982786,1.902831161686632,bin_1
config_345,512,9,16,0.0076495544053614,0.9608064293861388,0.9168024063110352,0.0887841582298278,2.681366459000856e-05,64,52961.0,3135767729539645440,6941805056,56422400,16,6.272869215016936e-08,6940262400.0,3.1357677295396454e+18,52961.0,1.8593874389617169,1.8789256889702843,bin_1
config_346,832,4,16,0.1496444344520568,0.8434467315673828,0.9807753562927246,0.1541729569435119,0.0011590968351811,64,27890.0,1963955678732156928,3655611904,75916672,16,0.0011590968351811,1592524800.0,8.570564562871668e+17,12171.0,1.840400718587344,1.8597633486888447,bin_1
config_346,832,4,16,0.1496444344520568,0.8434467315673828,0.9807753562927246,0.1541729569435119,0.0011590968351811,64,27890.0,1963955678732156928,3655611904,75916672,16,0.0009544551748176,3191603200.0,1.7141129125743337e+18,24342.0,1.786375878951589,1.8058233429955652,bin_1
config_346,832,4,16,0.1496444344520568,0.8434467315673828,0.9807753562927246,0.1541729569435119,0.0011590968351811,64,27890.0,1963955678732156928,3655611904,75916672,16,1.0784804235227903e-05,3650355200.0,1.963955678732157e+18,27890.0,1.6863861179742656,1.704665195394735,bin_1
config_347,512,14,8,0.0014546492602676,0.9703224301338196,0.9161967039108276,0.1553281843662262,0.0003883715544361,32,7968.0,322156089949224960,522240576,73466880,16,0.0003883715544361,262144000.0,1.6107804497461248e+17,3984.0,2.1615656904705234,2.1817261095125167,bin_0
config_347,512,14,8,0.0014546492602676,0.9703224301338196,0.9161967039108276,0.1553281843662262,0.0003883715544361,32,7968.0,322156089949224960,522240576,73466880,16,5.651324155093681e-06,521011200.0,3.2215608994922496e+17,7968.0,1.9296913690645188,1.9483178313052067,bin_0
config_348,384,10,16,0.001752340933308,0.9314836263656616,0.9405074119567872,0.2699307799339294,6.621400098083541e-05,32,14505.0,300752050626330624,950608768,37009152,16,6.621400098083541e-05,475136000.0,1.5036565812769043e+17,7252.0,2.3888443662299483,2.413617878976416,bin_0
config_348,384,10,16,0.001752340933308,0.9314836263656616,0.9405074119567872,0.2699307799339294,6.621400098083541e-05,32,14505.0,300752050626330624,950608768,37009152,16,8.456449678268637e-08,950272000.0,3.007520506263306e+17,14505.0,2.15426023745146,2.1766371880984696,bin_0
config_349,704,19,22,0.0010439156321808,0.8924535512924194,0.9364830255508424,0.1082175746560096,0.0041447458788752,64,14842.0,2451665771592744960,1945469440,155271424,8,0.0041447458788752,1592524800.0,2.0104584359288036e+18,12171.0,3.0319296834117075,3.063319275965456,bin_1
config_349,704,19,22,0.0010439156321808,0.8924535512924194,0.9364830255508424,0.1082175746560096,0.0041447458788752,64,14842.0,2451665771592744960,1945469440,155271424,8,0.000108393105176,1939865600.0,2.451665771592745e+18,14842.0,2.882806060587773,2.9137177136296133,bin_1
config_35,256,4,16,0.047404158860445,0.9645520448684692,0.9335826635360718,0.2640989124774933,0.0022612609900534,32,4779.0,38472610301313024,313196608,16281088,16,0.0022612609900534,157286400.0,1.923227997694849e+16,2389.0,2.4896152409569163,2.5150306809534797,bin_0
config_35,256,4,16,0.047404158860445,0.9645520448684692,0.9335826635360718,0.2640989124774933,0.0022612609900534,32,4779.0,38472610301313024,313196608,16281088,16,5.196241577777247e-05,311296000.0,3.847261030131302e+16,4779.0,2.2101192666663496,2.231887065269908,bin_0
config_350,256,10,16,0.1874123215675354,0.8057861328125,0.9284704327583312,0.0920700430870056,1.794811942090746e-05,32,5947.0,74551328771653632,389794336,21395968,16,1.794811942090746e-05,193331200.0,3.7269396407958e+16,2973.0,3.3473385706104217,3.383604226346876,bin_0
config_350,256,10,16,0.1874123215675354,0.8057861328125,0.9284704327583312,0.0920700430870056,1.794811942090746e-05,32,5947.0,74551328771653632,389794336,21395968,16,1.5421601696209337e-06,386662400.0,7.455132877165363e+16,5947.0,3.0888663067583177,3.1215123626834056,bin_0
config_351,768,23,12,0.0010750442743301,0.8375259637832642,0.92042875289917,0.2818653285503387,5.130747376824729e-05,64,76122.0,16388448755432030208,9977531392,201440256,8,5.130747376824729e-05,1592524800.0,2.620317514021744e+18,12171.0,1.9039467016595308,1.9241353586267247,bin_2
config_351,768,23,12,0.0010750442743301,0.8375259637832642,0.92042875289917,0.2818653285503387,5.130747376824729e-05,64,76122.0,16388448755432030208,9977531392,201440256,8,5.130747376824729e-05,3191603200.0,5.240635028043488e+18,24342.0,1.7647064931666263,1.7838781617313135,bin_2
config_351,768,23,12,0.0010750442743301,0.8375259637832642,0.92042875289917,0.2818653285503387,5.130747376824729e-05,64,76122.0,16388448755432030208,9977531392,201440256,8,5.130747376824729e-05,4784128000.0,7.861167833948729e+18,36514.0,1.7044510914654027,1.7222385746533753,bin_2
config_351,768,23,12,0.0010750442743301,0.8375259637832642,0.92042875289917,0.2818653285503387,5.130747376824729e-05,64,76122.0,16388448755432030208,9977531392,201440256,8,5.130747376824729e-05,6383206400.0,1.0481485347970474e+19,48685.0,1.6672099549066826,1.6841831573111112,bin_2
config_351,768,23,12,0.0010750442743301,0.8375259637832642,0.92042875289917,0.2818653285503387,5.130747376824729e-05,64,76122.0,16388448755432030208,9977531392,201440256,8,3.65197492257957e-05,7975731200.0,1.310180286199222e+19,60856.0,1.633659193261725,1.6499956467503407,bin_2
config_351,768,23,12,0.0010750442743301,0.8375259637832642,0.92042875289917,0.2818653285503387,5.130747376824729e-05,64,76122.0,16388448755432030208,9977531392,201440256,8,7.3460365126797075e-06,9574809600.0,1.572212037601396e+19,73027.0,1.6003236244350183,1.6166570571016092,bin_2
config_351,768,23,12,0.0010750442743301,0.8375259637832642,0.92042875289917,0.2818653285503387,5.130747376824729e-05,64,76122.0,16388448755432030208,9977531392,201440256,8,5.260833440070173e-08,9974579200.0,1.638844875543203e+19,76122.0,1.5960156029365102,1.61234829427766,bin_2
config_352,1152,11,24,0.0262677185237407,0.9401131868362428,0.9811730980873108,0.0274136792868375,0.0001197044039145,32,11440.0,1282096740469800960,749760640,233123328,8,0.0001197044039145,373555200.0,6.410483702349005e+17,5720.0,1.9781091326377431,1.9986078113806047,bin_1
config_352,1152,11,24,0.0262677185237407,0.9401131868362428,0.9811730980873108,0.0274136792868375,0.0001197044039145,32,11440.0,1282096740469800960,749760640,233123328,8,1.5297687401215497e-05,747110400.0,1.282096740469801e+18,11440.0,1.8115688603432447,1.830726764983818,bin_1
config_353,448,4,16,0.0074136857874691,0.943619191646576,0.9962298274040222,0.2234905809164047,3.6946014006389305e-05,64,12595.0,395797398076932096,1650944128,32620672,16,5.8425644039954665e-06,1592524800.0,3.82473214132143e+17,12171.0,2.2564577353586914,2.279779631348907,bin_0
config_353,448,4,16,0.0074136857874691,0.943619191646576,0.9962298274040222,0.2234905809164047,3.6946014006389305e-05,64,12595.0,395797398076932096,1650944128,32620672,16,5.908211195051598e-07,1644953600.0,3.957973980769321e+17,12595.0,2.253426654456092,2.276610188953212,bin_0
config_354,704,14,22,0.0299494434148073,0.909821629524231,0.993938148021698,0.2937489748001098,1.951828016899526e-05,32,8719.0,562546166408404992,571432128,123725184,8,1.951828016899526e-05,285081600.0,2.812408234171622e+17,4359.0,2.7247721453182034,2.752806924737868,bin_0
config_354,704,14,22,0.0299494434148073,0.909821629524231,0.993938148021698,0.2937489748001098,1.951828016899526e-05,32,8719.0,562546166408404992,571432128,123725184,8,1.4480567091406152e-07,570163200.0,5.62546166408405e+17,8719.0,2.4730287592528297,2.4992900090334844,bin_0
config_355,384,19,24,0.0091700283810496,0.9725356101989746,0.9924817085266112,0.113319993019104,5.758667248301208e-05,128,60456.0,7874473379501703168,15848331264,52941312,16,5.758667248301208e-05,1599078400.0,7.927094909958874e+17,6086.0,2.334926349491369,2.358601999243752,bin_2
config_355,384,19,24,0.0091700283810496,0.9725356101989746,0.9924817085266112,0.113319993019104,5.758667248301208e-05,128,60456.0,7874473379501703168,15848331264,52941312,16,5.758667248301208e-05,3185049600.0,1.5852887306787615e+18,12171.0,2.0436086357616987,2.065420107763322,bin_2
config_355,384,19,24,0.0091700283810496,0.9725356101989746,0.9924817085266112,0.113319993019104,5.758667248301208e-05,128,60456.0,7874473379501703168,15848331264,52941312,16,5.758667248301208e-05,4784128000.0,2.3779982216746496e+18,18257.0,1.938529070361716,1.9589551517220796,bin_2
config_355,384,19,24,0.0091700283810496,0.9725356101989746,0.9924817085266112,0.113319993019104,5.758667248301208e-05,128,60456.0,7874473379501703168,15848331264,52941312,16,5.758667248301208e-05,6383206400.0,3.1705774613575235e+18,24342.0,1.8811736519219449,1.9008230332077527,bin_2
config_355,384,19,24,0.0091700283810496,0.9725356101989746,0.9924817085266112,0.113319993019104,5.758667248301208e-05,128,60456.0,7874473379501703168,15848331264,52941312,16,5.758667248301208e-05,7982284800.0,3.9632869523534106e+18,30428.0,1.8436493938086465,1.8626510040095596,bin_2
config_355,384,19,24,0.0091700283810496,0.9725356101989746,0.9924817085266112,0.113319993019104,5.758667248301208e-05,128,60456.0,7874473379501703168,15848331264,52941312,16,5.758667248301208e-05,9568256000.0,4.755996443349299e+18,36514.0,1.813583816192189,1.8339444454771572,bin_2
config_355,384,19,24,0.0091700283810496,0.9725356101989746,0.9924817085266112,0.113319993019104,5.758667248301208e-05,128,60456.0,7874473379501703168,15848331264,52941312,16,5.758667248301208e-05,11167334400.0,5.548575683032173e+18,42599.0,1.7921471801351327,1.812455003066141,bin_2
config_355,384,19,24,0.0091700283810496,0.9725356101989746,0.9924817085266112,0.113319993019104,5.758667248301208e-05,128,60456.0,7874473379501703168,15848331264,52941312,16,5.758667248301208e-05,12766412800.0,6.34128517402806e+18,48685.0,1.7764267935909208,1.7961295616040465,bin_2
config_355,384,19,24,0.0091700283810496,0.9725356101989746,0.9924817085266112,0.113319993019104,5.758667248301208e-05,128,60456.0,7874473379501703168,15848331264,52941312,16,4.7969277837674e-05,14352384000.0,7.133864413710935e+18,54770.0,1.7611594315435066,1.777897921585646,bin_2
config_355,384,19,24,0.0091700283810496,0.9725356101989746,0.9924817085266112,0.113319993019104,5.758667248301208e-05,128,60456.0,7874473379501703168,15848331264,52941312,16,5.044088100701676e-08,15846604800.0,7.874473379501703e+18,60456.0,1.7368148075166296,1.7532739009231817,bin_2
config_356,704,22,16,0.0031224319245666,0.8063367605209351,0.9425479769706726,0.2931093275547027,0.0001046135512297,32,6717.0,627592679448109056,440218816,174199168,8,0.0001046135512297,219545600.0,3.137496229844797e+17,3358.0,2.246991093061009,2.2701256397122243,bin_0
config_356,704,22,16,0.0031224319245666,0.8063367605209351,0.9425479769706726,0.2931093275547027,0.0001046135512297,32,6717.0,627592679448109056,440218816,174199168,8,9.036739689557868e-07,439091200.0,6.27592679448109e+17,6717.0,2.016385992804512,2.0374936516558537,bin_0
config_357,384,4,8,0.0030039921402931,0.8579988479614258,0.9845930337905884,0.2530900537967682,0.0018693900201469,32,5229.0,67193225796648960,342727680,26387712,16,0.0018693900201469,170393600.0,3.359018784326647e+16,2614.0,2.2173344476105736,2.2405688395265675,bin_0
config_357,384,4,8,0.0030039921402931,0.8579988479614258,0.9845930337905884,0.2530900537967682,0.0018693900201469,32,5229.0,67193225796648960,342727680,26387712,16,4.097680316270764e-05,340787200.0,6.719322579664896e+16,5229.0,2.033544679313409,2.055653048695111,bin_0
config_358,1024,11,8,0.0140782734379172,0.909735381603241,0.916336178779602,0.110927052795887,0.0001113926264224,64,74966.0,14085636349231104000,9826048000,192802816,8,0.0001113926264224,1592524800.0,2.2868537737973453e+18,12171.0,1.7938221993016414,1.812692036120618,bin_2
config_358,1024,11,8,0.0140782734379172,0.909735381603241,0.916336178779602,0.110927052795887,0.0001113926264224,64,74966.0,14085636349231104000,9826048000,192802816,8,0.0001113926264224,3191603200.0,4.5737075475946906e+18,24342.0,1.6980758050816958,1.716483706138173,bin_2
config_358,1024,11,8,0.0140782734379172,0.909735381603241,0.916336178779602,0.110927052795887,0.0001113926264224,64,74966.0,14085636349231104000,9826048000,192802816,8,0.0001113926264224,4784128000.0,6.860749215055152e+18,36514.0,1.65518048356791,1.6714306299412838,bin_2
config_358,1024,11,8,0.0140782734379172,0.909735381603241,0.916336178779602,0.110927052795887,0.0001113926264224,64,74966.0,14085636349231104000,9826048000,192802816,8,0.0001113926264224,6383206400.0,9.147602988852496e+18,48685.0,1.6296161447782986,1.6454772575956875,bin_2
config_358,1024,11,8,0.0140782734379172,0.909735381603241,0.916336178779602,0.110927052795887,0.0001113926264224,64,74966.0,14085636349231104000,9826048000,192802816,8,0.0001113926264224,7975731200.0,1.1434456762649842e+19,60856.0,1.611845400235692,1.6279121177118332,bin_2
config_358,1024,11,8,0.0140782734379172,0.909735381603241,0.916336178779602,0.110927052795887,0.0001113926264224,64,74966.0,14085636349231104000,9826048000,192802816,8,2.566786196337082e-05,9574809600.0,1.372131053644719e+19,73027.0,1.564468386153706,1.5789564161417915,bin_2
config_358,1024,11,8,0.0140782734379172,0.909735381603241,0.916336178779602,0.110927052795887,0.0001113926264224,64,74966.0,14085636349231104000,9826048000,192802816,8,2.1434540261687626e-07,9823846400.0,1.4085636349231104e+19,74966.0,1.5560029460953884,1.570377010087498,bin_2
config_36,704,24,8,0.0051701162010431,0.9035282731056212,0.9945122003555298,0.0462554991245269,1.6447580492240377e-05,64,19477.0,3921148247558750208,2552938752,186817664,8,1.6447580492240377e-05,1592524800.0,2.4502898455120164e+18,12171.0,2.1032628986092865,2.1252361592894693,bin_1
config_36,704,24,8,0.0051701162010431,0.9035282731056212,0.9945122003555298,0.0462554991245269,1.6447580492240377e-05,64,19477.0,3921148247558750208,2552938752,186817664,8,4.93427414767211e-07,2549350400.0,3.92114824755875e+18,19477.0,1.951438476492147,1.9717565433510011,bin_1
config_363,1088,22,16,0.0037232432514429,0.8582589030265808,0.9044780135154724,0.2180307060480117,0.0003017889976035,64,20672.0,7763005834702848000,2709561600,379513984,8,0.0003017889976035,1592524800.0,4.57060487684638e+18,12171.0,1.706887202047911,1.7242833776552169,bin_2
config_363,1088,22,16,0.0037232432514429,0.8582589030265808,0.9044780135154724,0.2180307060480117,0.0003017889976035,64,20672.0,7763005834702848000,2709561600,379513984,8,1.473121355065202e-06,2706636800.0,7.763005834702848e+18,20672.0,1.58753064524932,1.6042427044618326,bin_2
config_364,1088,7,8,0.0015274054603651,0.829801619052887,0.9134795665740968,0.0946737229824066,0.0004570894816424,32,4554.0,338927741580902400,298514176,158051584,16,0.0004570894816424,150732800.0,1.694638707904512e+17,2277.0,2.1499132596860164,2.171363067353358,bin_0
config_364,1088,7,8,0.0015274054603651,0.829801619052887,0.9134795665740968,0.0946737229824066,0.0004570894816424,32,4554.0,338927741580902400,298514176,158051584,16,4.242129760022881e-06,298188800.0,3.389277415809024e+17,4554.0,1.9520625243030607,1.9724823880195617,bin_0
config_365,448,13,14,0.1336321681737899,0.807000994682312,0.9596014022827148,0.2200542241334915,0.0002485125150997,64,11028.0,686762843540422656,1445573632,55336960,16,0.0002485125150997,720896000.0,3.433814217702113e+17,5514.0,1.9710407901982792,1.991966930022005,bin_0
config_365,448,13,14,0.1336321681737899,0.807000994682312,0.9596014022827148,0.2200542241334915,0.0002485125150997,64,11028.0,686762843540422656,1445573632,55336960,16,2.868240075347135e-06,1441792000.0,6.867628435404227e+17,11028.0,1.8177972057608307,1.8375832141031985,bin_0
config_367,384,14,16,0.0063899182714521,0.9714251756668092,0.9154441952705384,0.0415639765560627,0.0041856756433844,64,58811.0,3057146135817486336,7708494848,44090112,16,0.0041856756433844,1592524800.0,6.326796962989002e+17,12171.0,1.874178051362272,1.8938441075653327,bin_1
config_367,384,14,16,0.0063899182714521,0.9714251756668092,0.9154441952705384,0.0415639765560627,0.0041856756433844,64,58811.0,3057146135817486336,7708494848,44090112,16,0.0041856756433844,3191603200.0,1.2653593925978004e+18,24342.0,1.8181095597783072,1.8370301914996787,bin_1
config_367,384,14,16,0.0063899182714521,0.9714251756668092,0.9154441952705384,0.0415639765560627,0.0041856756433844,64,58811.0,3057146135817486336,7708494848,44090112,16,0.0041856756433844,4784128000.0,1.8980910714532943e+18,36514.0,1.7951511129785758,1.8127548352616727,bin_1
config_367,384,14,16,0.0063899182714521,0.9714251756668092,0.9154441952705384,0.0415639765560627,0.0041856756433844,64,58811.0,3057146135817486336,7708494848,44090112,16,0.0041856756433844,6383206400.0,2.5307707677521946e+18,48685.0,1.782416305151142,1.799202470271314,bin_1
config_367,384,14,16,0.0063899182714521,0.9714251756668092,0.9154441952705384,0.0415639765560627,0.0041856756433844,64,58811.0,3057146135817486336,7708494848,44090112,16,1.883896566171397e-05,7707033600.0,3.0571461358174863e+18,58811.0,1.7112157707917883,1.7267738705384927,bin_1
config_368,1088,19,16,0.0035268291831016,0.8615473508834839,0.9073721170425416,0.1952930241823196,0.0052543715573847,64,55694.0,18389489705819504640,7299996160,335221504,8,0.0052543715573847,1592524800.0,4.01871798056396e+18,12171.0,3.080338758757857,3.111859042683586,bin_2
config_368,1088,19,16,0.0035268291831016,0.8615473508834839,0.9073721170425416,0.1952930241823196,0.0052543715573847,64,55694.0,18389489705819504640,7299996160,335221504,8,0.0052543715573847,3191603200.0,8.037435961127921e+18,24342.0,2.964430019581904,2.995711362127398,bin_2
config_368,1088,19,16,0.0035268291831016,0.8615473508834839,0.9073721170425416,0.1952930241823196,0.0052543715573847,64,55694.0,18389489705819504640,7299996160,335221504,8,0.0052543715573847,4784128000.0,1.2056484129678123e+19,36514.0,2.8569402826614065,2.8714501721741725,bin_2
config_368,1088,19,16,0.0035268291831016,0.8615473508834839,0.9073721170425416,0.1952930241823196,0.0052543715573847,64,55694.0,18389489705819504640,7299996160,335221504,8,0.003378914552441,6383206400.0,1.6075202110242085e+19,48685.0,3.268064884006,3.292479569990127,bin_2
config_368,1088,19,16,0.0035268291831016,0.8615473508834839,0.9073721170425416,0.1952930241823196,0.0052543715573847,64,55694.0,18389489705819504640,7299996160,335221504,8,2.12571118540757e-05,7294156800.0,1.8389489705819505e+19,55694.0,3.0430724415622774,3.0682528102202493,bin_2
config_369,1088,16,16,0.0172708705067634,0.9822660088539124,0.9632694721221924,0.1139906495809555,0.0001278270647162,64,28880.0,8226497877032632320,3785469440,290929024,8,0.0001278270647162,1592524800.0,3.46692194118297e+18,12171.0,1.714501656567464,1.732753509986596,bin_2
config_369,1088,16,16,0.0172708705067634,0.9822660088539124,0.9632694721221924,0.1139906495809555,0.0001278270647162,64,28880.0,8226497877032632320,3785469440,290929024,8,0.0001278270647162,3191603200.0,6.93384388236594e+18,24342.0,1.6238970137424156,1.6413553999877366,bin_2
config_369,1088,16,16,0.0172708705067634,0.9822660088539124,0.9632694721221924,0.1139906495809555,0.0001278270647162,64,28880.0,8226497877032632320,3785469440,290929024,8,1.1648881960776717e-06,3781427200.0,8.226497877032632e+18,28880.0,1.5684965333391407,1.585350897683472,bin_2
config_37,384,12,24,0.0056938407942652,0.9702830910682678,0.9245150685310364,0.0677775666117668,6.283398397499695e-05,128,56744.0,5302862166196224000,14875356160,40549632,16,6.283398397499695e-05,1599078400.0,5.687512185159703e+17,6086.0,2.3556441343026084,2.380109194458508,bin_1
config_37,384,12,24,0.0056938407942652,0.9702830910682678,0.9245150685310364,0.0677775666117668,6.283398397499695e-05,128,56744.0,5302862166196224000,14875356160,40549632,16,6.283398397499695e-05,3185049600.0,1.1374089846463808e+18,12171.0,2.056575774130274,2.078491006444712,bin_1
config_37,384,12,24,0.0056938407942652,0.9702830910682678,0.9245150685310364,0.0677775666117668,6.283398397499695e-05,128,56744.0,5302862166196224000,14875356160,40549632,16,6.283398397499695e-05,4784128000.0,1.7061602031623514e+18,18257.0,1.9567477979425525,1.977250277097108,bin_1
config_37,384,12,24,0.0056938407942652,0.9702830910682678,0.9245150685310364,0.0677775666117668,6.283398397499695e-05,128,56744.0,5302862166196224000,14875356160,40549632,16,6.283398397499695e-05,6383206400.0,2.2748179692927616e+18,24342.0,1.9021786427497864,1.9222367122525077,bin_1
config_37,384,12,24,0.0056938407942652,0.9702830910682678,0.9245150685310364,0.0677775666117668,6.283398397499695e-05,128,56744.0,5302862166196224000,14875356160,40549632,16,6.283398397499695e-05,7982284800.0,2.843569187808732e+18,30428.0,1.8685018016080388,1.887721116308306,bin_1
config_37,384,12,24,0.0056938407942652,0.9702830910682678,0.9245150685310364,0.0677775666117668,6.283398397499695e-05,128,56744.0,5302862166196224000,14875356160,40549632,16,6.283398397499695e-05,9568256000.0,3.4123204063247027e+18,36514.0,1.842100884992568,1.8630956706453543,bin_1
config_37,384,12,24,0.0056938407942652,0.9702830910682678,0.9245150685310364,0.0677775666117668,6.283398397499695e-05,128,56744.0,5302862166196224000,14875356160,40549632,16,6.283398397499695e-05,11167334400.0,3.980978172455113e+18,42599.0,1.8229101147808011,1.8438942707952903,bin_1
config_37,384,12,24,0.0056938407942652,0.9702830910682678,0.9245150685310364,0.0677775666117668,6.283398397499695e-05,128,56744.0,5302862166196224000,14875356160,40549632,16,6.283398397499695e-05,12766412800.0,4.549729390971084e+18,48685.0,1.8080400588082488,1.8286847671524424,bin_1
config_37,384,12,24,0.0056938407942652,0.9702830910682678,0.9245150685310364,0.0677775666117668,6.283398397499695e-05,128,56744.0,5302862166196224000,14875356160,40549632,16,3.258542627988139e-05,14352384000.0,5.118387157101494e+18,54770.0,1.7916469216737592,1.80639702624962,bin_1
config_37,384,12,24,0.0056938407942652,0.9702830910682678,0.9245150685310364,0.0677775666117668,6.283398397499695e-05,128,56744.0,5302862166196224000,14875356160,40549632,16,7.190364876202485e-07,14863564800.0,5.302862166196224e+18,56744.0,1.780344376954876,1.794601475019924,bin_1
config_370,704,19,16,0.0282256342470645,0.8585138320922852,0.9573021531105042,0.2706466317176819,7.943338277982548e-05,64,20929.0,3457060079265644544,2743279616,155271424,8,7.943338277982548e-05,1592524800.0,2.010410350458319e+18,12171.0,1.8341214870234004,1.8541976844873584,bin_1
config_370,704,19,16,0.0282256342470645,0.8585138320922852,0.9573021531105042,0.2706466317176819,7.943338277982548e-05,64,20929.0,3457060079265644544,2743279616,155271424,8,4.067034075944418e-07,2739404800.0,3.4570600792656445e+18,20929.0,1.7249902952303653,1.743801550005303,bin_1
config_371,640,5,20,0.0060323416255414,0.8161618709564209,0.9732842445373536,0.025093013420701,0.0015700086951255,64,49768.0,2766377832140636160,6523274752,57579520,16,0.0015700086951255,1592524800.0,6.765307947874876e+17,12171.0,1.823548848980763,1.8437352808967968,bin_1
config_371,640,5,20,0.0060323416255414,0.8161618709564209,0.9732842445373536,0.025093013420701,0.0015700086951255,64,49768.0,2766377832140636160,6523274752,57579520,16,0.0015700086951255,3191603200.0,1.3530615895749752e+18,24342.0,1.7662876661879117,1.785805260783336,bin_1
config_371,640,5,20,0.0060323416255414,0.8161618709564209,0.9732842445373536,0.025093013420701,0.0015700086951255,64,49768.0,2766377832140636160,6523274752,57579520,16,0.0015700086951255,4784128000.0,2.0296479698357007e+18,36514.0,1.7420738203799138,1.759952108860016,bin_1
config_371,640,5,20,0.0060323416255414,0.8161618709564209,0.9732842445373536,0.025093013420701,0.0015700086951255,64,49768.0,2766377832140636160,6523274752,57579520,16,0.0013435651333286,6383206400.0,2.706178764623189e+18,48685.0,1.722058123721451,1.7397872413181867,bin_1
config_371,640,5,20,0.0060323416255414,0.8161618709564209,0.9732842445373536,0.025093013420701,0.0015700086951255,64,49768.0,2766377832140636160,6523274752,57579520,16,2.264435617969603e-05,6520832000.0,2.766377832140636e+18,49768.0,1.687415955340276,1.704770498666607,bin_1
config_372,960,14,6,0.0011467898730188,0.8688241243362427,0.9794131517410278,0.2992032468318939,0.0006899771979078,64,21351.0,4334547064989450240,2798522624,203122560,8,0.0006899771979078,1592524800.0,2.470880629852775e+18,12171.0,1.6976815549858282,1.7153593987128777,bin_1
config_372,960,14,6,0.0011467898730188,0.8688241243362427,0.9794131517410278,0.2992032468318939,0.0006899771979078,64,21351.0,4334547064989450240,2798522624,203122560,8,1.0801145865809836e-07,2798387200.0,4.33454706498945e+18,21351.0,1.586358846074245,1.6028564175816833,bin_1
config_373,1152,21,16,0.0776055306196212,0.9824782013893129,0.9337735176086426,0.1923518925905227,0.0019745568279176,64,12626.0,4879843611789164544,1654948096,392398848,8,0.0003871042216181,1592524800.0,4.703989909637725e+18,12171.0,3.2604379255263534,3.292591223873076,bin_1
config_373,1152,21,16,0.0776055306196212,0.9824782013893129,0.9337735176086426,0.1923518925905227,0.0019745568279176,64,12626.0,4879843611789164544,1654948096,392398848,8,2.1144348239645738e-05,1651507200.0,4.879843611789165e+18,12626.0,3.2382813277010056,3.272881685514919,bin_1
config_374,576,13,18,0.0115746259689331,0.8755624890327454,0.9386836886405944,0.1006982997059822,0.0037527957465499,64,34878.0,3055309513547120640,4571594240,80732160,16,0.0037527957465499,1592524800.0,1.066178453161936e+18,12171.0,1.7874425995545309,1.8047602343950115,bin_1
config_374,576,13,18,0.0115746259689331,0.8755624890327454,0.9386836886405944,0.1006982997059822,0.0037527957465499,64,34878.0,3055309513547120640,4571594240,80732160,16,0.0037527957465499,3191603200.0,2.1323569063238725e+18,24342.0,1.7393794781653606,1.7563301852882889,bin_1
config_374,576,13,18,0.0115746259689331,0.8755624890327454,0.9386836886405944,0.1006982997059822,0.0037527957465499,64,34878.0,3055309513547120640,4571594240,80732160,16,2.9919783856320777e-05,4567859200.0,3.0553095135471206e+18,34878.0,1.6380751626608805,1.6548911320576902,bin_1
config_375,1152,23,12,0.0770118832588195,0.9820305109024048,0.9313522577285768,0.2937497198581695,1.5161052033363376e-05,32,4222.0,884562026190225408,276740032,424253952,8,1.5161052033363376e-05,137625600.0,4.422810130951127e+17,2111.0,2.8749567795581505,2.904698075740064,bin_0
config_375,1152,23,12,0.0770118832588195,0.9820305109024048,0.9313522577285768,0.2937497198581695,1.5161052033363376e-05,32,4222.0,884562026190225408,276740032,424253952,8,2.689864070435433e-07,275251200.0,8.845620261902254e+17,4222.0,2.5885553559123493,2.615237816552647,bin_0
config_376,704,14,8,0.01592318713665,0.8408514261245728,0.9686583876609802,0.1768219172954559,0.0019815054256469,64,36284.0,4681953639236763648,4755909632,123725184,8,0.0019815054256469,1592524800.0,1.5705009850939988e+18,12171.0,1.7340455464261475,1.7519669714521189,bin_1
config_376,704,14,8,0.01592318713665,0.8408514261245728,0.9686583876609802,0.1768219172954559,0.0019815054256469,64,36284.0,4681953639236763648,4755909632,123725184,8,0.0019815054256469,3191603200.0,3.1410019701879977e+18,24342.0,1.6753764847653811,1.6930469070106255,bin_1
config_376,704,14,8,0.01592318713665,0.8408514261245728,0.9686583876609802,0.1768219172954559,0.0019815054256469,64,36284.0,4681953639236763648,4755909632,123725184,8,1.05021331990641e-05,4751360000.0,4.681953639236764e+18,36284.0,1.5799302223080494,1.5936679493403825,bin_1
config_377,256,8,16,0.0525498427450656,0.8026305437088013,0.953645646572113,0.0406963005661964,0.0001330681407125,64,18655.0,411902837096841216,2445229824,19691008,16,0.0001330681407125,1592524800.0,2.68735965173179e+17,12171.0,2.1130453870726416,2.135678187198326,bin_0
config_377,256,8,16,0.0525498427450656,0.8026305437088013,0.953645646572113,0.0406963005661964,0.0001330681407125,64,18655.0,411902837096841216,2445229824,19691008,16,8.766017174740746e-07,2444492800.0,4.119028370968412e+17,18655.0,2.00952870302513,2.0319033660263317,bin_0
config_378,704,4,16,0.0026393479201942,0.9275038242340088,0.9654542207717896,0.2796150147914886,0.0002171796077163,64,23919.0,1357419570427920384,3135177216,60632704,16,0.0002171796077163,1592524800.0,6.907125545247803e+17,12171.0,1.868016107434132,1.888848949416739,bin_1
config_378,704,4,16,0.0026393479201942,0.9275038242340088,0.9654542207717896,0.2796150147914886,0.0002171796077163,64,23919.0,1357419570427920384,3135177216,60632704,16,6.169875219215449e-07,3132620800.0,1.3574195704279204e+18,23919.0,1.7611969078173404,1.780930122742887,bin_1
config_379,256,14,16,0.0020587611943483,0.9717686772346495,0.9814202189445496,0.1958454400300979,0.002732214750722,64,24202.0,751405614642757632,3172212224,24805888,16,0.002732214750722,1592524800.0,3.778761150242543e+17,12171.0,1.9076499097464517,1.928837727640496,bin_0
config_379,256,14,16,0.0020587611943483,0.9717686772346495,0.9814202189445496,0.1958454400300979,0.002732214750722,64,24202.0,751405614642757632,3172212224,24805888,16,1.1530764932360556e-06,3171942400.0,7.514056146427576e+17,24202.0,1.80536850202279,1.8253758126790407,bin_0
config_38,704,16,22,0.0141976652666926,0.8837316036224365,0.9634721279144288,0.093929998576641,2.373611459915992e-05,32,7587.0,544382247618367488,497267744,136343680,8,2.373611459915992e-05,249036800.0,2.7215524782080768e+17,3793.0,2.7140169757116035,2.7420963949844483,bin_0
config_38,704,16,22,0.0141976652666926,0.8837316036224365,0.9634721279144288,0.093929998576641,2.373611459915992e-05,32,7587.0,544382247618367488,497267744,136343680,8,1.233477865405781e-06,494796800.0,5.443822476183675e+17,7587.0,2.442311825889056,2.468622900032606,bin_0
config_380,576,10,6,0.0018162111518904,0.8562465310096741,0.9674994945526124,0.2250396311283111,0.0021890364587306,128,41812.0,6074423630818836480,10960829440,68784768,16,0.0021890364587306,1599078400.0,8.841706260681966e+17,6086.0,1.780694190713226,1.7998150423315704,bin_2
config_380,576,10,6,0.0018162111518904,0.8562465310096741,0.9674994945526124,0.2250396311283111,0.0021890364587306,128,41812.0,6074423630818836480,10960829440,68784768,16,0.0021890364587306,3185049600.0,1.768195972703914e+18,12171.0,1.7097844102343576,1.7284116496805284,bin_2
config_380,576,10,6,0.0018162111518904,0.8562465310096741,0.9674994945526124,0.2250396311283111,0.0021890364587306,128,41812.0,6074423630818836480,10960829440,68784768,16,0.0021890364587306,4784128000.0,2.652366598772111e+18,18257.0,1.6796985653971062,1.6963713096399775,bin_2
config_380,576,10,6,0.0018162111518904,0.8562465310096741,0.9674994945526124,0.2250396311283111,0.0021890364587306,128,41812.0,6074423630818836480,10960829440,68784768,16,0.0021890364587306,6383206400.0,3.536391945407828e+18,24342.0,1.6614287761391189,1.6778207927453714,bin_2
config_380,576,10,6,0.0018162111518904,0.8562465310096741,0.9674994945526124,0.2250396311283111,0.0021890364587306,128,41812.0,6074423630818836480,10960829440,68784768,16,0.0021890364587306,7982284800.0,4.420562571476025e+18,30428.0,1.6489612979185386,1.665276656932518,bin_2
config_380,576,10,6,0.0018162111518904,0.8562465310096741,0.9674994945526124,0.2250396311283111,0.0021890364587306,128,41812.0,6074423630818836480,10960829440,68784768,16,0.0012358552097754,9568256000.0,5.304733197544222e+18,36514.0,1.6210470944154458,1.6362580819989814,bin_2
config_380,576,10,6,0.0018162111518904,0.8562465310096741,0.9674994945526124,0.2250396311283111,0.0021890364587306,128,41812.0,6074423630818836480,10960829440,68784768,16,2.7918415883483078e-06,10957619200.0,6.074423630818836e+18,41812.0,1.5934467817916245,1.6082268873199088,bin_2
config_381,1152,8,6,0.1323904395103454,0.9490640163421632,0.966964602470398,0.1400066167116165,0.0008113985531963,64,21946.0,3850029548730777600,2876550400,185340672,8,0.0008113985531963,1592524800.0,2.135182249047767e+18,12171.0,1.7437385277083663,1.76183224525608,bin_1
config_381,1152,8,6,0.1323904395103454,0.9490640163421632,0.966964602470398,0.1400066167116165,0.0008113985531963,64,21946.0,3850029548730777600,2876550400,185340672,8,1.214984812728892e-05,2870476800.0,3.8500295487307776e+18,21946.0,1.6083064597356516,1.624738171471924,bin_1
config_382,704,6,4,0.0022339960560202,0.9472734928131104,0.9783576726913452,0.1955612301826477,1.104700641008094e-05,64,10166.0,723931492641325056,1332565888,73251200,16,1.104700641008094e-05,668467200.0,3.619657463206625e+17,5083.0,2.791023506883715,2.819369463295233,bin_0
config_382,704,6,4,0.0022339960560202,0.9472734928131104,0.9783576726913452,0.1955612301826477,1.104700641008094e-05,64,10166.0,723931492641325056,1332565888,73251200,16,8.890950833063115e-08,1330380800.0,7.23931492641325e+17,10166.0,2.495551422463089,2.520388652535736,bin_0
config_383,384,16,12,0.0056632542982697,0.983685314655304,0.9770740270614624,0.1369165331125259,0.0003763558634091,32,7810.0,223544274110226432,511891488,47630592,16,0.0003763558634091,255590400.0,1.1177213705511322e+17,3905.0,2.337962607360277,2.360506519645941,bin_0
config_383,384,16,12,0.0056632542982697,0.983685314655304,0.9770740270614624,0.1369165331125259,0.0003763558634091,32,7810.0,223544274110226432,511891488,47630592,16,3.5206348307681608e-06,511180800.0,2.2354427411022643e+17,7810.0,2.025662552802289,2.0455662414285003,bin_0
config_384,960,8,10,0.0797690451145172,0.8145352602005005,0.9233595728874208,0.0945527553558349,6.607137765968218e-05,64,12460.0,1648264741362892800,1633270016,136755840,16,1.7387204647284783e-05,1592524800.0,1.6100345238465303e+18,12171.0,1.8444118819080413,1.8639369170001296,bin_1
config_384,960,8,10,0.0797690451145172,0.8145352602005005,0.9233595728874208,0.0945527553558349,6.607137765968218e-05,64,12460.0,1648264741362892800,1633270016,136755840,16,5.608775692672493e-07,1631846400.0,1.6482647413628928e+18,12460.0,1.837811143710965,1.857372528646813,bin_1
config_385,320,17,8,0.1015648394823074,0.8603706359863281,0.9792016744613647,0.2261504083871841,0.0001407812524121,64,74355.0,3628143593847521280,9745881088,39774720,16,0.0001407812524121,1592524800.0,5.938825321863786e+17,12171.0,1.9465262105035,1.9672613154864704,bin_1
config_385,320,17,8,0.1015648394823074,0.8603706359863281,0.9792016744613647,0.2261504083871841,0.0001407812524121,64,74355.0,3628143593847521280,9745881088,39774720,16,0.0001407812524121,3191603200.0,1.1877650643727572e+18,24342.0,1.834867643137447,1.8546728868562667,bin_1
config_385,320,17,8,0.1015648394823074,0.8603706359863281,0.9792016744613647,0.2261504083871841,0.0001407812524121,64,74355.0,3628143593847521280,9745881088,39774720,16,0.0001407812524121,4784128000.0,1.7816963914430554e+18,36514.0,1.7959624728218453,1.8131083337987053,bin_1
config_385,320,17,8,0.1015648394823074,0.8603706359863281,0.9792016744613647,0.2261504083871841,0.0001407812524121,64,74355.0,3628143593847521280,9745881088,39774720,16,0.0001407812524121,6383206400.0,2.3755789236294344e+18,48685.0,1.7712460582373573,1.7868638069121563,bin_1
config_385,320,17,8,0.1015648394823074,0.8603706359863281,0.9792016744613647,0.2261504083871841,0.0001407812524121,64,74355.0,3628143593847521280,9745881088,39774720,16,0.0001130687370696,7975731200.0,2.9694614558158126e+18,60856.0,1.7489435022776243,1.7636650083104115,bin_1
config_385,320,17,8,0.1015648394823074,0.8603706359863281,0.9792016744613647,0.2261504083871841,0.0001407812524121,64,74355.0,3628143593847521280,9745881088,39774720,16,1.0925931275517322e-05,9574809600.0,3.5633439880021914e+18,73027.0,1.7013828644987012,1.7186295163826864,bin_1
config_385,320,17,8,0.1015648394823074,0.8603706359863281,0.9792016744613647,0.2261504083871841,0.0001407812524121,64,74355.0,3628143593847521280,9745881088,39774720,16,4.1861805653338345e-08,9745203200.0,3.628143593847521e+18,74355.0,1.6988574597483777,1.7160927033424378,bin_1
config_386,832,19,8,0.0267548281699419,0.8584039807319641,0.9332371354103088,0.28179731965065,0.0062275840900838,64,12983.0,2741033021202038784,1701740032,203736832,8,0.0014181458575833,1592524800.0,2.569599699688055e+18,12171.0,2.9426325296183102,2.9729149440077483,bin_1
config_386,832,19,8,0.0267548281699419,0.8584039807319641,0.9332371354103088,0.28179731965065,0.0062275840900838,64,12983.0,2741033021202038784,1701740032,203736832,8,5.618104837965161e-05,1697382400.0,2.741033021202039e+18,12983.0,2.8994077391898045,2.9297003928950573,bin_1
config_387,704,20,16,0.1090689003467559,0.81899493932724,0.981365203857422,0.1236629486083984,0.0005375139298848,64,23586.0,4066379551548407808,3091502336,161580672,8,0.0005375139298848,1592524800.0,2.098359430250813e+18,12171.0,1.7321515076277687,1.7500913801935851,bin_1
config_387,704,20,16,0.1090689003467559,0.81899493932724,0.981365203857422,0.1236629486083984,0.0005375139298848,64,23586.0,4066379551548407808,3091502336,161580672,8,6.635974443023186e-06,3086745600.0,4.066379551548408e+18,23586.0,1.5973780684783812,1.6142526320160413,bin_1
config_388,640,24,16,0.0036109511274844,0.8726160526275635,0.930816411972046,0.1340634226799011,0.0007127816206775,32,8272.0,705821474160230400,542133568,154105600,8,0.0007127816206775,271974400.0,3.529107370801152e+17,4136.0,2.0442668901896868,2.064358939655492,bin_0
config_388,640,24,16,0.0036109511274844,0.8726160526275635,0.930816411972046,0.1340634226799011,0.0007127816206775,32,8272.0,705821474160230400,542133568,154105600,8,1.415270365966268e-05,540672000.0,7.058214741602304e+17,8272.0,1.8491302801937357,1.868519348961408,bin_0
config_389,384,14,16,0.0436412505805492,0.8618155717849731,0.95359468460083,0.2383837550878524,0.0001543074322398,128,57649.0,5993472525532397568,15112346624,44090112,16,0.0001543074322398,1599078400.0,6.327303819734977e+17,6086.0,2.035832475287015,2.057560030749587,bin_2
config_389,384,14,16,0.0436412505805492,0.8618155717849731,0.95359468460083,0.2383837550878524,0.0001543074322398,128,57649.0,5993472525532397568,15112346624,44090112,16,0.0001543074322398,3185049600.0,1.2653567990469012e+18,12171.0,1.873189106339314,1.8938590432776776,bin_2
config_389,384,14,16,0.0436412505805492,0.8618155717849731,0.95359468460083,0.2383837550878524,0.0001543074322398,128,57649.0,5993472525532397568,15112346624,44090112,16,0.0001543074322398,4784128000.0,1.8980871810203988e+18,18257.0,1.8175383489640036,1.836089192218468,bin_2
config_389,384,14,16,0.0436412505805492,0.8618155717849731,0.95359468460083,0.2383837550878524,0.0001543074322398,128,57649.0,5993472525532397568,15112346624,44090112,16,0.0001543074322398,6383206400.0,2.5307135980938025e+18,24342.0,1.7860578469370232,1.8036153149995648,bin_2
config_389,384,14,16,0.0436412505805492,0.8618155717849731,0.95359468460083,0.2383837550878524,0.0001543074322398,128,57649.0,5993472525532397568,15112346624,44090112,16,0.0001543074322398,7982284800.0,3.1634439800673004e+18,30428.0,1.7647843835002086,1.7823007169317029,bin_2
config_389,384,14,16,0.0436412505805492,0.8618155717849731,0.95359468460083,0.2383837550878524,0.0001543074322398,128,57649.0,5993472525532397568,15112346624,44090112,16,0.0001543074322398,9568256000.0,3.7961743620407977e+18,36514.0,1.7483126715363049,1.765962769789774,bin_2
config_389,384,14,16,0.0436412505805492,0.8618155717849731,0.95359468460083,0.2383837550878524,0.0001543074322398,128,57649.0,5993472525532397568,15112346624,44090112,16,0.0001543074322398,11167334400.0,4.4288007791142016e+18,42599.0,1.7370806040138496,1.7538566205931492,bin_2
config_389,384,14,16,0.0436412505805492,0.8618155717849731,0.95359468460083,0.2383837550878524,0.0001543074322398,128,57649.0,5993472525532397568,15112346624,44090112,16,0.0001004873534503,12766412800.0,5.0615311610877e+18,48685.0,1.716002130703848,1.732321436092502,bin_2
config_389,384,14,16,0.0436412505805492,0.8618155717849731,0.95359468460083,0.2383837550878524,0.0001543074322398,128,57649.0,5993472525532397568,15112346624,44090112,16,3.2552557565376094e-05,14352384000.0,5.694157578161103e+18,54770.0,1.6951662270749202,1.7098922172139903,bin_2
config_389,384,14,16,0.0436412505805492,0.8618155717849731,0.95359468460083,0.2383837550878524,0.0001543074322398,128,57649.0,5993472525532397568,15112346624,44090112,16,5.502157022088477e-07,15099494400.0,5.993472525532398e+18,57649.0,1.6880984685850926,1.7024635094501932,bin_2
config_390,448,12,8,0.0263109542429447,0.8869538307189941,0.9259814023971558,0.0170515365898609,0.0001160037863883,64,16613.0,977573865295577088,2177559552,52812928,16,0.0001160037863883,1592524800.0,7.161892201596622e+17,12171.0,1.9198676258227865,1.9405072315794525,bin_0
config_390,448,12,8,0.0263109542429447,0.8869538307189941,0.9259814023971558,0.0170515365898609,0.0001160037863883,64,16613.0,977573865295577088,2177559552,52812928,16,5.328795841159535e-06,2175795200.0,9.775738652955772e+17,16613.0,1.852710446334276,1.8728315140380236,bin_0
config_391,448,21,4,0.023701412603259,0.91665118932724,0.9034250378608704,0.2078039199113845,3.076363282161765e-05,64,27262.0,2445123810942812160,3573328128,75529216,8,3.076363282161765e-05,1592524800.0,1.0916147715862728e+18,12171.0,2.110551759336816,2.1326290762424467,bin_1
config_391,448,21,4,0.023701412603259,0.91665118932724,0.9034250378608704,0.2078039199113845,3.076363282161765e-05,64,27262.0,2445123810942812160,3573328128,75529216,8,1.5813539060291365e-05,3191603200.0,2.1832295431725453e+18,24342.0,1.9248284826122344,1.9462478424877416,bin_1
config_391,448,21,4,0.023701412603259,0.91665118932724,0.9034250378608704,0.2078039199113845,3.076363282161765e-05,64,27262.0,2445123810942812160,3573328128,75529216,8,6.51656829407627e-08,3571712000.0,2.445123810942812e+18,27262.0,1.904720094809767,1.9260093823808135,bin_1
config_392,1152,9,24,0.0483062416315078,0.9083746671676636,0.9305450916290284,0.1360324919223785,0.0001162314656539,32,13648.0,1307947549383032832,894456448,201268224,8,0.0001162314656539,445644800.0,6.539737746915164e+17,6824.0,1.9982123220748589,2.019502070536379,bin_1
config_392,1152,9,24,0.0483062416315078,0.9083746671676636,0.9305450916290284,0.1360324919223785,0.0001162314656539,32,13648.0,1307947549383032832,894456448,201268224,8,3.005986180706436e-06,891289600.0,1.3079475493830328e+18,13648.0,1.826220463045308,1.8457553779883464,bin_1
config_393,384,6,8,0.0010251259664073,0.8142458200454712,0.9021746516227722,0.0318898744881153,0.0009211389697156,64,18126.0,561099083637915648,2375904512,29928192,16,0.0009211389697156,1592524800.0,3.767591827737544e+17,12171.0,1.938260395448716,1.9586815969670408,bin_0
config_393,384,6,8,0.0010251259664073,0.8142458200454712,0.9021746516227722,0.0318898744881153,0.0009211389697156,64,18126.0,561099083637915648,2375904512,29928192,16,4.143531697683013e-05,2372403200.0,5.6109908363791565e+17,18126.0,1.860582616133768,1.8801725220289387,bin_0
config_395,576,8,12,0.1427061557769775,0.9009849429130554,0.9885208606719972,0.157696858048439,0.000709387823008,32,7630.0,239097096102961152,500091712,60819840,16,0.000709387823008,249036800.0,1.1954854805148058e+17,3815.0,2.038780429793186,2.058834307350096,bin_0
config_395,576,8,12,0.1427061557769775,0.9009849429130554,0.9885208606719972,0.157696858048439,0.000709387823008,32,7630.0,239097096102961152,500091712,60819840,16,1.769046940169579e-05,498073600.0,2.3909709610296115e+17,7630.0,1.8580248895629508,1.876973150949009,bin_0
config_398,1152,14,6,0.169340044260025,0.9828420877456664,0.9201869964599608,0.280400812625885,0.0096469977870583,32,3978.0,542722377506770944,260724016,280905984,8,0.0096469977870583,131072000.0,2.7136118875338547e+17,1989.0,3.88902149517028,3.9160722513277024,bin_0
config_398,1152,14,6,0.169340044260025,0.9828420877456664,0.9201869964599608,0.280400812625885,0.0096469977870583,32,3978.0,542722377506770944,260724016,280905984,8,0.0002422564466705,258867200.0,5.427223775067709e+17,3978.0,3.719356757812813,3.747397859448293,bin_0
config_399,640,11,10,0.0239374469965696,0.8794302940368652,0.9895592331886292,0.0890058353543281,0.0008631240343675,32,6488.0,298192043793285120,425201792,88061440,16,0.0008631240343675,212992000.0,1.4909602189664256e+17,3244.0,2.0353689692059502,2.05583929937394,bin_0
config_399,640,11,10,0.0239374469965696,0.8794302940368652,0.9895592331886292,0.0890058353543281,0.0008631240343675,32,6488.0,298192043793285120,425201792,88061440,16,5.684352392714917e-05,422707200.0,2.981920437932851e+17,6488.0,1.85532443601577,1.874162018572698,bin_0
config_40,576,5,24,0.0401831865310668,0.9290140867233276,0.9115337133407592,0.0972509682178497,0.0001781737373676,64,20181.0,962786313184444416,2645195008,48872448,16,0.0001781737373676,1592524800.0,5.806487397932646e+17,12171.0,1.922852147368134,1.944151065896769,bin_0
config_40,576,5,24,0.0401831865310668,0.9290140867233276,0.9115337133407592,0.0972509682178497,0.0001781737373676,64,20181.0,962786313184444416,2645195008,48872448,16,2.8151813753292854e-06,2641100800.0,9.627863131844444e+17,20181.0,1.826764790816385,1.846748716401272,bin_0
config_400,448,19,16,0.0068316608667373,0.8585625886917114,0.9467555284500122,0.1488325297832489,0.0074829282239079,128,58647.0,9716068050881740800,15374182400,70481152,16,0.0074829282239079,1599078400.0,1.0082696498996756e+18,6086.0,1.7900658163477163,1.8087482103754264,bin_2
config_400,448,19,16,0.0068316608667373,0.8585625886917114,0.9467555284500122,0.1488325297832489,0.0074829282239079,128,58647.0,9716068050881740800,15374182400,70481152,16,0.0074829282239079,3185049600.0,2.0163736294658156e+18,12171.0,1.7255051124682192,1.7434528919907868,bin_2
config_400,448,19,16,0.0068316608667373,0.8585625886917114,0.9467555284500122,0.1488325297832489,0.0074829282239079,128,58647.0,9716068050881740800,15374182400,70481152,16,0.0074829282239079,4784128000.0,3.024643279365491e+18,18257.0,1.7013925774761889,1.7167623641842702,bin_2
config_400,448,19,16,0.0068316608667373,0.8585625886917114,0.9467555284500122,0.1488325297832489,0.0074829282239079,128,58647.0,9716068050881740800,15374182400,70481152,16,0.0074829282239079,6383206400.0,4.032747258931631e+18,24342.0,1.6882153277709837,1.70348459536912,bin_2
config_400,448,19,16,0.0068316608667373,0.8585625886917114,0.9467555284500122,0.1488325297832489,0.0074829282239079,128,58647.0,9716068050881740800,15374182400,70481152,16,0.0074829282239079,7982284800.0,5.041016908831306e+18,30428.0,1.6776972420489202,1.6935115213863186,bin_2
config_400,448,19,16,0.0068316608667373,0.8585625886917114,0.9467555284500122,0.1488325297832489,0.0074829282239079,128,58647.0,9716068050881740800,15374182400,70481152,16,0.0074829282239079,9568256000.0,6.049286558730982e+18,36514.0,1.670326217119811,1.685984528221068,bin_2
config_400,448,19,16,0.0068316608667373,0.8585625886917114,0.9467555284500122,0.1488325297832489,0.0074829282239079,128,58647.0,9716068050881740800,15374182400,70481152,16,0.0074829282239079,11167334400.0,7.057390538297122e+18,42599.0,1.6650073406735404,1.6809394028147713,bin_2
config_400,448,19,16,0.0068316608667373,0.8585625886917114,0.9467555284500122,0.1488325297832489,0.0074829282239079,128,58647.0,9716068050881740800,15374182400,70481152,16,0.0074829282239079,12766412800.0,8.065660188196796e+18,48685.0,1.6615157619460683,1.6763088453793136,bin_2
config_400,448,19,16,0.0068316608667373,0.8585625886917114,0.9467555284500122,0.1488325297832489,0.0074829282239079,128,58647.0,9716068050881740800,15374182400,70481152,16,0.0033410828699094,14352384000.0,9.073764167762936e+18,54770.0,1.6189945186161605,1.629675585129222,bin_2
config_400,448,19,16,0.0068316608667373,0.8585625886917114,0.9467555284500122,0.1488325297832489,0.0074829282239079,128,58647.0,9716068050881740800,15374182400,70481152,16,4.029532842846854e-05,15361638400.0,9.71606805088174e+18,58647.0,1.5810834617692917,1.5915447822946016,bin_2
config_401,768,22,12,0.0403382368385791,0.9798499941825868,0.9529121518135072,0.0541707351803779,7.781993190292269e-05,32,10226.0,1059761473688567808,670228736,194360832,8,7.781993190292269e-05,334233600.0,5.298807368442839e+17,5113.0,2.127131514725138,2.1488288269472906,bin_1
config_401,768,22,12,0.0403382368385791,0.9798499941825868,0.9529121518135072,0.0541707351803779,7.781993190292269e-05,32,10226.0,1059761473688567808,670228736,194360832,8,3.6588033082748505e-06,668467200.0,1.0597614736885678e+18,10226.0,1.8914366478607303,1.91120913675574,bin_1
config_402,512,16,8,0.1489379703998565,0.9219158291816713,0.9732590913772584,0.130660131573677,0.000902320316527,64,63236.0,5660535037767450624,8288562688,80284672,16,0.000902320316527,1592524800.0,1.0894802319037832e+18,12171.0,1.805640682079753,1.82441953264299,bin_2
config_402,512,16,8,0.1489379703998565,0.9219158291816713,0.9732590913772584,0.130660131573677,0.000902320316527,64,63236.0,5660535037767450624,8288562688,80284672,16,0.000902320316527,3191603200.0,2.1789604638075663e+18,24342.0,1.7585492705126278,1.7770849447172197,bin_2
config_402,512,16,8,0.1489379703998565,0.9219158291816713,0.9732590913772584,0.130660131573677,0.000902320316527,64,63236.0,5660535037767450624,8288562688,80284672,16,0.000902320316527,4784128000.0,3.2685302101499254e+18,36514.0,1.74058569665815,1.7579901372018407,bin_2
config_402,512,16,8,0.1489379703998565,0.9219158291816713,0.9732590913772584,0.130660131573677,0.000902320316527,64,63236.0,5660535037767450624,8288562688,80284672,16,0.000902320316527,6383206400.0,4.358010442053709e+18,48685.0,1.7293159708038706,1.7461398246640063,bin_2
config_402,512,16,8,0.1489379703998565,0.9219158291816713,0.9732590913772584,0.130660131573677,0.000902320316527,64,63236.0,5660535037767450624,8288562688,80284672,16,0.0002605829430202,7975731200.0,5.447490673957492e+18,60856.0,1.6334824243139048,1.6489726058381502,bin_2
config_402,512,16,8,0.1489379703998565,0.9219158291816713,0.9732590913772584,0.130660131573677,0.000902320316527,64,63236.0,5660535037767450624,8288562688,80284672,16,3.931678939115635e-06,8283750400.0,5.660535037767451e+18,63236.0,1.5973508704685777,1.6123693449770815,bin_2
config_403,256,13,16,0.0202211681753397,0.8581398129463196,0.915706992149353,0.0709576085209846,0.001472788862884,32,5703.0,84273928517615616,373773504,23953408,16,0.001472788862884,186777600.0,4.212957569765424e+16,2851.0,2.320022577340485,2.3423789708340754,bin_0
config_403,256,13,16,0.0202211681753397,0.8581398129463196,0.915706992149353,0.0709576085209846,0.001472788862884,32,5703.0,84273928517615616,373773504,23953408,16,1.0936550962010192e-05,373555200.0,8.427392851761562e+16,5703.0,2.109225670118801,2.130242339626688,bin_0
config_404,1088,21,16,0.0082495082169771,0.8845011591911316,0.9286541938781738,0.2855751514434814,0.0002972428046632,64,73038.0,26323912939643338752,9573269504,364749824,8,0.0002972428046632,1592524800.0,4.386597995405119e+18,12171.0,1.7152079816724433,1.732339729363801,bin_2
config_404,1088,21,16,0.0082495082169771,0.8845011591911316,0.9286541938781738,0.2855751514434814,0.0002972428046632,64,73038.0,26323912939643338752,9573269504,364749824,8,0.0002972428046632,3191603200.0,8.773195990810237e+18,24342.0,1.6245800940912278,1.6421358075884522,bin_2
config_404,1088,21,16,0.0082495082169771,0.8845011591911316,0.9286541938781738,0.2855751514434814,0.0002972428046632,64,73038.0,26323912939643338752,9573269504,364749824,8,0.0002972428046632,4784128000.0,1.3160154400149742e+19,36514.0,1.5879305525490497,1.6028214389378908,bin_2
config_404,1088,21,16,0.0082495082169771,0.8845011591911316,0.9286541938781738,0.2855751514434814,0.0002972428046632,64,73038.0,26323912939643338752,9573269504,364749824,8,0.0002972428046632,6383206400.0,1.7546752395554863e+19,48685.0,1.5652411451105213,1.5792220553022915,bin_2
config_404,1088,21,16,0.0082495082169771,0.8845011591911316,0.9286541938781738,0.2855751514434814,0.0002972428046632,64,73038.0,26323912939643338752,9573269504,364749824,8,0.0001736968549281,7975731200.0,2.193335039095998e+19,60856.0,1.521700866935683,1.5345817049409525,bin_2
config_404,1088,21,16,0.0082495082169771,0.8845011591911316,0.9286541938781738,0.2855751514434814,0.0002972428046632,64,73038.0,26323912939643338752,9573269504,364749824,8,5.415556684664337e-07,9568256000.0,2.63199483863651e+19,73027.0,1.4728051776084743,1.4871889263391496,bin_2
config_404,1088,21,16,0.0082495082169771,0.8845011591911316,0.9286541938781738,0.2855751514434814,0.0002972428046632,64,73038.0,26323912939643338752,9573269504,364749824,8,5.415556684664337e-07,9568256000.0,2.632391293964334e+19,73038.0,1.4728070968096374,1.487189859835828,bin_2
config_405,448,24,4,0.0631351023912429,0.9440246820449828,0.935495913028717,0.0374105423688888,0.0001780481979949,32,14793.0,739468712052080640,969518720,83101312,8,0.0001780481979949,484966400.0,3.697093621535313e+17,7396.0,2.0027034385282487,2.022088323655676,bin_0
config_405,448,24,4,0.0631351023912429,0.9440246820449828,0.935495913028717,0.0374105423688888,0.0001780481979949,32,14793.0,739468712052080640,969518720,83101312,8,1.3844615757291916e-05,966656000.0,7.394687120520806e+17,14793.0,1.8430267206371809,1.862775960398502,bin_0
config_406,1024,20,16,0.1036277040839195,0.9354130625724792,0.9713687300682068,0.1071501597762107,0.0002696947485674,32,9716.0,1498695214826913792,636760384,308426752,8,0.0002696947485674,317849600.0,7.493476074134569e+17,4858.0,1.9370540846175837,1.9570018687209143,bin_1
config_406,1024,20,16,0.1036277040839195,0.9354130625724792,0.9713687300682068,0.1071501597762107,0.0002696947485674,32,9716.0,1498695214826913792,636760384,308426752,8,4.145164243111131e-06,635699200.0,1.4986952148269138e+18,9716.0,1.757990088404202,1.7749258651694313,bin_1
config_408,1088,8,8,0.0011940028052777,0.9483165740966796,0.9810276627540588,0.0197206735610961,0.0007761174347251,32,8002.0,655915433833267200,524441600,172815744,16,0.0007761174347251,262144000.0,3.279577169166336e+17,4001.0,2.0119718195962126,2.03224134644524,bin_0
config_408,1088,8,8,0.0011940028052777,0.9483165740966796,0.9810276627540588,0.0197206735610961,0.0007761174347251,32,8002.0,655915433833267200,524441600,172815744,16,9.886846302231384e-06,524288000.0,6.559154338332672e+17,8002.0,1.852990945323569,1.872244366856872,bin_0
config_409,768,15,16,0.0161314029246568,0.9062357544898988,0.9519384503364564,0.1323668211698532,0.0006774883368052,64,8854.0,1336754327982243840,1160576640,144804864,8,0.0006774883368052,583270400.0,6.683771639911219e+17,4427.0,1.854163378340299,1.8737240760639065,bin_1
config_409,768,15,16,0.0161314029246568,0.9062357544898988,0.9519384503364564,0.1323668211698532,0.0006774883368052,64,8854.0,1336754327982243840,1160576640,144804864,8,2.3142214749965508e-06,1159987200.0,1.3367543279822438e+18,8854.0,1.7017404039961392,1.719280916843258,bin_1
config_41,832,5,8,0.0761127769947052,0.9640675783157348,0.9051052331924438,0.1276539266109466,0.0065104756504297,64,25536.0,2037742112187285504,3347094016,84438016,16,0.0065104756504297,1592524800.0,9.712311735366326e+17,12171.0,1.9582652777140257,1.976407569119188,bin_1
config_41,832,5,8,0.0761127769947052,0.9640675783157348,0.9051052331924438,0.1276539266109466,0.0065104756504297,64,25536.0,2037742112187285504,3347094016,84438016,16,0.0023692617739827,3191603200.0,1.942462347073265e+18,24342.0,1.8099393710152047,1.8290376859805624,bin_1
config_41,832,5,8,0.0761127769947052,0.9640675783157348,0.9051052331924438,0.1276539266109466,0.0065104756504297,64,25536.0,2037742112187285504,3347094016,84438016,16,7.191688352729993e-05,3342336000.0,2.0377421121872852e+18,25536.0,1.736280251995462,1.754306462592766,bin_1
config_411,1152,11,18,0.0356561206281185,0.8315529823303223,0.9245007038116456,0.2626673579216003,0.0005346476682461,64,17676.0,3961962061610876928,2316925952,233123328,8,0.0005346476682461,1592524800.0,2.728051609632608e+18,12171.0,1.722845609539845,1.741460131836719,bin_1
config_411,1152,11,18,0.0356561206281185,0.8315529823303223,0.9245007038116456,0.2626673579216003,0.0005346476682461,64,17676.0,3961962061610876928,2316925952,233123328,8,2.994579787677916e-06,2313420800.0,3.961962061610877e+18,17676.0,1.6125672795733468,1.630128114985638,bin_1
config_412,384,8,12,0.0012446850305423,0.901610553264618,0.9189532399177552,0.0570378750562667,0.0032724242191761,32,8030.0,145393987634896896,526274336,33468672,16,0.0032724242191761,262144000.0,7.269699381744845e+16,4015.0,2.193352881415945,2.215842459592663,bin_0
config_412,384,8,12,0.0012446850305423,0.901610553264618,0.9189532399177552,0.0570378750562667,0.0032724242191761,32,8030.0,145393987634896896,526274336,33468672,16,0.000214350931387,524288000.0,1.453939876348969e+17,8030.0,2.014612671469078,2.0345899021820943,bin_0
config_414,960,24,16,0.0174011662602424,0.8200139999389648,0.9576188325881958,0.0054498733952641,0.0003051306703127,32,7260.0,1164981908756090880,475823008,313733760,8,0.0003051306703127,239206400.0,5.824909543780454e+17,3630.0,2.0021923076520203,2.021804951663877,bin_1
config_414,960,24,16,0.0174011662602424,0.8200139999389648,0.9576188325881958,0.0054498733952641,0.0003051306703127,32,7260.0,1164981908756090880,475823008,313733760,8,7.823863341353642e-05,475136000.0,1.164981908756091e+18,7260.0,1.849035474667784,1.8669468655742585,bin_1
config_415,1024,18,16,0.0411340445280075,0.8989241719245911,0.944077968597412,0.0371687673032283,6.249877333175391e-05,32,3371.0,474859189757804544,220951808,282732544,8,6.249877333175391e-05,111411200.0,2.3735916189317728e+17,1685.0,2.608536201695927,2.635804813689873,bin_0
config_415,1024,18,16,0.0411340445280075,0.8989241719245911,0.944077968597412,0.0371687673032283,6.249877333175391e-05,32,3371.0,474859189757804544,220951808,282732544,8,1.0499793919734656e-05,219545600.0,4.748591897578045e+17,3371.0,2.234488201199985,2.257107260383544,bin_0
config_416,256,23,16,0.0227594040334224,0.8725208044052124,0.929986834526062,0.0620394796133041,0.009905656799674,32,4150.0,92350459962114048,272018592,32478208,16,0.009905656799674,137625600.0,4.617522998105702e+16,2075.0,3.253946383194845,3.2883340159400563,bin_0
config_416,256,23,16,0.0227594040334224,0.8725208044052124,0.929986834526062,0.0620394796133041,0.009905656799674,32,4150.0,92350459962114048,272018592,32478208,16,0.0,271974400.0,9.235045996211405e+16,4150.0,3.1518783762415903,3.183938529061489,bin_0
config_417,320,13,4,0.0816669017076492,0.8451610207557678,0.9422065615653992,0.0388608276844024,1.5376646842923947e-05,64,27316.0,1100615028432076800,3580471040,34201600,16,1.5376646842923947e-05,1592524800.0,4.903933779120957e+17,12171.0,2.638237821704052,2.666193024291367,bin_1
config_417,320,13,4,0.0816669017076492,0.8451610207557678,0.9422065615653992,0.0388608276844024,1.5376646842923947e-05,64,27316.0,1100615028432076800,3580471040,34201600,16,1.5376646842923947e-05,3191603200.0,9.807867558241914e+17,24342.0,2.3090993721367883,2.333219664253172,bin_1
config_417,320,13,4,0.0816669017076492,0.8451610207557678,0.9422065615653992,0.0388608276844024,1.5376646842923947e-05,64,27316.0,1100615028432076800,3580471040,34201600,16,2.318815735030946e-07,3578265600.0,1.1006150284320768e+18,27316.0,2.2599982922585284,2.2836706435484966,bin_1
config_418,512,18,16,0.0235838219523429,0.9319478869438172,0.9860756397247314,0.2749770879745483,0.0002033618657151,128,39511.0,7757872278357934080,10357729280,87102464,8,0.0002033618657151,1599078400.0,1.194968760246169e+18,6086.0,1.8563254638773496,1.8763398756746383,bin_2
config_418,512,18,16,0.0235838219523429,0.9319478869438172,0.9860756397247314,0.2749770879745483,0.0002033618657151,128,39511.0,7757872278357934080,10357729280,87102464,8,0.0002033618657151,3185049600.0,2.38974117334146e+18,12171.0,1.7419190566461595,1.7609625711792805,bin_2
config_418,512,18,16,0.0235838219523429,0.9319478869438172,0.9860756397247314,0.2749770879745483,0.0002033618657151,128,39511.0,7757872278357934080,10357729280,87102464,8,0.0002033618657151,4784128000.0,3.5847099335876285e+18,18257.0,1.6946878581555165,1.71219255644767,bin_2
config_418,512,18,16,0.0235838219523429,0.9319478869438172,0.9860756397247314,0.2749770879745483,0.0002033618657151,128,39511.0,7757872278357934080,10357729280,87102464,8,0.0002033618657151,6383206400.0,4.77948234668292e+18,24342.0,1.6670032958515355,1.6837585639171913,bin_2
config_418,512,18,16,0.0235838219523429,0.9319478869438172,0.9860756397247314,0.2749770879745483,0.0002033618657151,128,39511.0,7757872278357934080,10357729280,87102464,8,0.0001696117328097,7982284800.0,5.974451106929089e+18,30428.0,1.6409442506461849,1.657863133657174,bin_2
config_418,512,18,16,0.0235838219523429,0.9319478869438172,0.9860756397247314,0.2749770879745483,0.0002033618657151,128,39511.0,7757872278357934080,10357729280,87102464,8,5.636253476327664e-05,9568256000.0,7.169419867175257e+18,36514.0,1.605042135500517,1.6214718172589286,bin_2
config_418,512,18,16,0.0235838219523429,0.9319478869438172,0.9860756397247314,0.2749770879745483,0.0002033618657151,128,39511.0,7757872278357934080,10357729280,87102464,8,2.0590763281171147e-07,10354688000.0,7.757872278357934e+18,39511.0,1.5937532186703605,1.6098568325746254,bin_2
config_42,576,20,12,0.0140387089923024,0.8388198614120483,0.9855701327323914,0.093000628054142,0.0054623712785542,64,61610.0,7547468496072081408,8075352064,108609408,8,0.0054623712785542,1592524800.0,1.4909956024296916e+18,12171.0,1.761825115973832,1.7806792574632364,bin_2
config_42,576,20,12,0.0140387089923024,0.8388198614120483,0.9855701327323914,0.093000628054142,0.0054623712785542,64,61610.0,7547468496072081408,8075352064,108609408,8,0.0054623712785542,3191603200.0,2.981991204859384e+18,24342.0,1.707303561441234,1.7248469640583288,bin_2
config_42,576,20,12,0.0140387089923024,0.8388198614120483,0.9855701327323914,0.093000628054142,0.0054623712785542,64,61610.0,7547468496072081408,8075352064,108609408,8,0.0054623712785542,4784128000.0,4.473109311241292e+18,36514.0,1.6859510183138926,1.702585069351509,bin_2
config_42,576,20,12,0.0140387089923024,0.8388198614120483,0.9855701327323914,0.093000628054142,0.0054623712785542,64,61610.0,7547468496072081408,8075352064,108609408,8,0.0054623712785542,6383206400.0,5.964104913670984e+18,48685.0,1.6746184211871664,1.6914987226196978,bin_2
config_42,576,20,12,0.0140387089923024,0.8388198614120483,0.9855701327323914,0.093000628054142,0.0054623712785542,64,61610.0,7547468496072081408,8075352064,108609408,8,0.0007246294591902,7975731200.0,7.455100516100676e+18,60856.0,1.5787093348972132,1.5938773588274346,bin_2
config_42,576,20,12,0.0140387089923024,0.8388198614120483,0.9855701327323914,0.093000628054142,0.0054623712785542,64,61610.0,7547468496072081408,8075352064,108609408,8,9.53459814724035e-06,8074035200.0,7.547468496072081e+18,61610.0,1.5698841026376504,1.5849556478320574,bin_2
config_420,576,18,18,0.0020551772322505,0.948917806148529,0.9349015355110168,0.1020556092262268,0.009232017211616,64,21396.0,2407730340477173760,2804437760,100644480,8,0.009232017211616,1592524800.0,1.3696245080364406e+18,12171.0,3.24126265869766,3.2746708666301165,bin_1
config_420,576,18,18,0.0020551772322505,0.948917806148529,0.9349015355110168,0.1020556092262268,0.009232017211616,64,21396.0,2407730340477173760,2804437760,100644480,8,0.0001945363223702,2798387200.0,2.407730340477174e+18,21396.0,3.3023003463666947,3.3358377784979147,bin_1
config_421,448,4,16,0.0061795329675078,0.956964075565338,0.9762089252471924,0.1696716696023941,2.6685143893701024e-05,32,5186.0,81484460800856064,339886752,32620672,16,2.6685143893701024e-05,170393600.0,4.074223040042803e+16,2593.0,3.0670707630720293,3.0996569077695004,bin_0
config_421,448,4,16,0.0061795329675078,0.956964075565338,0.9762089252471924,0.1696716696023941,2.6685143893701024e-05,32,5186.0,81484460800856064,339886752,32620672,16,1.092906917148167e-06,337510400.0,8.148446080085606e+16,5186.0,2.8311731418234403,2.8610419894046477,bin_0
config_422,384,11,6,0.021287040784955,0.8086002469062805,0.9263935089111328,0.1494925618171692,1.787889596016612e-05,32,7235.0,159524178756157440,474164160,38779392,16,1.787889596016612e-05,235929600.0,7.975106490131603e+16,3617.0,3.04433280210026,3.076323044417334,bin_0
config_422,384,11,6,0.021287040784955,0.8086002469062805,0.9263935089111328,0.1494925618171692,1.787889596016612e-05,32,7235.0,159524178756157440,474164160,38779392,16,5.788726721607885e-07,471859200.0,1.5952417875615744e+17,7235.0,2.830089424164569,2.8598599919334786,bin_0
config_423,1088,9,16,0.0312167648226022,0.8522573113441467,0.928579032421112,0.1805836111307144,0.0001129858210333,64,14924.0,2672151469963886592,1956181888,187579904,8,0.0001129858210333,1592524800.0,2.1792251099524567e+18,12171.0,1.7836325243652844,1.802821245525704,bin_1
config_423,1088,9,16,0.0312167648226022,0.8522573113441467,0.928579032421112,0.1805836111307144,0.0001129858210333,64,14924.0,2672151469963886592,1956181888,187579904,8,1.0061817086458888e-06,1952972800.0,2.6721514699638866e+18,14924.0,1.7218396077390576,1.740031555930122,bin_1
config_424,704,21,8,0.0030360256787389,0.8375550508499146,0.9283867478370668,0.0645041763782501,0.0041097216308116,64,10054.0,1806082512750084096,1317837568,167889920,8,0.0041097216308116,661913600.0,9.03041256375042e+17,5027.0,3.693254223886084,3.692396960532079,bin_1
config_424,704,21,8,0.0030360256787389,0.8375550508499146,0.9283867478370668,0.0645041763782501,0.0041097216308116,64,10054.0,1806082512750084096,1317837568,167889920,8,2.536865204204753e-05,1317273600.0,1.806082512750084e+18,10054.0,2.7427581889316683,2.772882365633229,bin_1
config_425,1088,10,16,0.0767761170864105,0.9686793684959412,0.9796754717826844,0.2890152633190155,8.977491961559281e-05,64,7702.0,1495427094623748096,1009527296,202344064,8,8.977491961559281e-05,504627200.0,7.47713547311874e+17,3851.0,1.9985621418327584,2.0199997021526586,bin_1
config_425,1088,10,16,0.0767761170864105,0.9686793684959412,0.9796754717826844,0.2890152633190155,8.977491961559281e-05,64,7702.0,1495427094623748096,1009527296,202344064,8,8.069655695783727e-08,1009254400.0,1.495427094623748e+18,7702.0,1.8245844841394268,1.8441326447002224,bin_1
config_426,320,24,16,0.0070151519030332,0.8497564792633057,0.9525163173675536,0.2569499909877777,8.643505134386942e-05,32,12285.0,391155684028784640,805152448,49527680,16,8.643505134386942e-05,403046400.0,1.955619219621323e+17,6142.0,2.3854093925288464,2.4095009547374286,bin_0
config_426,320,24,16,0.0070151519030332,0.8497564792633057,0.9525163173675536,0.2569499909877777,8.643505134386942e-05,32,12285.0,391155684028784640,805152448,49527680,16,9.58563623902229e-07,802816000.0,3.9115568402878464e+17,12285.0,2.119871256585981,2.142334630411179,bin_0
config_427,640,20,4,0.025717930868268,0.909534215927124,0.9891121983528136,0.1734955161809921,0.000200479189516,32,14234.0,1042132664127160320,932873344,133784320,8,0.000200479189516,465305600.0,5.2106633206358016e+17,7117.0,1.9128152493766095,1.9322580657826096,bin_1
config_427,640,20,4,0.025717930868268,0.909534215927124,0.9891121983528136,0.1734955161809921,0.000200479189516,32,14234.0,1042132664127160320,932873344,133784320,8,2.76075028090138e-06,930611200.0,1.0421326641271604e+18,14234.0,1.7569411864632465,1.7752145255002818,bin_1
config_428,960,7,8,0.1567834764719009,0.8057945966720581,0.94278222322464,0.2971674501895904,3.120499604847282e-05,64,48069.0,5791721230915338240,6300604416,125694720,16,3.120499604847282e-05,1592524800.0,1.4664552851415795e+18,12171.0,2.00204220713162,2.02348533364593,bin_2
config_428,960,7,8,0.1567834764719009,0.8057945966720581,0.94278222322464,0.2971674501895904,3.120499604847282e-05,64,48069.0,5791721230915338240,6300604416,125694720,16,3.120499604847282e-05,3191603200.0,2.932910570283159e+18,24342.0,1.8586431641656844,1.8786931519039345,bin_2
config_428,960,7,8,0.1567834764719009,0.8057945966720581,0.94278222322464,0.2971674501895904,3.120499604847282e-05,64,48069.0,5791721230915338240,6300604416,125694720,16,2.5273774802911093e-05,4784128000.0,4.399486343082708e+18,36514.0,1.7921354151553794,1.8095752412373904,bin_2
config_428,960,7,8,0.1567834764719009,0.8057945966720581,0.94278222322464,0.2971674501895904,3.120499604847282e-05,64,48069.0,5791721230915338240,6300604416,125694720,16,4.1507625659546836e-08,6298009600.0,5.791721230915338e+18,48069.0,1.74882676859371,1.7659244257113973,bin_2
config_429,1152,9,8,0.0092852693051099,0.897749125957489,0.960605800151825,0.2289566993713379,4.624730718205683e-05,64,21053.0,4035268254571757568,2759569152,201268224,8,4.624730718205683e-05,1592524800.0,2.332838546829092e+18,12171.0,1.8454618186638003,1.8655337188087528,bin_1
config_429,1152,9,8,0.0092852693051099,0.897749125957489,0.960605800151825,0.2289566993713379,4.624730718205683e-05,64,21053.0,4035268254571757568,2759569152,201268224,8,2.8784631026174474e-08,2759065600.0,4.0352682545717576e+18,21053.0,1.7417589816695354,1.7604599755123014,bin_1
config_430,256,6,8,0.0036235079169273,0.8727726936340332,0.902118980884552,0.005625307559967,0.0002984958409797,128,50216.0,1917262456896356352,13163937792,17986048,16,0.0002984958409797,1599078400.0,2.323653678642509e+17,6086.0,2.075333122347222,2.097453571499371,bin_1
config_430,256,6,8,0.0036235079169273,0.8727726936340332,0.902118980884552,0.005625307559967,0.0002984958409797,128,50216.0,1917262456896356352,13163937792,17986048,16,0.0002984958409797,3185049600.0,4.64692555418304e+17,12171.0,1.975306754815774,1.9967150708104744,bin_1
config_430,256,6,8,0.0036235079169273,0.8727726936340332,0.902118980884552,0.005625307559967,0.0002984958409797,128,50216.0,1917262456896356352,13163937792,17986048,16,0.0002984958409797,4784128000.0,6.970579232825549e+17,18257.0,1.9415624322656728,1.9622381135283924,bin_1
config_430,256,6,8,0.0036235079169273,0.8727726936340332,0.902118980884552,0.005625307559967,0.0002984958409797,128,50216.0,1917262456896356352,13163937792,17986048,16,0.0002984958409797,6383206400.0,9.29385110836608e+17,24342.0,1.9236335070015955,1.9439145162457323,bin_1
config_430,256,6,8,0.0036235079169273,0.8727726936340332,0.902118980884552,0.005625307559967,0.0002984958409797,128,50216.0,1917262456896356352,13163937792,17986048,16,0.0002984958409797,7982284800.0,1.161750478700859e+18,30428.0,1.9119364290550107,1.931986704185361,bin_1
config_430,256,6,8,0.0036235079169273,0.8727726936340332,0.902118980884552,0.005625307559967,0.0002984958409797,128,50216.0,1917262456896356352,13163937792,17986048,16,0.0002984958409797,9568256000.0,1.3941158465651098e+18,36514.0,1.9030289703509848,1.92411152398,bin_1
config_430,256,6,8,0.0036235079169273,0.8727726936340332,0.902118980884552,0.005625307559967,0.0002984958409797,128,50216.0,1917262456896356352,13163937792,17986048,16,0.0002984958409797,11167334400.0,1.626443034119163e+18,42599.0,1.8970383816468912,1.917821535087023,bin_1
config_430,256,6,8,0.0036235079169273,0.8727726936340332,0.902118980884552,0.005625307559967,0.0002984958409797,128,50216.0,1917262456896356352,13163937792,17986048,16,0.0002984958409797,12766412800.0,1.858808401983414e+18,48685.0,1.8929429533051665,1.913200807454156,bin_1
config_430,256,6,8,0.0036235079169273,0.8727726936340332,0.902118980884552,0.005625307559967,0.0002984958409797,128,50216.0,1917262456896356352,13163937792,17986048,16,1.6935934239985272e-05,13159628800.0,1.9172624568963564e+18,50216.0,1.8705317136107895,1.889511693266572,bin_1
config_431,448,15,8,0.0085530616343021,0.913076400756836,0.9170024394989014,0.056988701224327,1.3817887520417573e-05,32,7804.0,269747500522622976,511488416,60385024,16,1.3817887520417573e-05,255590400.0,1.3487375026131149e+17,3902.0,3.0204749961759223,3.0527289752491185,bin_0
config_431,448,15,8,0.0085530616343021,0.913076400756836,0.9170024394989014,0.056988701224327,1.3817887520417573e-05,32,7804.0,269747500522622976,511488416,60385024,16,1.2448547315691324e-07,511180800.0,2.6974750052262298e+17,7804.0,2.792013834343582,2.8214340019226074,bin_0
config_432,512,10,4,0.0059729753993451,0.895187258720398,0.9502788186073304,0.0016822636825963,1.3285276509122925e-05,64,76053.0,4832233648451223552,9968457728,59831296,16,1.3285276509122925e-05,1592524800.0,7.733174987876855e+17,12171.0,2.510826638448434,2.536377303014036,bin_1
config_432,512,10,4,0.0059729753993451,0.895187258720398,0.9502788186073304,0.0016822636825963,1.3285276509122925e-05,64,76053.0,4832233648451223552,9968457728,59831296,16,1.3285276509122925e-05,3191603200.0,1.546634997575371e+18,24342.0,2.200739927252785,2.223782154263043,bin_1
config_432,512,10,4,0.0059729753993451,0.895187258720398,0.9502788186073304,0.0016822636825963,1.3285276509122925e-05,64,76053.0,4832233648451223552,9968457728,59831296,16,1.3285276509122925e-05,4784128000.0,2.3200160340755523e+18,36514.0,2.070834041892505,2.092578724876779,bin_1
config_432,512,10,4,0.0059729753993451,0.895187258720398,0.9502788186073304,0.0016822636825963,1.3285276509122925e-05,64,76053.0,4832233648451223552,9968457728,59831296,16,1.3285276509122925e-05,6383206400.0,3.0933335328632376e+18,48685.0,1.9983667708615789,2.019393668526509,bin_1
config_432,512,10,4,0.0059729753993451,0.895187258720398,0.9502788186073304,0.0016822636825963,1.3285276509122925e-05,64,76053.0,4832233648451223552,9968457728,59831296,16,1.3285276509122925e-05,7975731200.0,3.866651031650923e+18,60856.0,1.9509762661965169,1.9709524169124544,bin_1
config_432,512,10,4,0.0059729753993451,0.895187258720398,0.9502788186073304,0.0016822636825963,1.3285276509122925e-05,64,76053.0,4832233648451223552,9968457728,59831296,16,1.3285276509122925e-05,9574809600.0,4.639968530438609e+18,73027.0,1.914108964576096,1.935270749389148,bin_1
config_432,512,10,4,0.0059729753993451,0.895187258720398,0.9502788186073304,0.0016822636825963,1.3285276509122925e-05,64,76053.0,4832233648451223552,9968457728,59831296,16,3.1382542934936137e-07,9968025600.0,4.832233648451224e+18,76053.0,1.9001484348344024,1.9208569854595623,bin_1
config_433,896,5,16,0.0061138593591749,0.8220089673995972,0.9793564081192015,0.2192663550376892,0.0002885026042349,64,74549.0,6675475322425835520,9771381760,95520768,16,0.0002885026042349,1592524800.0,1.0898497652449376e+18,12171.0,1.806679762699565,1.8257834908219637,bin_2
config_433,896,5,16,0.0061138593591749,0.8220089673995972,0.9793564081192015,0.2192663550376892,0.0002885026042349,64,74549.0,6675475322425835520,9771381760,95520768,16,0.0002885026042349,3191603200.0,2.179699530489875e+18,24342.0,1.7258159137553857,1.7444138316248283,bin_2
config_433,896,5,16,0.0061138593591749,0.8220089673995972,0.9793564081192015,0.2192663550376892,0.0002885026042349,64,74549.0,6675475322425835520,9771381760,95520768,16,0.0002885026042349,4784128000.0,3.2696388405351777e+18,36514.0,1.6921170013068152,1.708485879038201,bin_2
config_433,896,5,16,0.0061138593591749,0.8220089673995972,0.9793564081192015,0.2192663550376892,0.0002885026042349,64,74549.0,6675475322425835520,9771381760,95520768,16,0.0002885026042349,6383206400.0,4.359488605780116e+18,48685.0,1.670461450248468,1.6864188832533165,bin_2
config_433,896,5,16,0.0061138593591749,0.8220089673995972,0.9793564081192015,0.2192663550376892,0.0002885026042349,64,74549.0,6675475322425835520,9771381760,95520768,16,0.0002417837498724,7975731200.0,5.449338371025053e+18,60856.0,1.6498233457471505,1.665720256586544,bin_2
config_433,896,5,16,0.0061138593591749,0.8220089673995972,0.9793564081192015,0.2192663550376892,0.0002885026042349,64,74549.0,6675475322425835520,9771381760,95520768,16,2.645695605947698e-05,9574809600.0,6.53918813626999e+18,73027.0,1.6028782619022932,1.6190242443710077,bin_2
config_433,896,5,16,0.0061138593591749,0.8220089673995972,0.9793564081192015,0.2192663550376892,0.0002885026042349,64,74549.0,6675475322425835520,9771381760,95520768,16,8.648371226913673e-07,9764864000.0,6.675475322425836e+18,74549.0,1.60017113951386,1.6162567169939883,bin_2
config_435,832,14,8,0.0025725339073687,0.9239929914474488,0.9969072937965392,0.04215869307518,0.0005865066195838,64,33921.0,5570648396716376064,4446213632,161130112,8,0.0005865066195838,1592524800.0,1.998772490092716e+18,12171.0,1.7064352437707244,1.7241175575725367,bin_2
config_435,832,14,8,0.0025725339073687,0.9239929914474488,0.9969072937965392,0.04215869307518,0.0005865066195838,64,33921.0,5570648396716376064,4446213632,161130112,8,0.0005865066195838,3191603200.0,3.997544980185432e+18,24342.0,1.6294307422051664,1.6465155015812545,bin_2
config_435,832,14,8,0.0025725339073687,0.9239929914474488,0.9969072937965392,0.04215869307518,0.0005865066195838,64,33921.0,5570648396716376064,4446213632,161130112,8,8.613034273608454e-06,4443340800.0,5.570648396716376e+18,33921.0,1.569304974303871,1.5841860440324564,bin_2
config_436,1152,12,18,0.1257834434509277,0.931308925151825,0.9954248666763306,0.1916379630565643,2.7249350750935264e-05,64,31056.0,7464969213233725440,4070607360,249050880,8,2.7249350750935264e-05,1592524800.0,2.925558355688681e+18,12171.0,1.908838878107853,1.9299746885651448,bin_2
config_436,1152,12,18,0.1257834434509277,0.931308925151825,0.9954248666763306,0.1916379630565643,2.7249350750935264e-05,64,31056.0,7464969213233725440,4070607360,249050880,8,2.7249350750935264e-05,3191603200.0,5.851116711377362e+18,24342.0,1.7693991643092672,1.7890887135560396,bin_2
config_436,1152,12,18,0.1257834434509277,0.931308925151825,0.9954248666763306,0.1916379630565643,2.7249350750935264e-05,64,31056.0,7464969213233725440,4070607360,249050880,8,2.747371945985695e-08,4069785600.0,7.464969213233725e+18,31056.0,1.7138114485779747,1.7330386774852629,bin_2
config_437,768,19,6,0.0013912146678194,0.937439262866974,0.9763609170913696,0.2651500403881073,2.234501880593598e-05,128,42080.0,15412379100960522240,11031151616,173122560,8,2.234501880593598e-05,1599078400.0,2.2290812549535585e+18,6086.0,2.2297450490271458,2.2529269691959755,bin_2
config_437,768,19,6,0.0013912146678194,0.937439262866974,0.9763609170913696,0.2651500403881073,2.234501880593598e-05,128,42080.0,15412379100960522240,11031151616,173122560,8,2.234501880593598e-05,3185049600.0,4.4577962461452114e+18,12171.0,1.9610804303552285,1.9823950586358052,bin_2
config_437,768,19,6,0.0013912146678194,0.937439262866974,0.9763609170913696,0.2651500403881073,2.234501880593598e-05,128,42080.0,15412379100960522240,11031151616,173122560,8,2.234501880593598e-05,4784128000.0,6.68687750109877e+18,18257.0,1.8539923132052187,1.8732627005459832,bin_2
config_437,768,19,6,0.0013912146678194,0.937439262866974,0.9763609170913696,0.2651500403881073,2.234501880593598e-05,128,42080.0,15412379100960522240,11031151616,173122560,8,2.234501880593598e-05,6383206400.0,8.915592492290423e+18,24342.0,1.7932873520303945,1.811511092107804,bin_2
config_437,768,19,6,0.0013912146678194,0.937439262866974,0.9763609170913696,0.2651500403881073,2.234501880593598e-05,128,42080.0,15412379100960522240,11031151616,173122560,8,2.234501880593598e-05,7982284800.0,1.1144673747243985e+19,30428.0,1.751710632785422,1.7693692120372273,bin_2
config_437,768,19,6,0.0013912146678194,0.937439262866974,0.9763609170913696,0.2651500403881073,2.234501880593598e-05,128,42080.0,15412379100960522240,11031151616,173122560,8,1.1175513573283388e-05,9568256000.0,1.337375500219754e+19,36514.0,1.7140661373099342,1.731730595006317,bin_2
config_437,768,19,6,0.0013912146678194,0.937439262866974,0.9763609170913696,0.2651500403881073,2.234501880593598e-05,128,42080.0,15412379100960522240,11031151616,173122560,8,6.00834063079759e-08,11023155200.0,1.5412379100960522e+19,42080.0,1.6951658293849132,1.7122517351635167,bin_2
config_438,768,22,12,0.0256236288696527,0.8854967355728149,0.9660998582839966,0.0225114412605762,0.0083476500585675,128,57345.0,23769767859921616896,15032799232,194360832,8,0.0083476500585675,1599078400.0,2.5226751625334897e+18,6086.0,3.558343656571185,3.596630629867804,bin_2
config_438,768,22,12,0.0256236288696527,0.8854967355728149,0.9660998582839966,0.0225114412605762,0.0083476500585675,128,57345.0,23769767859921616896,15032799232,194360832,8,0.0083476500585675,3185049600.0,5.04493582043955e+18,12171.0,3.299288400743829,3.3333780183948454,bin_2
config_438,768,22,12,0.0256236288696527,0.8854967355728149,0.9660998582839966,0.0225114412605762,0.0083476500585675,128,57345.0,23769767859921616896,15032799232,194360832,8,0.0083476500585675,4784128000.0,7.56761098297304e+18,18257.0,3.3117684748524523,3.3458296987267797,bin_2
config_438,768,22,12,0.0256236288696527,0.8854967355728149,0.9660998582839966,0.0225114412605762,0.0083476500585675,128,57345.0,23769767859921616896,15032799232,194360832,8,0.0083476500585675,6383206400.0,1.00898716408791e+19,24342.0,3.384176790206159,3.414791780573423,bin_2
config_438,768,22,12,0.0256236288696527,0.8854967355728149,0.9660998582839966,0.0225114412605762,0.0083476500585675,128,57345.0,23769767859921616896,15032799232,194360832,8,0.0083476500585675,7982284800.0,1.261254680341259e+19,30428.0,3.409347984790802,3.4435360837764426,bin_2
config_438,768,22,12,0.0256236288696527,0.8854967355728149,0.9660998582839966,0.0225114412605762,0.0083476500585675,128,57345.0,23769767859921616896,15032799232,194360832,8,0.0083476500585675,9568256000.0,1.513522196594608e+19,36514.0,3.418052742950252,3.4535217108492,bin_2
config_438,768,22,12,0.0256236288696527,0.8854967355728149,0.9660998582839966,0.0225114412605762,0.0083476500585675,128,57345.0,23769767859921616896,15032799232,194360832,8,0.0083476500585675,11167334400.0,1.765748262385214e+19,42599.0,3.5921574633629594,3.629560983298255,bin_2
config_438,768,22,12,0.0256236288696527,0.8854967355728149,0.9660998582839966,0.0225114412605762,0.0083476500585675,128,57345.0,23769767859921616896,15032799232,194360832,8,0.0083476500585675,12766412800.0,2.018015778638563e+19,48685.0,3.5035039637127863,3.5393050409926743,bin_2
config_438,768,22,12,0.0256236288696527,0.8854967355728149,0.9660998582839966,0.0225114412605762,0.0083476500585675,128,57345.0,23769767859921616896,15032799232,194360832,8,0.0083476500585675,14352384000.0,2.270241844429169e+19,54770.0,3.463838373520335,3.496648489139119,bin_2
config_438,768,22,12,0.0256236288696527,0.8854967355728149,0.9660998582839966,0.0225114412605762,0.0083476500585675,128,57345.0,23769767859921616896,15032799232,194360832,8,0.0002911970950663,15020851200.0,2.3769767859921617e+19,57345.0,3.3528839068725462,3.387899815371779,bin_2
config_439,256,17,16,0.0056647234596312,0.8207029700279236,0.9441677927970886,0.0504670888185501,0.0005815839977003,32,3367.0,59830976986152960,220712576,27363328,16,0.0005815839977003,111411200.0,2.990660358410913e+16,1683.0,2.614146155842015,2.6410544961397764,bin_0
config_439,256,17,16,0.0056647234596312,0.8207029700279236,0.9441677927970886,0.0504670888185501,0.0005815839977003,32,3367.0,59830976986152960,220712576,27363328,16,5.85025323130543e-05,219545600.0,5.983097698615296e+16,3367.0,2.2453021138613343,2.2674181096671058,bin_0
config_44,512,10,8,0.1910098493099212,0.8299545645713806,0.9952585697174072,0.1549912691116333,0.0001025907331495,64,34857.0,2214785461987049472,4568900608,59831296,16,0.0001025907331495,1592524800.0,7.733354522146019e+17,12171.0,1.8916506469836,1.911455864828141,bin_1
config_44,512,10,8,0.1910098493099212,0.8299545645713806,0.9952585697174072,0.1549912691116333,0.0001025907331495,64,34857.0,2214785461987049472,4568900608,59831296,16,0.0001025907331495,3191603200.0,1.5466709044292037e+18,24342.0,1.790532519231077,1.8096817750618104,bin_1
config_44,512,10,8,0.1910098493099212,0.8299545645713806,0.9952585697174072,0.1549912691116333,0.0001025907331495,64,34857.0,2214785461987049472,4568900608,59831296,16,1.3293875084171466e-07,4567859200.0,2.2147854619870492e+18,34857.0,1.717010974415013,1.734441689780501,bin_1
config_440,256,16,4,0.0112751871347427,0.9399657845497132,0.979595959186554,0.2927257716655731,0.0009727148571982,64,43915.0,1494733602929246208,5756110848,26510848,16,0.0009727148571982,1592524800.0,4.142639799897952e+17,12171.0,1.8714832645947816,1.891488409863144,bin_1
config_440,256,16,4,0.0112751871347427,0.9399657845497132,0.979595959186554,0.2927257716655731,0.0009727148571982,64,43915.0,1494733602929246208,5756110848,26510848,16,0.0009727148571982,3191603200.0,8.285279599795904e+17,24342.0,1.8187818473675208,1.8384280407624167,bin_1
config_440,256,16,4,0.0112751871347427,0.9399657845497132,0.979595959186554,0.2927257716655731,0.0009727148571982,64,43915.0,1494733602929246208,5756110848,26510848,16,0.0005610797873298,4784128000.0,1.2428259769408742e+18,36514.0,1.7765043208247326,1.7942206747414635,bin_1
config_440,256,16,4,0.0112751871347427,0.9399657845497132,0.979595959186554,0.2927257716655731,0.0009727148571982,64,43915.0,1494733602929246208,5756110848,26510848,16,1.1350231705931383e-06,5754060800.0,1.4947336029292462e+18,43915.0,1.7400374913997338,1.757462731033075,bin_1
config_441,640,17,16,0.1444144994020462,0.9585089683532716,0.9383854269981384,0.0193174853920936,0.0021046076435595,64,37102.0,4758619254602465280,4863114752,118543360,8,0.0021046076435595,1592524800.0,1.5610251454845184e+18,12171.0,1.8296284895451345,1.8488101248467557,bin_1
config_441,640,17,16,0.1444144994020462,0.9585089683532716,0.9383854269981384,0.0193174853920936,0.0021046076435595,64,37102.0,4758619254602465280,4863114752,118543360,8,0.0021046076435595,3191603200.0,3.122050290969037e+18,24342.0,1.7957527724445843,1.8142868254419235,bin_1
config_441,640,17,16,0.1444144994020462,0.9585089683532716,0.9383854269981384,0.0193174853920936,0.0021046076435595,64,37102.0,4758619254602465280,4863114752,118543360,8,0.0017695164824341,4784128000.0,4.683203694209326e+18,36514.0,1.7686000560346198,1.7859352575169234,bin_1
config_441,640,17,16,0.1444144994020462,0.9585089683532716,0.9383854269981384,0.0193174853920936,0.0021046076435595,64,37102.0,4758619254602465280,4863114752,118543360,8,5.878792300445697e-06,4862771200.0,4.758619254602465e+18,37102.0,1.6776263434965102,1.6934940888647174,bin_1
config_443,384,11,6,0.0024962285533547,0.8575440645217896,0.9386717677116394,0.1234442591667175,0.0060745133087038,64,11015.0,485762069399961600,1443862400,38779392,16,0.0060745133087038,720896000.0,2.428589846741342e+17,5507.0,1.96956570164102,1.990990282433932,bin_0
config_443,384,11,6,0.0024962285533547,0.8575440645217896,0.9386717677116394,0.1234442591667175,0.0060745133087038,64,11015.0,485762069399961600,1443862400,38779392,16,6.704760826383924e-05,1441792000.0,4.857620693999616e+17,11015.0,1.8291507487218888,1.8486140202303405,bin_0
config_444,960,7,20,0.0024611281696707,0.9126481413841248,0.9073897004127502,0.0365006998181343,0.000222373768338,64,15937.0,1920236803462840320,2088956288,125694720,16,0.000222373768338,1592524800.0,1.4664743762907845e+18,12171.0,1.7933573425011555,1.8127820077489636,bin_1
config_444,960,7,20,0.0024611281696707,0.9126481413841248,0.9073897004127502,0.0365006998181343,0.000222373768338,64,15937.0,1920236803462840320,2088956288,125694720,16,1.416149643460599e-05,2084044800.0,1.9202368034628403e+18,15937.0,1.7254911661148071,1.7442412585117777,bin_1
config_445,960,15,12,0.0025999851059168,0.8830950856208801,0.997972011566162,0.1923551112413406,4.298264320823364e-05,64,13221.0,2839987652766842880,1732948864,214183680,8,1.810240301848928e-05,1592524800.0,2.6144383724245704e+18,12171.0,1.832885757196145,1.8522305407680448,bin_1
config_445,960,15,12,0.0025999851059168,0.8830950856208801,0.997972011566162,0.1923551112413406,4.298264320823364e-05,64,13221.0,2839987652766842880,1732948864,214183680,8,3.549490787939114e-07,1730150400.0,2.839987652766843e+18,13221.0,1.8162159742292807,1.8356175408402424,bin_1
config_446,832,13,16,0.070756696164608,0.9360437393188475,0.9850977659225464,0.001352620194666,0.0043706325814127,32,3275.0,253622570998517760,214692064,152608768,8,0.0043706325814127,108134400.0,1.26772564496053e+17,1637.0,3.5726286276442107,3.610134766062752,bin_0
config_446,832,13,16,0.070756696164608,0.9360437393188475,0.9850977659225464,0.001352620194666,0.0043706325814127,32,3275.0,253622570998517760,214692064,152608768,8,0.0043706325814127,212992000.0,2.5362257099851776e+17,3275.0,3.52671032690611,3.558186828660183,bin_0
config_449,320,11,10,0.0261048432439565,0.8514614105224609,0.9400065541267396,0.224967673420906,0.0041894097812473,64,59833.0,2156311386862387200,7842455552,31415040,16,0.0041894097812473,1592524800.0,4.386286144686396e+17,12171.0,1.9110658355619088,1.9317375360551428,bin_1
config_449,320,11,10,0.0261048432439565,0.8514614105224609,0.9400065541267396,0.224967673420906,0.0041894097812473,64,59833.0,2156311386862387200,7842455552,31415040,16,0.0041894097812473,3191603200.0,8.772572289372792e+17,24342.0,1.8761614230421724,1.8963523084609235,bin_1
config_449,320,11,10,0.0261048432439565,0.8514614105224609,0.9400065541267396,0.224967673420906,0.0041894097812473,64,59833.0,2156311386862387200,7842455552,31415040,16,0.0041894097812473,4784128000.0,1.315921882237113e+18,36514.0,1.866086118416708,1.8847144537675573,bin_1
config_449,320,11,10,0.0261048432439565,0.8514614105224609,0.9400065541267396,0.224967673420906,0.0041894097812473,64,59833.0,2156311386862387200,7842455552,31415040,16,0.0034651336623051,6383206400.0,1.7545504967057528e+18,48685.0,1.837891320830486,1.8559539920384769,bin_1
config_449,320,11,10,0.0261048432439565,0.8514614105224609,0.9400065541267396,0.224967673420906,0.0041894097812473,64,59833.0,2156311386862387200,7842455552,31415040,16,1.0271212688051264e-05,7838105600.0,2.1563113868623872e+18,59833.0,1.7310952065811782,1.7476936149597169,bin_1
config_450,576,23,12,0.0035565963480621,0.8183761835098267,0.9914408326148988,0.0851434171199798,4.383165287435986e-05,64,17173.0,2360772572134440960,2251010560,120556800,8,4.383165287435986e-05,1592524800.0,1.6731475557822326e+18,12171.0,1.9468866995123568,1.9672285870255015,bin_1
config_450,576,23,12,0.0035565963480621,0.8183761835098267,0.9914408326148988,0.0851434171199798,4.383165287435986e-05,64,17173.0,2360772572134440960,2251010560,120556800,8,6.895540465870579e-07,2247884800.0,2.360772572134441e+18,17173.0,1.849507224520699,1.8695020129055275,bin_1
config_451,960,8,10,0.0013068965636193,0.9212535619735718,0.9555465579032898,0.0001451253920095,0.0065238415263593,64,21299.0,2817371601462067200,2791741184,136755840,16,0.0065238415263593,1592524800.0,1.6099455261465242e+18,12171.0,2.7408737265477416,2.7700227008882115,bin_1
config_451,960,8,10,0.0013068965636193,0.9212535619735718,0.9555465579032898,0.0001451253920095,0.0065238415263593,64,21299.0,2817371601462067200,2791741184,136755840,16,0.0065238415263593,2785280000.0,2.817371601462067e+18,21299.0,2.6723512743340163,2.6938506775215023,bin_1
config_452,1088,11,16,0.0462528690695762,0.8532684445381165,0.9478209018707277,0.1955594718456268,0.0003090526734013,64,15970.0,3342233581983645696,2093311872,217108224,8,0.0003090526734013,1592524800.0,2.547171253996428e+18,12171.0,1.726427177777056,1.7437711201144046,bin_1
config_452,1088,11,16,0.0462528690695762,0.8532684445381165,0.9478209018707277,0.1955594718456268,0.0003090526734013,64,15970.0,3342233581983645696,2093311872,217108224,8,1.9792038002005e-06,2090598400.0,3.3422335819836457e+18,15970.0,1.6371117192409077,1.6541085589127462,bin_1
config_453,896,5,14,0.1221770644187927,0.8414026498794556,0.9015281796455384,0.1546180844306945,6.624501111218706e-05,128,39983.0,7160619425557118976,10481522688,95520768,16,6.624501111218706e-05,1599078400.0,1.08995147497538e+18,6086.0,2.02335322567674,2.0453885134712597,bin_2
config_453,896,5,14,0.1221770644187927,0.8414026498794556,0.9015281796455384,0.1546180844306945,6.624501111218706e-05,128,39983.0,7160619425557118976,10481522688,95520768,16,6.624501111218706e-05,3185049600.0,2.179723858351192e+18,12171.0,1.8754111610865984,1.8960310955516628,bin_2
config_453,896,5,14,0.1221770644187927,0.8414026498794556,0.9015281796455384,0.1546180844306945,6.624501111218706e-05,128,39983.0,7160619425557118976,10481522688,95520768,16,6.624501111218706e-05,4784128000.0,3.269675333326572e+18,18257.0,1.812188150882721,1.830209146913935,bin_2
config_453,896,5,14,0.1221770644187927,0.8414026498794556,0.9015281796455384,0.1546180844306945,6.624501111218706e-05,128,39983.0,7160619425557118976,10481522688,95520768,16,6.624501111218706e-05,6383206400.0,4.359447716702383e+18,24342.0,1.7735447001066365,1.7909063370110558,bin_2
config_453,896,5,14,0.1221770644187927,0.8414026498794556,0.9015281796455384,0.1546180844306945,6.624501111218706e-05,128,39983.0,7160619425557118976,10481522688,95520768,16,6.624501111218706e-05,7982284800.0,5.449399191677764e+18,30428.0,1.746963957294089,1.7644469207232116,bin_2
config_453,896,5,14,0.1221770644187927,0.8414026498794556,0.9015281796455384,0.1546180844306945,6.624501111218706e-05,128,39983.0,7160619425557118976,10481522688,95520768,16,3.732309506692778e-05,9568256000.0,6.539350666653144e+18,36514.0,1.7134603851740478,1.731288320861879,bin_2
config_453,896,5,14,0.1221770644187927,0.8414026498794556,0.9015281796455384,0.1546180844306945,6.624501111218706e-05,128,39983.0,7160619425557118976,10481522688,95520768,16,3.536210557590001e-07,10472652800.0,7.160619425557119e+18,39983.0,1.6934102006818428,1.710874388257011,bin_2
config_457,704,22,8,0.0076647796668112,0.9031093120574952,0.9969581961631776,0.0358837209641933,8.931838237913325e-05,64,29629.0,5536566375599407104,3883570944,174199168,8,8.931838237913325e-05,1592524800.0,2.274310619913611e+18,12171.0,1.7877275910533843,1.8061731438363184,bin_1
config_457,704,22,8,0.0076647796668112,0.9031093120574952,0.9969581961631776,0.0358837209641933,8.931838237913325e-05,64,29629.0,5536566375599407104,3883570944,174199168,8,8.931838237913325e-05,3191603200.0,4.548621239827222e+18,24342.0,1.6825792588757686,1.7005746408954996,bin_1
config_457,704,22,8,0.0076647796668112,0.9031093120574952,0.9969581961631776,0.0358837209641933,8.931838237913325e-05,64,29629.0,5536566375599407104,3883570944,174199168,8,2.4367197450563216e-06,3879731200.0,5.536566375599407e+18,29629.0,1.634290408482317,1.6516169949242323,bin_1
config_458,384,12,16,0.0198859944939613,0.8173035383224487,0.9750396013259888,0.030469162389636,0.0001936872431542,64,10031.0,468738617212108800,1314884992,40549632,16,0.0001936872431542,655360000.0,2.3434594410514662e+17,5015.0,2.0672313688622146,2.0888315693276827,bin_0
config_458,384,12,16,0.0198859944939613,0.8173035383224487,0.9750396013259888,0.030469162389636,0.0001936872431542,64,10031.0,468738617212108800,1314884992,40549632,16,1.968624438617196e-05,1310720000.0,4.687386172121088e+17,10031.0,1.900407739115543,1.9213923013796568,bin_0
config_459,256,20,16,0.0063249212689697,0.8187616467475891,0.9658255577087402,0.2439539581537246,0.0004558377258945,32,12549.0,251092470143483904,822469952,29920768,16,0.0004558377258945,409600000.0,1.2553623059050269e+17,6274.0,2.117706163320385,2.139740839160857,bin_0
config_459,256,20,16,0.0063249212689697,0.8187616467475891,0.9658255577087402,0.2439539581537246,0.0004558377258945,32,12549.0,251092470143483904,822469952,29920768,16,7.296977644178943e-06,819200000.0,2.510924701434839e+17,12549.0,1.9520492499382769,1.972177133677436,bin_0
config_46,832,22,16,0.0036375320050865,0.851310133934021,0.9188998341560364,0.0943441689014434,0.0005128267221152,32,5158.0,617137232048123904,338079648,229300864,8,0.0005128267221152,170393600.0,3.0856861602406195e+17,2579.0,2.1180388231746488,2.139109604280503,bin_0
config_46,832,22,16,0.0036375320050865,0.851310133934021,0.9188998341560364,0.0943441689014434,0.0005128267221152,32,5158.0,617137232048123904,338079648,229300864,8,8.441592133584769e-06,337510400.0,6.171372320481239e+17,5158.0,1.908745706140018,1.9291815391524891,bin_0
config_460,896,23,8,0.0010162896942347,0.8859100937843323,0.998332679271698,0.2034689038991928,1.3384660633164458e-05,128,39655.0,22553382701624721408,10395551744,277218816,8,1.3384660633164458e-05,1599078400.0,3.4613513333019305e+18,6086.0,2.3172447941733187,2.340306963021638,bin_2
config_460,896,23,8,0.0010162896942347,0.8859100937843323,0.998332679271698,0.2034689038991928,1.3384660633164458e-05,128,39655.0,22553382701624721408,10395551744,277218816,8,1.3384660633164458e-05,3185049600.0,6.922133926654255e+18,12171.0,2.021540182828903,2.041771965867184,bin_2
config_460,896,23,8,0.0010162896942347,0.8859100937843323,0.998332679271698,0.2034689038991928,1.3384660633164458e-05,128,39655.0,22553382701624721408,10395551744,277218816,8,1.3384660633164458e-05,4784128000.0,1.0383485259956183e+19,18257.0,1.9026082047673525,1.919568847984564,bin_2
config_460,896,23,8,0.0010162896942347,0.8859100937843323,0.998332679271698,0.2034689038991928,1.3384660633164458e-05,128,39655.0,22553382701624721408,10395551744,277218816,8,1.3384660633164458e-05,6383206400.0,1.384426785330851e+19,24342.0,1.830445682083974,1.8474186533005512,bin_2
config_460,896,23,8,0.0010162896942347,0.8859100937843323,0.998332679271698,0.2034689038991928,1.3384660633164458e-05,128,39655.0,22553382701624721408,10395551744,277218816,8,1.3384660633164458e-05,7982284800.0,1.730561918661044e+19,30428.0,1.782291434045698,1.799137100137648,bin_2
config_460,896,23,8,0.0010162896942347,0.8859100937843323,0.998332679271698,0.2034689038991928,1.3384660633164458e-05,128,39655.0,22553382701624721408,10395551744,277218816,8,5.234085807837614e-06,9568256000.0,2.076697051991237e+19,36514.0,1.736985084131116,1.7555781339621934,bin_2
config_460,896,23,8,0.0010162896942347,0.8859100937843323,0.998332679271698,0.2034689038991928,1.3384660633164458e-05,128,39655.0,22553382701624721408,10395551744,277218816,8,8.294906193087446e-09,10394009600.0,2.255338270162472e+19,39655.0,1.7248547750418304,1.743324271596846,bin_2
config_462,320,19,4,0.1991513073444366,0.9216235876083374,0.9048609733581544,0.1871036887168884,0.0005288657266646,64,10725.0,568934579884032000,1405766400,42561280,16,0.0005288657266646,701235200.0,2.8444076618537805e+17,5362.0,1.960786569704775,1.979331133404716,bin_0
config_462,320,19,4,0.1991513073444366,0.9216235876083374,0.9048609733581544,0.1871036887168884,0.0005288657266646,64,10725.0,568934579884032000,1405766400,42561280,16,6.591048437994303e-06,1402470400.0,5.68934579884032e+17,10725.0,1.8114496786867984,1.8293177496409807,bin_0
config_463,576,22,8,0.0062254699878394,0.9400070905685424,0.9493823647499084,0.1312830150127411,5.251553011476062e-05,64,40943.0,5424060688360538112,5366544384,116574336,8,5.251553011476062e-05,1592524800.0,1.6123938802246075e+18,12171.0,1.9310518489313908,1.9516737382529208,bin_1
config_463,576,22,8,0.0062254699878394,0.9400070905685424,0.9493823647499084,0.1312830150127411,5.251553011476062e-05,64,40943.0,5424060688360538112,5366544384,116574336,8,5.251553011476062e-05,3191603200.0,3.2247877604492155e+18,24342.0,1.7920329975690998,1.8111995997194383,bin_1
config_463,576,22,8,0.0062254699878394,0.9400070905685424,0.9493823647499084,0.1312830150127411,5.251553011476062e-05,64,40943.0,5424060688360538112,5366544384,116574336,8,4.340958145114074e-05,4784128000.0,4.837314119014158e+18,36514.0,1.7300717148624485,1.7472454092541678,bin_1
config_463,576,22,8,0.0062254699878394,0.9400070905685424,0.9493823647499084,0.1312830150127411,5.251553011476062e-05,64,40943.0,5424060688360538112,5366544384,116574336,8,4.2012424091809e-07,5360844800.0,5.424060688360538e+18,40943.0,1.6973001624521662,1.7141894650654714,bin_1
config_464,384,15,12,0.1077658832073211,0.8639999032020569,0.9298667311668396,0.255592405796051,5.705048170057125e-05,32,10425.0,284672218886553600,683243200,45860352,16,5.705048170057125e-05,340787200.0,1.4232245609944531e+17,5212.0,2.5609162816845004,2.5882506157921963,bin_0
config_464,384,15,12,0.1077658832073211,0.8639999032020569,0.9298667311668396,0.255592405796051,5.705048170057125e-05,32,10425.0,284672218886553600,683243200,45860352,16,5.353836495924422e-07,681574400.0,2.846722188865536e+17,10425.0,2.278974591474064,2.302696764508232,bin_0
config_465,1088,8,16,0.0015990562969818,0.8089659810066223,0.9602773189544678,0.0939427092671394,0.0001080675210687,64,13277.0,2176671023850848256,1740371968,172815744,16,9.766808038850224e-05,1592524800.0,1.9953500814407373e+18,12171.0,1.7872169706860526,1.8059772092006243,bin_1
config_465,1088,8,16,0.0015990562969818,0.8089659810066223,0.9602773189544678,0.0939427092671394,0.0001080675210687,64,13277.0,2176671023850848256,1740371968,172815744,16,2.339874153051965e-06,1736704000.0,2.1766710238508485e+18,13277.0,1.7468903861671197,1.765338520378363,bin_1
config_467,896,10,14,0.0138049609959125,0.811149537563324,0.9756145477294922,0.0590475834906101,1.9745435565710068e-05,64,66493.0,9552466924089901056,8715414528,145992448,16,1.9745435565710068e-05,1592524800.0,1.7485009690207718e+18,12171.0,2.116627652410601,2.1390428412937728,bin_2
config_467,896,10,14,0.0138049609959125,0.811149537563324,0.9756145477294922,0.0590475834906101,1.9745435565710068e-05,64,66493.0,9552466924089901056,8715414528,145992448,16,1.9745435565710068e-05,3191603200.0,3.497001938041544e+18,24342.0,1.9152512974817244,1.936361032157648,bin_2
config_467,896,10,14,0.0138049609959125,0.811149537563324,0.9756145477294922,0.0590475834906101,1.9745435565710068e-05,64,66493.0,9552466924089901056,8715414528,145992448,16,1.9745435565710068e-05,4784128000.0,5.245646568303711e+18,36514.0,1.8343415667189928,1.852779676679705,bin_2
config_467,896,10,14,0.0138049609959125,0.811149537563324,0.9756145477294922,0.0590475834906101,1.9745435565710068e-05,64,66493.0,9552466924089901056,8715414528,145992448,16,1.9745435565710068e-05,6383206400.0,6.994147537324483e+18,48685.0,1.7852416679898246,1.8026097875344949,bin_2
config_467,896,10,14,0.0138049609959125,0.811149537563324,0.9756145477294922,0.0590475834906101,1.9745435565710068e-05,64,66493.0,9552466924089901056,8715414528,145992448,16,1.9745435565710068e-05,7975731200.0,8.742648506345254e+18,60856.0,1.7506581927518376,1.768230068449114,bin_2
config_467,896,10,14,0.0138049609959125,0.811149537563324,0.9756145477294922,0.0590475834906101,1.9745435565710068e-05,64,66493.0,9552466924089901056,8715414528,145992448,16,2.162643222938187e-07,8709734400.0,9.5524669240899e+18,66493.0,1.720104170001921,1.7394778941889275,bin_2
config_468,576,20,24,0.1477396190166473,0.9021043181419371,0.9312154650688172,0.2174163460731506,0.0002618669532239,32,8055.0,493416682715860992,527927136,108609408,8,0.0002618669532239,265420800.0,2.466777133825912e+17,4027.0,2.1364780712127684,2.157382745547373,bin_0
config_468,576,20,24,0.1477396190166473,0.9021043181419371,0.9312154650688172,0.2174163460731506,0.0002618669532239,32,8055.0,493416682715860992,527927136,108609408,8,7.477640012106012e-07,527564800.0,4.93416682715861e+17,8055.0,1.9175895812863208,1.9384237733434455,bin_0
config_47,896,22,16,0.0674669817090034,0.891569197177887,0.925190269947052,0.0611584968864917,2.1164072677493092e-05,128,52002.0,28449694166331949056,13632206848,267124480,8,2.1164072677493092e-05,1599078400.0,3.329580375683556e+18,6086.0,2.239806238608282,2.2628969751615995,bin_2
config_47,896,22,16,0.0674669817090034,0.891569197177887,0.925190269947052,0.0611584968864917,2.1164072677493092e-05,128,52002.0,28449694166331949056,13632206848,267124480,8,2.1164072677493092e-05,3185049600.0,6.658613662905776e+18,12171.0,1.949143372266019,1.970159493958364,bin_2
config_47,896,22,16,0.0674669817090034,0.891569197177887,0.925190269947052,0.0611584968864917,2.1164072677493092e-05,128,52002.0,28449694166331949056,13632206848,267124480,8,2.1164072677493092e-05,4784128000.0,9.98819403858933e+18,18257.0,1.8411722032554811,1.8593831067788795,bin_2
config_47,896,22,16,0.0674669817090034,0.891569197177887,0.925190269947052,0.0611584968864917,2.1164072677493092e-05,128,52002.0,28449694166331949056,13632206848,267124480,8,2.1164072677493092e-05,6383206400.0,1.3317227325811552e+19,24342.0,1.7796644830703736,1.7961939591071645,bin_2
config_47,896,22,16,0.0674669817090034,0.891569197177887,0.925190269947052,0.0611584968864917,2.1164072677493092e-05,128,52002.0,28449694166331949056,13632206848,267124480,8,2.1164072677493092e-05,7982284800.0,1.6646807701495106e+19,30428.0,1.7369077321935873,1.753311961811097,bin_2
config_47,896,22,16,0.0674669817090034,0.891569197177887,0.925190269947052,0.0611584968864917,2.1164072677493092e-05,128,52002.0,28449694166331949056,13632206848,267124480,8,2.1164072677493092e-05,9568256000.0,1.997638807717866e+19,36514.0,1.7029713825124209,1.72044480288615,bin_2
config_47,896,22,16,0.0674669817090034,0.891569197177887,0.925190269947052,0.0611584968864917,2.1164072677493092e-05,128,52002.0,28449694166331949056,13632206848,267124480,8,2.1164072677493092e-05,11167334400.0,2.330542136440089e+19,42599.0,1.678341248426281,1.6950076645124157,bin_2
config_47,896,22,16,0.0674669817090034,0.891569197177887,0.925190269947052,0.0611584968864917,2.1164072677493092e-05,128,52002.0,28449694166331949056,13632206848,267124480,8,2.1164072677493092e-05,12766412800.0,2.663500174008444e+19,48685.0,1.6587440309368195,1.6748967572509266,bin_2
config_47,896,22,16,0.0674669817090034,0.891569197177887,0.925190269947052,0.0611584968864917,2.1164072677493092e-05,128,52002.0,28449694166331949056,13632206848,267124480,8,1.3310737533016476e-08,13631488000.0,2.844969416633195e+19,52002.0,1.633012287206337,1.647354616180795,bin_2
config_471,1152,18,12,0.0369792580604553,0.93490332365036,0.9554860591888428,0.1531489193439483,0.0042035672813653,128,50758.0,34290499284094943232,13306108928,344616192,8,0.0042035672813653,1599078400.0,4.1115090949801375e+18,6086.0,1.698046536426075,1.7161805634420426,bin_2
config_471,1152,18,12,0.0369792580604553,0.93490332365036,0.9554860591888428,0.1531489193439483,0.0042035672813653,128,50758.0,34290499284094943232,13306108928,344616192,8,0.0042035672813653,3185049600.0,8.222342621591071e+18,12171.0,1.6298104798207518,1.646924443166764,bin_2
config_471,1152,18,12,0.0369792580604553,0.93490332365036,0.9554860591888428,0.1531489193439483,0.0042035672813653,128,50758.0,34290499284094943232,13306108928,344616192,8,0.0042035672813653,4784128000.0,1.2333851716571208e+19,18257.0,1.6060748075852629,1.6215055247799297,bin_2
config_471,1152,18,12,0.0369792580604553,0.93490332365036,0.9554860591888428,0.1531489193439483,0.0042035672813653,128,50758.0,34290499284094943232,13306108928,344616192,8,0.0042035672813653,6383206400.0,1.644468524318214e+19,24342.0,1.5921272992892344,1.607063262618956,bin_2
config_471,1152,18,12,0.0369792580604553,0.93490332365036,0.9554860591888428,0.1531489193439483,0.0042035672813653,128,50758.0,34290499284094943232,13306108928,344616192,8,0.0042035672813653,7982284800.0,2.055619433816228e+19,30428.0,1.5835822448574128,1.5982821748686618,bin_2
config_471,1152,18,12,0.0369792580604553,0.93490332365036,0.9554860591888428,0.1531489193439483,0.0042035672813653,128,50758.0,34290499284094943232,13306108928,344616192,8,0.0042035672813653,9568256000.0,2.466770343314241e+19,36514.0,1.577972357703037,1.592199520048548,bin_2
config_471,1152,18,12,0.0369792580604553,0.93490332365036,0.9554860591888428,0.1531489193439483,0.0042035672813653,128,50758.0,34290499284094943232,13306108928,344616192,8,0.0042035672813653,11167334400.0,2.8778536959753347e+19,42599.0,1.5711345009823314,1.585893497017563,bin_2
config_471,1152,18,12,0.0369792580604553,0.93490332365036,0.9554860591888428,0.1531489193439483,0.0042035672813653,128,50758.0,34290499284094943232,13306108928,344616192,8,0.0011129475704425,12766412800.0,3.289004605473349e+19,48685.0,1.4772339601497182,1.4900402207843593,bin_2
config_471,1152,18,12,0.0369792580604553,0.93490332365036,0.9554860591888428,0.1531489193439483,0.0042035672813653,128,50758.0,34290499284094943232,13306108928,344616192,8,4.326326804440957e-06,13303808000.0,3.4290499284094943e+19,50758.0,1.4428673833510914,1.4548607131496805,bin_2
config_472,896,7,4,0.0112031530588865,0.8318111300468445,0.9452764391899108,0.0528621412813663,0.0030265511013567,64,21255.0,2363384513657438208,2785969664,115709440,16,0.0030265511013567,1592524800.0,1.353317003797915e+18,12171.0,1.7892197743400198,1.8073371451409137,bin_1
config_472,896,7,4,0.0112031530588865,0.8318111300468445,0.9452764391899108,0.0528621412813663,0.0030265511013567,64,21255.0,2363384513657438208,2785969664,115709440,16,1.3475294307020366e-05,2785280000.0,2.363384513657438e+18,21255.0,1.6831315903976316,1.6998638974252294,bin_1
config_475,576,22,12,0.1206451654434204,0.982081413269043,0.910350501537323,0.0139491502195596,0.0024615789297968,128,56476.0,14963691382869196800,14805017600,116574336,8,0.0024615789297968,1599078400.0,1.6125261306774902e+18,6086.0,1.8812733420387644,1.8993940015894468,bin_2
config_475,576,22,12,0.1206451654434204,0.982081413269043,0.910350501537323,0.0139491502195596,0.0024615789297968,128,56476.0,14963691382869196800,14805017600,116574336,8,0.0024615789297968,3185049600.0,3.2247873047117537e+18,12171.0,1.9321809761250608,1.9508655431036088,bin_2
config_475,576,22,12,0.1206451654434204,0.982081413269043,0.910350501537323,0.0139491502195596,0.0024615789297968,128,56476.0,14963691382869196800,14805017600,116574336,8,0.0024615789297968,4784128000.0,4.837313435389243e+18,18257.0,3.8320452731945474,3.849111161701015,bin_2
config_475,576,22,12,0.1206451654434204,0.982081413269043,0.910350501537323,0.0139491502195596,0.0024615789297968,128,56476.0,14963691382869196800,14805017600,116574336,8,0.0024615789297968,6383206400.0,6.449574609423507e+18,24342.0,3.286019272608835,3.3194625354985723,bin_2
config_475,576,22,12,0.1206451654434204,0.982081413269043,0.910350501537323,0.0139491502195596,0.0024615789297968,128,56476.0,14963691382869196800,14805017600,116574336,8,0.0024615789297968,7982284800.0,8.062100740100997e+18,30428.0,3.720831046104431,3.755964452985857,bin_2
config_475,576,22,12,0.1206451654434204,0.982081413269043,0.910350501537323,0.0139491502195596,0.0024615789297968,128,56476.0,14963691382869196800,14805017600,116574336,8,0.0024615789297968,9568256000.0,9.674626870778489e+18,36514.0,3.413460569381714,3.4502899378635843,bin_2
config_475,576,22,12,0.1206451654434204,0.982081413269043,0.910350501537323,0.0139491502195596,0.0024615789297968,128,56476.0,14963691382869196800,14805017600,116574336,8,0.0024615789297968,11167334400.0,1.128688804481275e+19,42599.0,3.360232021417774,3.395604558968153,bin_2
config_475,576,22,12,0.1206451654434204,0.982081413269043,0.910350501537323,0.0139491502195596,0.0024615789297968,128,56476.0,14963691382869196800,14805017600,116574336,8,0.0024615789297968,12766412800.0,1.289941417549024e+19,48685.0,3.2470923862691787,3.2814683486594527,bin_2
config_475,576,22,12,0.1206451654434204,0.982081413269043,0.910350501537323,0.0139491502195596,0.0024615789297968,128,56476.0,14963691382869196800,14805017600,116574336,8,0.0024615789297968,14352384000.0,1.4511675349524505e+19,54770.0,3.292872046095426,3.316684245633297,bin_2
config_475,576,22,12,0.1206451654434204,0.982081413269043,0.910350501537323,0.0139491502195596,0.0024615789297968,128,56476.0,14963691382869196800,14805017600,116574336,8,8.132281089544757e-05,14798028800.0,1.4963691382869197e+19,56476.0,3.205776186184805,3.238619812941942,bin_2
config_476,448,13,16,0.001475044991821,0.859876811504364,0.9494199752807616,0.0224562231451272,6.164417573018e-05,32,11265.0,350758126572650496,738314112,55336960,16,6.164417573018e-05,370278400.0,1.753634947942448e+17,5632.0,2.435027078448749,2.460484919860715,bin_0
config_476,448,13,16,0.001475044991821,0.859876811504364,0.9494199752807616,0.0224562231451272,6.164417573018e-05,32,11265.0,350758126572650496,738314112,55336960,16,3.66929617441548e-06,737280000.0,3.507581265726505e+17,11265.0,2.1516845115286407,2.173322971140752,bin_0
config_477,832,14,16,0.0020638527348637,0.8298234939575195,0.984631359577179,0.135431483387947,0.0001018697657855,64,46616.0,7655428202710499328,6110180864,161130112,8,0.0001018697657855,1592524800.0,1.9987604396599767e+18,12171.0,1.7988657680691265,1.8178743073588512,bin_2
config_477,832,14,16,0.0020638527348637,0.8298234939575195,0.984631359577179,0.135431483387947,0.0001018697657855,64,46616.0,7655428202710499328,6110180864,161130112,8,0.0001018697657855,3191603200.0,3.9975208793199534e+18,24342.0,1.6951532232370532,1.7131383092872432,bin_2
config_477,832,14,16,0.0020638527348637,0.8298234939575195,0.984631359577179,0.135431483387947,0.0001018697657855,64,46616.0,7655428202710499328,6110180864,161130112,8,0.0001018697657855,4784128000.0,5.996445542169452e+18,36514.0,1.648174665716828,1.6637377317225346,bin_2
config_477,832,14,16,0.0020638527348637,0.8298234939575195,0.984631359577179,0.135431483387947,0.0001018697657855,64,46616.0,7655428202710499328,6110180864,161130112,8,2.581841046362093e-07,6107955200.0,7.655428202710499e+18,46616.0,1.5911193972142017,1.6060758398986257,bin_2
config_478,640,18,10,0.0014902690891176,0.8973298072814941,0.9800864458084106,0.061700090765953,3.989475226262584e-05,64,29097.0,3908110876065792000,3813849600,123623680,8,3.989475226262584e-05,1592524800.0,1.634725829899878e+18,12171.0,1.952070954471338,1.973513015176429,bin_1
config_478,640,18,10,0.0014902690891176,0.8973298072814941,0.9800864458084106,0.061700090765953,3.989475226262584e-05,64,29097.0,3908110876065792000,3813849600,123623680,8,3.989475226262584e-05,3191603200.0,3.2694516597997563e+18,24342.0,1.8095399715861336,1.8298512425579008,bin_1
config_478,640,18,10,0.0014902690891176,0.8973298072814941,0.9800864458084106,0.061700090765953,3.989475226262584e-05,64,29097.0,3908110876065792000,3813849600,123623680,8,1.0445979701077478e-06,3807641600.0,3.908110876065792e+18,29097.0,1.7606145717667752,1.780467642506615,bin_1
config_479,960,14,20,0.0067977686412632,0.8826828598976135,0.9558453559875488,0.1384450197219848,0.0007258646073751,64,7903.0,1604548976206970880,1035948288,203122560,8,0.0007258646073751,517734400.0,8.021729729208835e+17,3951.0,1.8480779598775456,1.8674534446098765,bin_1
config_479,960,14,20,0.0067977686412632,0.8826828598976135,0.9558453559875488,0.1384450197219848,0.0007258646073751,64,7903.0,1604548976206970880,1035948288,203122560,8,1.9904879544107093e-06,1035468800.0,1.604548976206971e+18,7903.0,1.6886690253898746,1.7065916045962788,bin_1
config_48,832,19,8,0.0015813215868547,0.9412256479263306,0.9544350504875184,0.1884922683238983,0.0026103777345269,64,14346.0,3028745077980610560,1880362880,203736832,8,0.002119966532922,1592524800.0,2.569556416011572e+18,12171.0,1.736684694251076,1.754852896342512,bin_1
config_48,832,19,8,0.0015813215868547,0.9412256479263306,0.9544350504875184,0.1884922683238983,0.0026103777345269,64,14346.0,3028745077980610560,1880362880,203736832,8,4.440731353115438e-05,1874329600.0,3.0287450779806106e+18,14346.0,1.672864086119855,1.6904271220965463,bin_1
config_480,640,20,16,0.0188879147171974,0.8142209053039551,0.9528288245201112,0.0825691074132919,0.0005217669531702,128,59436.0,17405639807627427840,15580796928,133784320,8,0.0005217669531702,1599078400.0,1.7822653588602954e+18,6086.0,1.774747403195647,1.7931416960622444,bin_2
config_480,640,20,16,0.0188879147171974,0.8142209053039551,0.9528288245201112,0.0825691074132919,0.0005217669531702,128,59436.0,17405639807627427840,15580796928,133784320,8,0.0005217669531702,3185049600.0,3.564237870964288e+18,12171.0,1.6753714330274552,1.6932051514015822,bin_2
config_480,640,20,16,0.0188879147171974,0.8142209053039551,0.9528288245201112,0.0825691074132919,0.0005217669531702,128,59436.0,17405639807627427840,15580796928,133784320,8,0.0005217669531702,4784128000.0,5.346503229824584e+18,18257.0,1.6367848084012016,1.6529943405409329,bin_2
config_480,640,20,16,0.0188879147171974,0.8142209053039551,0.9528288245201112,0.0825691074132919,0.0005217669531702,128,59436.0,17405639807627427840,15580796928,133784320,8,0.0005217669531702,6383206400.0,7.128475741928576e+18,24342.0,1.6139727202595258,1.629684335091075,bin_2
config_480,640,20,16,0.0188879147171974,0.8142209053039551,0.9528288245201112,0.0825691074132919,0.0005217669531702,128,59436.0,17405639807627427840,15580796928,133784320,8,0.0005217669531702,7982284800.0,8.910741100788872e+18,30428.0,1.5985791944089482,1.6135372484902866,bin_2
config_480,640,20,16,0.0188879147171974,0.8142209053039551,0.9528288245201112,0.0825691074132919,0.0005217669531702,128,59436.0,17405639807627427840,15580796928,133784320,8,0.0005217669531702,9568256000.0,1.0693006459649167e+19,36514.0,1.5870312128692377,1.6018348441163048,bin_2
config_480,640,20,16,0.0188879147171974,0.8142209053039551,0.9528288245201112,0.0825691074132919,0.0005217669531702,128,59436.0,17405639807627427840,15580796928,133784320,8,0.0005217669531702,11167334400.0,1.247497897175316e+19,42599.0,1.5772380749612558,1.592015531942493,bin_2
config_480,640,20,16,0.0188879147171974,0.8142209053039551,0.9528288245201112,0.0825691074132919,0.0005217669531702,128,59436.0,17405639807627427840,15580796928,133784320,8,0.0005217669531702,12766412800.0,1.4257244330613457e+19,48685.0,1.5700472260694034,1.5848495207458246,bin_2
config_480,640,20,16,0.0188879147171974,0.8142209053039551,0.9528288245201112,0.0825691074132919,0.0005217669531702,128,59436.0,17405639807627427840,15580796928,133784320,8,0.0004982677690148,14352384000.0,1.6039216842717448e+19,54770.0,1.5670222626553207,1.577327839663771,bin_2
config_480,640,20,16,0.0188879147171974,0.8142209053039551,0.9528288245201112,0.0825691074132919,0.0005217669531702,128,59436.0,17405639807627427840,15580796928,133784320,8,3.827921400882542e-06,15571353600.0,1.7405639807627428e+19,59436.0,1.5195750491443227,1.5288305163090343,bin_2
config_481,1088,20,8,0.0058709871955215,0.9889749884605408,0.9005271792411804,0.1614757478237152,0.0025378183927387,32,12766.0,2204045043240370176,836633856,349985664,8,0.0025378183927387,419430400.0,1.1020225216201852e+18,6383.0,3.4998716495857862,3.529762824441566,bin_1
config_481,1088,20,8,0.0058709871955215,0.9889749884605408,0.9005271792411804,0.1614757478237152,0.0025378183927387,32,12766.0,2204045043240370176,836633856,349985664,8,1.97016469111206e-05,835584000.0,2.2040450432403704e+18,12766.0,3.440693393222621,3.468160229198268,bin_1
config_482,448,17,16,0.1264475286006927,0.8114882111549377,0.9503838419914246,0.0452058799564838,0.0001571544125908,64,10871.0,826017328920526848,1424965632,65433088,16,0.0001571544125908,714342400.0,4.129706726780483e+17,5435.0,2.034453519172356,2.055693057599615,bin_0
config_482,448,17,16,0.1264475286006927,0.8114882111549377,0.9503838419914246,0.0452058799564838,0.0001571544125908,64,10871.0,826017328920526848,1424965632,65433088,16,6.7214718216066654e-06,1422131200.0,8.260173289205268e+17,10871.0,1.859389841595634,1.8797825979404763,bin_0
config_484,960,6,8,0.0313409604132175,0.869844377040863,0.954807698726654,0.261494517326355,0.0091756051406264,32,7133.0,387680065318379520,467487424,114633600,16,0.0091756051406264,232652800.0,1.9381285755297088e+17,3566.0,3.440029722901641,3.441024604781729,bin_0
config_484,960,6,8,0.0313409604132175,0.869844377040863,0.954807698726654,0.261494517326355,0.0091756051406264,32,7133.0,387680065318379520,467487424,114633600,16,0.0001623565520861,465305600.0,3.876800653183795e+17,7133.0,3.228801069337813,3.263242667463959,bin_0
config_485,704,14,16,0.0511975660920143,0.8246739506721497,0.966161012649536,0.0696039199829101,0.0012334220809862,64,55250.0,7129193310190043136,7241805824,123725184,8,0.0012334220809862,1592524800.0,1.570487091010371e+18,12171.0,1.7602265456465425,1.778554433994606,bin_2
config_485,704,14,16,0.0511975660920143,0.8246739506721497,0.966161012649536,0.0696039199829101,0.0012334220809862,64,55250.0,7129193310190043136,7241805824,123725184,8,0.0012334220809862,3191603200.0,3.1409741820207427e+18,24342.0,1.701891513163926,1.7201309135116514,bin_2
config_485,704,14,16,0.0511975660920143,0.8246739506721497,0.966161012649536,0.0696039199829101,0.0012334220809862,64,55250.0,7129193310190043136,7241805824,123725184,8,0.0012334220809862,4784128000.0,4.71159030820415e+18,36514.0,1.6803009418190502,1.6964931391887978,bin_2
config_485,704,14,16,0.0511975660920143,0.8246739506721497,0.966161012649536,0.0696039199829101,0.0012334220809862,64,55250.0,7129193310190043136,7241805824,123725184,8,0.0012334220809862,6383206400.0,6.28207739921452e+18,48685.0,1.6665801666603717,1.68287257802291,bin_2
config_485,704,14,16,0.0511975660920143,0.8246739506721497,0.966161012649536,0.0696039199829101,0.0012334220809862,64,55250.0,7129193310190043136,7241805824,123725184,8,0.0,7241728000.0,7.129193310190043e+18,55250.0,1.573820300453999,1.5886200279876834,bin_2
config_486,640,16,10,0.074686087667942,0.8206585049629211,0.9659572839736938,0.0508006103336811,2.5044668291229755e-05,128,52798.0,12903922234388643840,13840809984,113463040,8,2.5044668291229755e-05,1599078400.0,1.4874288934900808e+18,6086.0,2.355259205728281,2.380010438453956,bin_2
config_486,640,16,10,0.074686087667942,0.8206585049629211,0.9659572839736938,0.0508006103336811,2.5044668291229755e-05,128,52798.0,12903922234388643840,13840809984,113463040,8,2.5044668291229755e-05,3185049600.0,2.97461338525596e+18,12171.0,2.033104066399277,2.054465698238279,bin_2
config_486,640,16,10,0.074686087667942,0.8206585049629211,0.9659572839736938,0.0508006103336811,2.5044668291229755e-05,128,52798.0,12903922234388643840,13840809984,113463040,8,2.5044668291229755e-05,4784128000.0,4.462042278746041e+18,18257.0,1.9142931113282189,1.9347018511373488,bin_2
config_486,640,16,10,0.074686087667942,0.8206585049629211,0.9659572839736938,0.0508006103336811,2.5044668291229755e-05,128,52798.0,12903922234388643840,13840809984,113463040,8,2.5044668291229755e-05,6383206400.0,5.94922677051192e+18,24342.0,1.848988098453303,1.8681333545387768,bin_2
config_486,640,16,10,0.074686087667942,0.8206585049629211,0.9659572839736938,0.0508006103336811,2.5044668291229755e-05,128,52798.0,12903922234388643840,13840809984,113463040,8,2.5044668291229755e-05,7982284800.0,7.436655664002001e+18,30428.0,1.8057409693178583,1.8247448806684523,bin_2
config_486,640,16,10,0.074686087667942,0.8206585049629211,0.9659572839736938,0.0508006103336811,2.5044668291229755e-05,128,52798.0,12903922234388643840,13840809984,113463040,8,2.5044668291229755e-05,9568256000.0,8.924084557492082e+18,36514.0,1.774961858323363,1.7929297973288865,bin_2
config_486,640,16,10,0.074686087667942,0.8206585049629211,0.9659572839736938,0.0508006103336811,2.5044668291229755e-05,128,52798.0,12903922234388643840,13840809984,113463040,8,2.5044668291229755e-05,11167334400.0,1.041126904925796e+19,42599.0,1.7505207647261072,1.768146917018734,bin_2
config_486,640,16,10,0.074686087667942,0.8206585049629211,0.9659572839736938,0.0508006103336811,2.5044668291229755e-05,128,52798.0,12903922234388643840,13840809984,113463040,8,2.5044668291229755e-05,12766412800.0,1.189869794274804e+19,48685.0,1.731493973477942,1.7486960010450394,bin_2
config_486,640,16,10,0.074686087667942,0.8206585049629211,0.9659572839736938,0.0508006103336811,2.5044668291229755e-05,128,52798.0,12903922234388643840,13840809984,113463040,8,4.482267255701079e-07,13828096000.0,1.2903922234388644e+19,52798.0,1.70543327440981,1.7218729799301895,bin_2
config_488,512,6,16,0.0230451170355081,0.8609876036643982,0.9257186055183412,0.0334363281726837,0.000126554412418,64,11906.0,550327016834334720,1560627840,46195712,16,0.000126554412418,779878400.0,2.7516350841716736e+17,5953.0,2.0888668302629814,2.11195318565994,bin_0
config_488,512,6,16,0.0230451170355081,0.8609876036643982,0.9257186055183412,0.0334363281726837,0.000126554412418,64,11906.0,550327016834334720,1560627840,46195712,16,1.9078554635886056e-06,1559756800.0,5.503270168343347e+17,11906.0,1.9287439281432357,1.9501519622568224,bin_0
config_49,448,17,16,0.0703160539269447,0.9858100414276124,0.9020612239837646,0.2340794652700424,9.315691568190232e-05,64,25754.0,1956795672432771072,3375675648,65433088,16,9.315691568190232e-05,1592524800.0,9.247557711104782e+17,12171.0,2.239551203250885,2.2607940257963586,bin_1
config_49,448,17,16,0.0703160539269447,0.9858100414276124,0.9020612239837646,0.2340794652700424,9.315691568190232e-05,64,25754.0,1956795672432771072,3375675648,65433088,16,2.169746344017765e-05,3191603200.0,1.8495115422209564e+18,24342.0,1.9553601142226675,1.9745403572770412,bin_1
config_49,448,17,16,0.0703160539269447,0.9858100414276124,0.9020612239837646,0.2340794652700424,9.315691568190232e-05,64,25754.0,1956795672432771072,3375675648,65433088,16,6.181613515720229e-08,3375104000.0,1.956795672432771e+18,25754.0,1.946280138062649,1.9654092502593996,bin_1
config_492,1152,15,8,0.0083908224478363,0.8502747416496277,0.9859278202056884,0.2702932059764862,0.0003547737433109,128,42498.0,24570515607431675904,11140765696,296833536,8,0.0003547737433109,1599078400.0,3.518663419145117e+18,6086.0,1.7208105137504517,1.7387049066238716,bin_2
config_492,1152,15,8,0.0083908224478363,0.8502747416496277,0.9859278202056884,0.2702932059764862,0.0003547737433109,128,42498.0,24570515607431675904,11140765696,296833536,8,0.0003547737433109,3185049600.0,7.036748681303848e+18,12171.0,1.6128435168891655,1.6299843203239754,bin_2
config_492,1152,15,8,0.0083908224478363,0.8502747416496277,0.9859278202056884,0.2702932059764862,0.0003547737433109,128,42498.0,24570515607431675904,11140765696,296833536,8,0.0003547737433109,4784128000.0,1.0555412100448965e+19,18257.0,1.5675706923007966,1.5826486359072514,bin_2
config_492,1152,15,8,0.0083908224478363,0.8502747416496277,0.9859278202056884,0.2702932059764862,0.0003547737433109,128,42498.0,24570515607431675904,11140765696,296833536,8,0.0003547737433109,6383206400.0,1.4073497362607696e+19,24342.0,1.539754900893227,1.5546717037920093,bin_2
config_492,1152,15,8,0.0083908224478363,0.8502747416496277,0.9859278202056884,0.2702932059764862,0.0003547737433109,128,42498.0,24570515607431675904,11140765696,296833536,8,0.0003547737433109,7982284800.0,1.7592160781752812e+19,30428.0,1.5213847371203,1.535811935076948,bin_2
config_492,1152,15,8,0.0083908224478363,0.8502747416496277,0.9859278202056884,0.2702932059764862,0.0003547737433109,128,42498.0,24570515607431675904,11140765696,296833536,8,0.0001852631823418,9568256000.0,2.111082420089793e+19,36514.0,1.4841994752551688,1.4981917762951773,bin_2
config_492,1152,15,8,0.0083908224478363,0.8502747416496277,0.9859278202056884,0.2702932059764862,0.0003547737433109,128,42498.0,24570515607431675904,11140765696,296833536,8,1.4825996586213938e-06,11128012800.0,2.457051560743168e+19,42498.0,1.4559645061219324,1.469533454424045,bin_2
config_495,256,9,16,0.0281912609934806,0.9464691281318665,0.9952691793441772,0.1372711509466171,0.0005507500027306,128,55876.0,2634464179321307136,14647724032,20543488,16,0.0005507500027306,1599078400.0,2.869451821059037e+17,6086.0,1.9898072450669089,2.011709176360584,bin_1
config_495,256,9,16,0.0281912609934806,0.9464691281318665,0.9952691793441772,0.1372711509466171,0.0005507500027306,128,55876.0,2634464179321307136,14647724032,20543488,16,0.0005507500027306,3185049600.0,5.738432158085696e+17,12171.0,1.9026268542399167,1.923901093201559,bin_1
config_495,256,9,16,0.0281912609934806,0.9464691281318665,0.9952691793441772,0.1372711509466171,0.0005507500027306,128,55876.0,2634464179321307136,14647724032,20543488,16,0.0005507500027306,4784128000.0,8.607883979144732e+17,18257.0,1.8697218763632848,1.8892389339697169,bin_1
config_495,256,9,16,0.0281912609934806,0.9464691281318665,0.9952691793441772,0.1372711509466171,0.0005507500027306,128,55876.0,2634464179321307136,14647724032,20543488,16,0.0005507500027306,6383206400.0,1.1476864316171392e+18,24342.0,1.851556950944369,1.8704593415729336,bin_1
config_495,256,9,16,0.0281912609934806,0.9464691281318665,0.9952691793441772,0.1372711509466171,0.0005507500027306,128,55876.0,2634464179321307136,14647724032,20543488,16,0.0005507500027306,7982284800.0,1.4346316137230428e+18,30428.0,1.840179210334528,1.8593869733419572,bin_1
config_495,256,9,16,0.0281912609934806,0.9464691281318665,0.9952691793441772,0.1372711509466171,0.0005507500027306,128,55876.0,2634464179321307136,14647724032,20543488,16,0.0005507500027306,9568256000.0,1.7215767958289464e+18,36514.0,1.8305931103424948,1.84945632043432,bin_1
config_495,256,9,16,0.0281912609934806,0.9464691281318665,0.9952691793441772,0.1372711509466171,0.0005507500027306,128,55876.0,2634464179321307136,14647724032,20543488,16,0.0005507500027306,11167334400.0,2.0084748295316124e+18,42599.0,1.8229709974273307,1.8416104432012212,bin_1
config_495,256,9,16,0.0281912609934806,0.9464691281318665,0.9952691793441772,0.1372711509466171,0.0005507500027306,128,55876.0,2634464179321307136,14647724032,20543488,16,0.0005152779686564,12766412800.0,2.295420011637516e+18,48685.0,1.8166524712765804,1.8346958391783668,bin_1
config_495,256,9,16,0.0281912609934806,0.9464691281318665,0.9952691793441772,0.1372711509466171,0.0005507500027306,128,55876.0,2634464179321307136,14647724032,20543488,16,8.085325985328535e-05,14352384000.0,2.582318045340181e+18,54770.0,1.7834515131887845,1.8002434627345352,bin_1
config_495,256,9,16,0.0281912609934806,0.9464691281318665,0.9952691793441772,0.1372711509466171,0.0005507500027306,128,55876.0,2634464179321307136,14647724032,20543488,16,1.8669491617988529e-06,14640742400.0,2.634464179321307e+18,55876.0,1.779369758308911,1.7959128530299078,bin_1
config_497,256,14,16,0.0012291338061913,0.9117496609687804,0.9832018613815308,0.2638459503650665,0.0016050561098381,64,56440.0,1752306592096714752,7397720064,24805888,16,0.0016050561098381,1592524800.0,3.778760370731594e+17,12171.0,1.9015482701629889,1.9222659667593531,bin_1
config_497,256,14,16,0.0012291338061913,0.9117496609687804,0.9832018613815308,0.2638459503650665,0.0016050561098381,64,56440.0,1752306592096714752,7397720064,24805888,16,0.0016050561098381,3191603200.0,7.557520741463188e+17,24342.0,1.8456092569476268,1.865950454414868,bin_1
config_497,256,14,16,0.0012291338061913,0.9117496609687804,0.9832018613815308,0.2638459503650665,0.0016050561098381,64,56440.0,1752306592096714752,7397720064,24805888,16,0.0016050561098381,4784128000.0,1.1336591584659716e+18,36514.0,1.8215040581343604,1.8413883990537925,bin_1
config_497,256,14,16,0.0012291338061913,0.9117496609687804,0.9832018613815308,0.2638459503650665,0.0016050561098381,64,56440.0,1752306592096714752,7397720064,24805888,16,0.0008342713242997,6383206400.0,1.5115351955391311e+18,48685.0,1.7859647557383678,1.8049699927939744,bin_1
config_497,256,14,16,0.0012291338061913,0.9117496609687804,0.9832018613815308,0.2638459503650665,0.0016050561098381,64,56440.0,1752306592096714752,7397720064,24805888,16,4.311479712143388e-06,7392460800.0,1.7523065920967148e+18,56440.0,1.7592938626789656,1.7777659591690438,bin_1
config_498,512,8,16,0.0254929028451442,0.9228127598762512,0.9675859808921814,0.0618723779916763,5.18905908393208e-05,128,51434.0,5645279900048818176,13483129856,53013504,16,5.18905908393208e-05,1599078400.0,6.679856412430903e+17,6086.0,2.252063262384446,2.2753339400447783,bin_2
config_498,512,8,16,0.0254929028451442,0.9228127598762512,0.9675859808921814,0.0618723779916763,5.18905908393208e-05,128,51434.0,5645279900048818176,13483129856,53013504,16,5.18905908393208e-05,3185049600.0,1.3358615247403305e+18,12171.0,2.007003869033251,2.029089072024236,bin_2
config_498,512,8,16,0.0254929028451442,0.9228127598762512,0.9675859808921814,0.0618723779916763,5.18905908393208e-05,128,51434.0,5645279900048818176,13483129856,53013504,16,5.18905908393208e-05,4784128000.0,2.003847165983421e+18,18257.0,1.915394300476449,1.936053680122876,bin_2
config_498,512,8,16,0.0254929028451442,0.9228127598762512,0.9675859808921814,0.0618723779916763,5.18905908393208e-05,128,51434.0,5645279900048818176,13483129856,53013504,16,5.18905908393208e-05,6383206400.0,2.671723049480661e+18,24342.0,1.8667702872635887,1.886368317916745,bin_2
config_498,512,8,16,0.0254929028451442,0.9228127598762512,0.9675859808921814,0.0618723779916763,5.18905908393208e-05,128,51434.0,5645279900048818176,13483129856,53013504,16,5.18905908393208e-05,7982284800.0,3.3397086907237514e+18,30428.0,1.833379409860392,1.8524675427108517,bin_2
config_498,512,8,16,0.0254929028451442,0.9228127598762512,0.9675859808921814,0.0618723779916763,5.18905908393208e-05,128,51434.0,5645279900048818176,13483129856,53013504,16,5.18905908393208e-05,9568256000.0,4.007694331966842e+18,36514.0,1.808754632472992,1.8278977190861936,bin_2
config_498,512,8,16,0.0254929028451442,0.9228127598762512,0.9675859808921814,0.0618723779916763,5.18905908393208e-05,128,51434.0,5645279900048818176,13483129856,53013504,16,5.18905908393208e-05,11167334400.0,4.675570215464082e+18,42599.0,1.7896476181608731,1.8079565885418751,bin_2
config_498,512,8,16,0.0254929028451442,0.9228127598762512,0.9675859808921814,0.0618723779916763,5.18905908393208e-05,128,51434.0,5645279900048818176,13483129856,53013504,16,4.458481312215684e-05,12766412800.0,5.343555856707172e+18,48685.0,1.772820300274208,1.7907456606333374,bin_2
config_498,512,8,16,0.0254929028451442,0.9228127598762512,0.9675859808921814,0.0618723779916763,5.18905908393208e-05,128,51434.0,5645279900048818176,13483129856,53013504,16,5.544563446061888e-07,13474201600.0,5.645279900048818e+18,51434.0,1.7529185734029675,1.7702176574019135,bin_2
config_499,896,20,8,0.0474343113601207,0.9318466782569884,0.9346397519111632,0.2197601050138473,0.0006206760881468,128,45317.0,22830459505450942464,11879749632,246935808,8,0.0006206760881468,1599078400.0,3.066093884197419e+18,6086.0,1.7072629201998475,1.7250852210209018,bin_2
config_499,896,20,8,0.0474343113601207,0.9318466782569884,0.9346397519111632,0.2197601050138473,0.0006206760881468,128,45317.0,22830459505450942464,11879749632,246935808,8,0.0006206760881468,3185049600.0,6.131683973803284e+18,12171.0,1.6213273284278933,1.638483774896528,bin_2
config_499,896,20,8,0.0474343113601207,0.9318466782569884,0.9346397519111632,0.2197601050138473,0.0006206760881468,128,45317.0,22830459505450942464,11879749632,246935808,8,0.0006206760881468,4784128000.0,9.197777858000703e+18,18257.0,1.584805068559334,1.600316024393332,bin_2
config_499,896,20,8,0.0474343113601207,0.9318466782569884,0.9346397519111632,0.2197601050138473,0.0006206760881468,128,45317.0,22830459505450942464,11879749632,246935808,8,0.0006206760881468,6383206400.0,1.2263367947606569e+19,24342.0,1.564969138356506,1.5794240231982997,bin_2
config_499,896,20,8,0.0474343113601207,0.9318466782569884,0.9346397519111632,0.2197601050138473,0.0006206760881468,128,45317.0,22830459505450942464,11879749632,246935808,8,0.0006206760881468,7982284800.0,1.5329461831803988e+19,30428.0,1.5505720563403895,1.5647567049401705,bin_2
config_499,896,20,8,0.0474343113601207,0.9318466782569884,0.9346397519111632,0.2197601050138473,0.0006206760881468,128,45317.0,22830459505450942464,11879749632,246935808,8,0.0005495582515757,9568256000.0,1.8395555716001407e+19,36514.0,1.5323633347573828,1.5466368417075422,bin_2
config_499,896,20,8,0.0474343113601207,0.9318466782569884,0.9346397519111632,0.2197601050138473,0.0006206760881468,128,45317.0,22830459505450942464,11879749632,246935808,8,0.0001693489587763,11167334400.0,2.1461145805607272e+19,42599.0,1.479324735911166,1.492659659258655,bin_2
config_499,896,20,8,0.0474343113601207,0.9318466782569884,0.9346397519111632,0.2197601050138473,0.0006206760881468,128,45317.0,22830459505450942464,11879749632,246935808,8,1.0595996684571209e-06,11875123200.0,2.2830459505450942e+19,45317.0,1.4608764797253686,1.4737850703567754,bin_2
config_5,1088,6,16,0.0046641048975288,0.882346510887146,0.917036771774292,0.2977033853530884,0.0046755392104387,32,5346.0,357437045956644864,350403808,143287424,16,0.0046755392104387,173670400.0,1.7871852297832243e+17,2673.0,3.2733402851534605,3.304737489298737,bin_0
config_5,1088,6,16,0.0046641048975288,0.882346510887146,0.917036771774292,0.2977033853530884,0.0046755392104387,32,5346.0,357437045956644864,350403808,143287424,16,0.0001351821519045,347340800.0,3.5743704595664486e+17,5346.0,3.094616769717565,3.1255770746955336,bin_0
config_50,384,7,16,0.0083937430754303,0.961845874786377,0.9862270355224608,0.057060707360506,1.3525849681172986e-05,64,44638.0,1499074806882631680,5850817024,31698432,16,1.3525849681172986e-05,1592524800.0,4.087378349067725e+17,12171.0,2.721300595158436,2.7500437769342643,bin_1
config_50,384,7,16,0.0083937430754303,0.961845874786377,0.9862270355224608,0.057060707360506,1.3525849681172986e-05,64,44638.0,1499074806882631680,5850817024,31698432,16,1.3525849681172986e-05,3191603200.0,8.17475669813545e+17,24342.0,2.4469614597226754,2.473474326759088,bin_1
config_50,384,7,16,0.0083937430754303,0.961845874786377,0.9862270355224608,0.057060707360506,1.3525849681172986e-05,64,44638.0,1499074806882631680,5850817024,31698432,16,1.3525849681172986e-05,4784128000.0,1.2262470876498145e+18,36514.0,2.2499542754204547,2.273236949052967,bin_1
config_50,384,7,16,0.0083937430754303,0.961845874786377,0.9862270355224608,0.057060707360506,1.3525849681172986e-05,64,44638.0,1499074806882631680,5850817024,31698432,16,2.0179909222009305e-07,5845811200.0,1.4990748068826317e+18,44638.0,2.1812727182419573,2.203814510009328,bin_1
config_500,384,20,24,0.0013248142786324,0.8208386301994324,0.9900239706039428,0.0253468584269285,1.0995965567417444e-05,64,34730.0,2353125091603120128,4552216576,54711552,16,1.0995965567417444e-05,1592524800.0,8.246439818572294e+17,12171.0,2.741060628500141,2.7696691439581698,bin_1
config_500,384,20,24,0.0013248142786324,0.8208386301994324,0.9900239706039428,0.0253468584269285,1.0995965567417444e-05,64,34730.0,2353125091603120128,4552216576,54711552,16,1.0995965567417444e-05,3191603200.0,1.649287963714459e+18,24342.0,2.4802871537990256,2.507848753616458,bin_1
config_500,384,20,24,0.0013248142786324,0.8208386301994324,0.9900239706039428,0.0253468584269285,1.0995965567417444e-05,64,34730.0,2353125091603120128,4552216576,54711552,16,3.74862462525595e-07,4548198400.0,2.35312509160312e+18,34730.0,2.3000625974623885,2.324859883941588,bin_1
config_502,960,21,16,0.0581918284296989,0.856961190700531,0.9302119612693788,0.1407425552606582,0.0087657710537314,64,50689.0,14473827382111764480,6643920896,280550400,8,0.0087657710537314,1592524800.0,3.4753290273566705e+18,12171.0,3.776884640552959,3.7995936888163206,bin_2
config_502,960,21,16,0.0581918284296989,0.856961190700531,0.9302119612693788,0.1407425552606582,0.0087657710537314,64,50689.0,14473827382111764480,6643920896,280550400,8,0.0087657710537314,3191603200.0,6.950658054713341e+18,24342.0,3.946416296294478,4.004477482584656,bin_2
config_502,960,21,16,0.0581918284296989,0.856961190700531,0.9302119612693788,0.1407425552606582,0.0087657710537314,64,50689.0,14473827382111764480,6643920896,280550400,8,0.0087657710537314,4784128000.0,1.04262726238519e+19,36514.0,3.7346544187967896,3.70985924142306,bin_2
config_502,960,21,16,0.0581918284296989,0.856961190700531,0.9302119612693788,0.1407425552606582,0.0087657710537314,64,50689.0,14473827382111764480,6643920896,280550400,8,0.0024439471020285,6383206400.0,1.390160165120857e+19,48685.0,3.415372061729431,3.4510963495832976,bin_2
config_502,960,21,16,0.0581918284296989,0.856961190700531,0.9302119612693788,0.1407425552606582,0.0087657710537314,64,50689.0,14473827382111764480,6643920896,280550400,8,4.792053141232551e-05,6638796800.0,1.4473827382111764e+19,50689.0,3.3223104588321,3.3574473172719363,bin_2
config_503,960,14,24,0.0011783193331211,0.9354840517044068,0.936651647090912,0.0170160233974456,0.0016353050014004,64,55740.0,11316020856729108480,7305986048,203122560,8,0.0016353050014004,1592524800.0,2.4708878695236813e+18,12171.0,1.7068552947044373,1.725150036166926,bin_2
config_503,960,14,24,0.0011783193331211,0.9354840517044068,0.936651647090912,0.0170160233974456,0.0016353050014004,64,55740.0,11316020856729108480,7305986048,203122560,8,0.0016353050014004,3191603200.0,4.941775739047363e+18,24342.0,1.6353828520266736,1.6522984807999408,bin_2
config_503,960,14,24,0.0011783193331211,0.9354840517044068,0.936651647090912,0.0170160233974456,0.0016353050014004,64,55740.0,11316020856729108480,7305986048,203122560,8,0.0016353050014004,4784128000.0,7.412866622938763e+18,36514.0,1.6035161834075802,1.6185010168982334,bin_2
config_503,960,14,24,0.0011783193331211,0.9354840517044068,0.936651647090912,0.0170160233974456,0.0016353050014004,64,55740.0,11316020856729108480,7305986048,203122560,8,0.0016353050014004,6383206400.0,9.883754492462445e+18,48685.0,1.5839831445647068,1.5981943343506484,bin_2
config_503,960,14,24,0.0011783193331211,0.9354840517044068,0.936651647090912,0.0170160233974456,0.0016353050014004,64,55740.0,11316020856729108480,7305986048,203122560,8,6.900021102955304e-05,7300710400.0,1.1316020856729108e+19,55740.0,1.5378115231287284,1.5516376215121783,bin_2
config_504,640,24,20,0.0013615739298984,0.924587607383728,0.902468740940094,0.18942691385746,0.0011440513189882,32,5434.0,463720549920768000,356178560,154105600,8,0.0011440513189882,176947200.0,2.31860274960384e+17,2717.0,2.2233802199949984,2.2449217378116044,bin_0
config_504,640,24,20,0.0013615739298984,0.924587607383728,0.902468740940094,0.18942691385746,0.0011440513189882,32,5434.0,463720549920768000,356178560,154105600,8,3.780150130767643e-05,353894400.0,4.63720549920768e+17,5434.0,1.9820915942113908,2.002840389189173,bin_0
config_505,960,16,16,0.0558501966297626,0.868812084197998,0.9611580967903136,0.2147871255874633,5.991202124278061e-05,64,23967.0,5430967598975385600,3141528320,225244800,8,5.991202124278061e-05,1592524800.0,2.757971654655544e+18,12171.0,1.8212604682758209,1.8405459558768351,bin_1
config_505,960,16,16,0.0558501966297626,0.868812084197998,0.9611580967903136,0.2147871255874633,5.991202124278061e-05,64,23967.0,5430967598975385600,3141528320,225244800,8,1.978831088259736e-07,3139174400.0,5.430967598975386e+18,23967.0,1.6882149705925926,1.70644366971782,bin_1
config_506,832,9,16,0.1190796643495559,0.8746420741081238,0.9713238477706908,0.0159573554992675,2.262823909404688e-05,128,60855.0,14279055139301621760,15952993280,118523392,16,2.262823909404688e-05,1599078400.0,1.428022834241881e+18,6086.0,2.3828849647084223,2.4071547301480027,bin_2
config_506,832,9,16,0.1190796643495559,0.8746420741081238,0.9713238477706908,0.0159573554992675,2.262823909404688e-05,128,60855.0,14279055139301621760,15952993280,118523392,16,2.262823909404688e-05,3185049600.0,2.8558110278603244e+18,12171.0,2.050693699336443,2.07206426952706,bin_2
config_506,832,9,16,0.1190796643495559,0.8746420741081238,0.9713238477706908,0.0159573554992675,2.262823909404688e-05,128,60855.0,14279055139301621760,15952993280,118523392,16,2.262823909404688e-05,4784128000.0,4.283833862102205e+18,18257.0,1.9351888023439,1.953481102302426,bin_2
config_506,832,9,16,0.1190796643495559,0.8746420741081238,0.9713238477706908,0.0159573554992675,2.262823909404688e-05,128,60855.0,14279055139301621760,15952993280,118523392,16,2.262823909404688e-05,6383206400.0,5.711622055720649e+18,24342.0,1.8695714201301823,1.8874727785001035,bin_2
config_506,832,9,16,0.1190796643495559,0.8746420741081238,0.9713238477706908,0.0159573554992675,2.262823909404688e-05,128,60855.0,14279055139301621760,15952993280,118523392,16,2.262823909404688e-05,7982284800.0,7.13964488996253e+18,30428.0,1.8261084213022325,1.843442762796996,bin_2
config_506,832,9,16,0.1190796643495559,0.8746420741081238,0.9713238477706908,0.0159573554992675,2.262823909404688e-05,128,60855.0,14279055139301621760,15952993280,118523392,16,2.262823909404688e-05,9568256000.0,8.567667724204411e+18,36514.0,1.7929608354021291,1.8104817149678212,bin_2
config_506,832,9,16,0.1190796643495559,0.8746420741081238,0.9713238477706908,0.0159573554992675,2.262823909404688e-05,128,60855.0,14279055139301621760,15952993280,118523392,16,2.262823909404688e-05,11167334400.0,9.995455917822851e+18,42599.0,1.7677881420244936,1.784962863609439,bin_2
config_506,832,9,16,0.1190796643495559,0.8746420741081238,0.9713238477706908,0.0159573554992675,2.262823909404688e-05,128,60855.0,14279055139301621760,15952993280,118523392,16,2.262823909404688e-05,12766412800.0,1.1423478752064735e+19,48685.0,1.7479998925474824,1.7645110605192966,bin_2
config_506,832,9,16,0.1190796643495559,0.8746420741081238,0.9713238477706908,0.0159573554992675,2.262823909404688e-05,128,60855.0,14279055139301621760,15952993280,118523392,16,2.262823909404688e-05,14352384000.0,1.285126694568318e+19,54770.0,1.7327735195785272,1.74715678613694,bin_2
config_506,832,9,16,0.1190796643495559,0.8746420741081238,0.9713238477706908,0.0159573554992675,2.262823909404688e-05,128,60855.0,14279055139301621760,15952993280,118523392,16,1.1652028369745928e-07,15951462400.0,1.4279055139301622e+19,60855.0,1.7042028332929142,1.7185645658070925,bin_2
config_507,768,18,24,0.0114987380802631,0.8275234699249268,0.9063839316368104,0.2512412667274475,0.0002540716959629,64,8404.0,1471483525760483328,1101552512,166043136,8,0.0002540716959629,550502400.0,7.357417628802417e+17,4202.0,1.9444844621713044,1.9637271500610916,bin_1
config_507,768,18,24,0.0114987380802631,0.8275234699249268,0.9063839316368104,0.2512412667274475,0.0002540716959629,64,8404.0,1471483525760483328,1101552512,166043136,8,4.814243410003103e-07,1101004800.0,1.4714835257604833e+18,8404.0,1.7769995500220628,1.795355307489145,bin_1
config_508,512,19,8,0.0050425971858203,0.9701493382453918,0.909663736820221,0.0640771389007568,0.0026841617655009,128,41335.0,8473930719433850880,10835900416,90511360,8,0.0026841617655009,1599078400.0,1.2476676511061914e+18,6086.0,1.789823573339181,1.809120088307584,bin_2
config_508,512,19,8,0.0050425971858203,0.9701493382453918,0.909663736820221,0.0640771389007568,0.0026841617655009,128,41335.0,8473930719433850880,10835900416,90511360,8,0.0026841617655009,3185049600.0,2.495130296025872e+18,12171.0,1.7119309345620577,1.7299330883143378,bin_2
config_508,512,19,8,0.0050425971858203,0.9701493382453918,0.909663736820221,0.0640771389007568,0.0026841617655009,128,41335.0,8473930719433850880,10835900416,90511360,8,0.0026841617655009,4784128000.0,3.742797947132063e+18,18257.0,1.6793369417698656,1.694946941567249,bin_2
config_508,512,19,8,0.0050425971858203,0.9701493382453918,0.909663736820221,0.0640771389007568,0.0026841617655009,128,41335.0,8473930719433850880,10835900416,90511360,8,0.0026841617655009,6383206400.0,4.990260592051744e+18,24342.0,1.659240809620404,1.675047235508434,bin_2
config_508,512,19,8,0.0050425971858203,0.9701493382453918,0.909663736820221,0.0640771389007568,0.0026841617655009,128,41335.0,8473930719433850880,10835900416,90511360,8,0.0026841617655009,7982284800.0,6.237928243157934e+18,30428.0,1.6444355260544137,1.6602005188191524,bin_2
config_508,512,19,8,0.0050425971858203,0.9701493382453918,0.909663736820221,0.0640771389007568,0.0026841617655009,128,41335.0,8473930719433850880,10835900416,90511360,8,0.0026841617655009,9568256000.0,7.485595894264125e+18,36514.0,1.6350626703168525,1.649357650827189,bin_2
config_508,512,19,8,0.0050425971858203,0.9701493382453918,0.909663736820221,0.0640771389007568,0.0026841617655009,128,41335.0,8473930719433850880,10835900416,90511360,8,3.547796895488368e-05,10826547200.0,8.473930719433851e+18,41335.0,1.5835713394938922,1.5973091006474416,bin_2
config_509,768,5,24,0.008763643912971,0.9857308864593506,0.9491299390792848,0.2453163862228393,1.279683601751458e-05,32,3260.0,115045668067147776,213686656,74010624,16,1.279683601751458e-05,108134400.0,5.752283403357389e+16,1630.0,3.4305638339871267,3.4677743545125743,bin_0
config_509,768,5,24,0.008763643912971,0.9857308864593506,0.9491299390792848,0.2453163862228393,1.279683601751458e-05,32,3260.0,115045668067147776,213686656,74010624,16,1.6016065103272285e-07,212992000.0,1.1504566806714778e+17,3260.0,3.0992642882612884,3.1323021872317205,bin_0
config_51,320,21,4,0.1319144815206527,0.9003822207450867,0.9714474081993104,0.2767691612243652,0.0013687526807188,64,22977.0,1316581309056614400,3011702272,45347840,16,0.0013687526807188,1592524800.0,6.973978810344282e+17,12171.0,1.8847076229970965,1.9028431496072988,bin_1
config_51,320,21,4,0.1319144815206527,0.9003822207450867,0.9714474081993104,0.2767691612243652,0.0013687526807188,64,22977.0,1316581309056614400,3011702272,45347840,16,5.811656294922151e-06,3008102400.0,1.3165813090566144e+18,22977.0,1.7191335973974131,1.7372388998797683,bin_1
config_510,640,16,16,0.0136814201250672,0.8966094255447388,0.9930834174156188,0.1668714880943298,0.0001326794881606,64,34967.0,4272975696296017920,4583214592,113463040,8,0.0001326794881606,1592524800.0,1.48729908770037e+18,12171.0,1.8016316777760863,1.8208294603277424,bin_1
config_510,640,16,16,0.0136814201250672,0.8966094255447388,0.9930834174156188,0.1668714880943298,0.0001326794881606,64,34967.0,4272975696296017920,4583214592,113463040,8,0.0001326794881606,3191603200.0,2.97459817540074e+18,24342.0,1.7033569419970278,1.7216940632804496,bin_1
config_510,640,16,16,0.0136814201250672,0.8966094255447388,0.9930834174156188,0.1668714880943298,0.0001326794881606,64,34967.0,4272975696296017920,4583214592,113463040,8,3.86621751582273e-07,4580966400.0,4.272975696296018e+18,34967.0,1.6325126871320068,1.6489210149499236,bin_1
config_511,704,15,8,0.0600347109138965,0.9757289886474608,0.9846251606941224,0.2302553355693817,0.0001168762682937,64,65917.0,8982117871634350080,8639989760,130034432,8,0.0001168762682937,1592524800.0,1.6584698426151324e+18,12171.0,1.8003875576668098,1.819506286480388,bin_2
config_511,704,15,8,0.0600347109138965,0.9757289886474608,0.9846251606941224,0.2302553355693817,0.0001168762682937,64,65917.0,8982117871634350080,8639989760,130034432,8,0.0001168762682937,3191603200.0,3.316939685230265e+18,24342.0,1.699244529419258,1.717311203675192,bin_2
config_511,704,15,8,0.0600347109138965,0.9757289886474608,0.9846251606941224,0.2302553355693817,0.0001168762682937,64,65917.0,8982117871634350080,8639989760,130034432,8,0.0001168762682937,4784128000.0,4.975545791902797e+18,36514.0,1.6546696744785934,1.6706580667222133,bin_2
config_511,704,15,8,0.0600347109138965,0.9757289886474608,0.9846251606941224,0.2302553355693817,0.0001168762682937,64,65917.0,8982117871634350080,8639989760,130034432,8,0.0001168762682937,6383206400.0,6.634015634517929e+18,48685.0,1.627723063406397,1.642933189829842,bin_2
config_511,704,15,8,0.0600347109138965,0.9757289886474608,0.9846251606941224,0.2302553355693817,0.0001168762682937,64,65917.0,8982117871634350080,8639989760,130034432,8,3.902036314450954e-05,7975731200.0,8.292485477133062e+18,60856.0,1.5787693967584704,1.5940651186372412,bin_2
config_511,704,15,8,0.0600347109138965,0.9757289886474608,0.9846251606941224,0.2302553355693817,0.0001168762682937,64,65917.0,8982117871634350080,8639989760,130034432,8,1.3091497403920258e-07,8637644800.0,8.98211787163435e+18,65917.0,1.5615358593229387,1.5780556607637248,bin_2
config_514,256,8,16,0.0012891307706013,0.8309714198112488,0.9680466055870056,0.1736661791801452,0.0050509767606854,32,4680.0,51673819795390464,306757696,19691008,16,0.0050509767606854,154009600.0,2.583690989769523e+16,2340.0,2.360697144445826,2.3844275431554824,bin_0
config_514,256,8,16,0.0012891307706013,0.8309714198112488,0.9680466055870056,0.1736661791801452,0.0050509767606854,32,4680.0,51673819795390464,306757696,19691008,16,0.0001866124418972,304742400.0,5.167381979539046e+16,4680.0,2.116307212602897,2.1378224779738755,bin_0
config_515,448,15,4,0.0596547536551952,0.8705202341079712,0.9955307841300964,0.247731551527977,0.0096232360228896,64,18608.0,1286296930535178240,2439043840,60385024,16,0.0096232360228896,1592524800.0,8.413327569617183e+17,12171.0,3.5714784694890507,3.607741241142398,bin_1
config_515,448,15,4,0.0596547536551952,0.8705202341079712,0.9955307841300964,0.247731551527977,0.0096232360228896,64,18608.0,1286296930535178240,2439043840,60385024,16,1.6703382118272644e-05,2437939200.0,1.2862969305351782e+18,18608.0,3.4555278299675614,3.4919348133587444,bin_1
config_516,384,4,8,0.0129207363352179,0.8981428742408752,0.9680227041244508,0.2702667117118835,0.0039954590611159,32,10996.0,141285441444691968,720644544,26387712,16,0.0039954590611159,360448000.0,7.064272072234598e+16,5498.0,2.1194784481408164,2.139887363676165,bin_0
config_516,384,4,8,0.0129207363352179,0.8981428742408752,0.9680227041244508,0.2702667117118835,0.0039954590611159,32,10996.0,141285441444691968,720644544,26387712,16,6.186170205699573e-05,717619200.0,1.4128544144469197e+17,10996.0,1.9616957662144645,1.9813222605673992,bin_0
config_517,640,19,20,0.0386167988181114,0.8629231452941895,0.9456698894500732,0.2195897996425628,5.999744462314993e-05,64,20985.0,2945616541340467200,2750551808,128704000,8,5.999744462314993e-05,1592524800.0,1.7084154836623695e+18,12171.0,1.9183474194026384,1.9386684395446152,bin_1
config_517,640,19,20,0.0386167988181114,0.8629231452941895,0.9456698894500732,0.2195897996425628,5.999744462314993e-05,64,20985.0,2945616541340467200,2750551808,128704000,8,4.557097573372956e-07,2745958400.0,2.945616541340467e+18,20985.0,1.7925056142494329,1.8120944773955423,bin_1
config_519,1152,18,18,0.0324112400412559,0.8759667873382568,0.997452974319458,0.1324141919612884,3.013485184055753e-05,64,39627.0,13385494797305905152,5194116608,344616192,8,3.013485184055753e-05,1592524800.0,4.111208448229999e+18,12171.0,1.8707707072281448,1.8903418321101395,bin_2
config_519,1152,18,18,0.0324112400412559,0.8759667873382568,0.997452974319458,0.1324141919612884,3.013485184055753e-05,64,39627.0,13385494797305905152,5194116608,344616192,8,3.013485184055753e-05,3191603200.0,8.222416896459998e+18,24342.0,1.7291772857064107,1.7484139828603775,bin_2
config_519,1152,18,18,0.0324112400412559,0.8759667873382568,0.997452974319458,0.1324141919612884,3.013485184055753e-05,64,39627.0,13385494797305905152,5194116608,344616192,8,1.7959154127200954e-05,4784128000.0,1.2333963131925903e+19,36514.0,1.6541003427935428,1.6706730360867548,bin_2
config_519,1152,18,18,0.0324112400412559,0.8759667873382568,0.997452974319458,0.1324141919612884,3.013485184055753e-05,64,39627.0,13385494797305905152,5194116608,344616192,8,1.55067848236145e-07,5190451200.0,1.3385494797305903e+19,39627.0,1.6325785058639088,1.6489557510125832,bin_2
config_52,832,10,16,0.0011477335356175,0.8643050193786621,0.9115625619888306,0.1769309937953949,0.0090134851634502,64,32087.0,4065471779085090816,4205794304,127044736,16,0.0090134851634502,1592524800.0,1.542084240447678e+18,12171.0,3.180823878694753,3.2136086459238022,bin_1
config_52,832,10,16,0.0011477335356175,0.8643050193786621,0.9115625619888306,0.1769309937953949,0.0090134851634502,64,32087.0,4065471779085090816,4205794304,127044736,16,0.0090134851634502,3191603200.0,3.084168480895356e+18,24342.0,2.893516005922536,2.9161645245161214,bin_1
config_52,832,10,16,0.0011477335356175,0.8643050193786621,0.9115625619888306,0.1769309937953949,0.0090134851634502,64,32087.0,4065471779085090816,4205794304,127044736,16,5.874563168005269e-05,4200857600.0,4.065471779085091e+18,32087.0,2.6520143782506223,2.680109145367732,bin_1
config_520,384,4,12,0.0021800042595714,0.9720236659049988,0.9543788433074952,0.2211609035730362,0.0003733811026904,128,58746.0,3019249139311706112,15400068096,26387712,16,0.0003733811026904,1599078400.0,3.1278981142292314e+17,6086.0,1.9923512807439585,2.0140781754353005,bin_1
config_520,384,4,12,0.0021800042595714,0.9720236659049988,0.9543788433074952,0.2211609035730362,0.0003733811026904,128,58746.0,3019249139311706112,15400068096,26387712,16,0.0003733811026904,3185049600.0,6.255282278719023e+17,12171.0,1.904076623955711,1.9254308072465365,bin_1
config_520,384,4,12,0.0021800042595714,0.9720236659049988,0.9543788433074952,0.2211609035730362,0.0003733811026904,128,58746.0,3019249139311706112,15400068096,26387712,16,0.0003733811026904,4784128000.0,9.383180392948256e+17,18257.0,1.8704688402472949,1.8897500130387603,bin_1
config_520,384,4,12,0.0021800042595714,0.9720236659049988,0.9543788433074952,0.2211609035730362,0.0003733811026904,128,58746.0,3019249139311706112,15400068096,26387712,16,0.0003733811026904,6383206400.0,1.251056455743805e+18,24342.0,1.8522369138530044,1.8707474207096413,bin_1
config_520,384,4,12,0.0021800042595714,0.9720236659049988,0.9543788433074952,0.2211609035730362,0.0003733811026904,128,58746.0,3019249139311706112,15400068096,26387712,16,0.0003733811026904,7982284800.0,1.563846267166728e+18,30428.0,1.838822542761193,1.8576468690496977,bin_1
config_520,384,4,12,0.0021800042595714,0.9720236659049988,0.9543788433074952,0.2211609035730362,0.0003733811026904,128,58746.0,3019249139311706112,15400068096,26387712,16,0.0003733811026904,9568256000.0,1.8766360785896512e+18,36514.0,1.8270147531149816,1.8481156613787664,bin_1
config_520,384,4,12,0.0021800042595714,0.9720236659049988,0.9543788433074952,0.2211609035730362,0.0003733811026904,128,58746.0,3019249139311706112,15400068096,26387712,16,0.0003733811026904,11167334400.0,2.18937449503863e+18,42599.0,1.8193231921508664,1.8404002918180875,bin_1
config_520,384,4,12,0.0021800042595714,0.9720236659049988,0.9543788433074952,0.2211609035730362,0.0003733811026904,128,58746.0,3019249139311706112,15400068096,26387712,16,0.0002887150983396,12766412800.0,2.502164306461553e+18,48685.0,1.8067306562720755,1.827577048911423,bin_1
config_520,384,4,12,0.0021800042595714,0.9720236659049988,0.9543788433074952,0.2211609035730362,0.0003733811026904,128,58746.0,3019249139311706112,15400068096,26387712,16,0.0001148422788139,14352384000.0,2.8149027229105326e+18,54770.0,1.7961369012222916,1.806888711217974,bin_1
config_520,384,4,12,0.0021800042595714,0.9720236659049988,0.9543788433074952,0.2211609035730362,0.0003733811026904,128,58746.0,3019249139311706112,15400068096,26387712,16,1.322008214575286e-06,15387852800.0,3.019249139311706e+18,58746.0,1.7851514480543915,1.7963666548885282,bin_1
config_522,1024,20,16,0.1187035143375396,0.9263126850128174,0.909536600112915,0.1029413118958473,4.130613160668872e-05,64,8357.0,2578369847987011584,1095488768,308426752,8,4.130613160668872e-05,550502400.0,1.2890306599126164e+18,4178.0,2.11323205277568,2.135352039669381,bin_1
config_522,1024,20,16,0.1187035143375396,0.9263126850128174,0.909536600112915,0.1029413118958473,4.130613160668872e-05,64,8357.0,2578369847987011584,1095488768,308426752,8,3.362126991242147e-07,1094451200.0,2.578369847987012e+18,8357.0,1.905545990564784,1.92593402575274,bin_1
config_524,1024,17,16,0.0870832055807113,0.8135992884635925,0.9210616946220398,0.0444895699620246,5.0453916628612205e-05,64,51842.0,13909077780039991296,6795136512,269885440,8,5.0453916628612205e-05,1592524800.0,3.265448587262581e+18,12171.0,1.859682795981892,1.879376890542077,bin_2
config_524,1024,17,16,0.0870832055807113,0.8135992884635925,0.9210616946220398,0.0444895699620246,5.0453916628612205e-05,64,51842.0,13909077780039991296,6795136512,269885440,8,5.0453916628612205e-05,3191603200.0,6.530897174525162e+18,24342.0,1.7343798512318096,1.7531869256301005,bin_2
config_524,1024,17,16,0.0870832055807113,0.8135992884635925,0.9210616946220398,0.0444895699620246,5.0453916628612205e-05,64,51842.0,13909077780039991296,6795136512,269885440,8,5.0453916628612205e-05,4784128000.0,9.79661405926431e+18,36514.0,1.6767921600576308,1.6930257690929975,bin_2
config_524,1024,17,16,0.0870832055807113,0.8135992884635925,0.9210616946220398,0.0444895699620246,5.0453916628612205e-05,64,51842.0,13909077780039991296,6795136512,269885440,8,5.0453916628612205e-05,6383206400.0,1.306206264652689e+19,48685.0,1.6411887636536455,1.65628883678405,bin_2
config_524,1024,17,16,0.0870832055807113,0.8135992884635925,0.9210616946220398,0.0444895699620246,5.0453916628612205e-05,64,51842.0,13909077780039991296,6795136512,269885440,8,9.189351684309208e-07,6789529600.0,1.3909077780039991e+19,51842.0,1.6056494974699176,1.6207000162171536,bin_2
config_525,832,5,8,0.0139867914840579,0.8149358034133911,0.9973348379135132,0.187633991241455,7.431998528772965e-05,64,14767.0,1178452979582681088,1935668352,84438016,16,7.021494638916552e-05,1592524800.0,9.71284026173279e+17,12171.0,1.882846730302592,1.903569682699735,bin_1
config_525,832,5,8,0.0139867914840579,0.8149358034133911,0.9973348379135132,0.187633991241455,7.431998528772965e-05,64,14767.0,1178452979582681088,1935668352,84438016,16,4.561154331737859e-07,1933312000.0,1.178452979582681e+18,14767.0,1.8372029729749333,1.8575089197471493,bin_1
config_528,384,17,24,0.0144912954419851,0.8312855362892151,0.9103177785873412,0.1698274612426757,7.474860467482358e-05,32,4457.0,133423961188515840,292111808,49400832,16,7.474860467482358e-05,147456000.0,6.669701268297359e+16,2228.0,2.8328276321536205,2.861921151739652,bin_0
config_528,384,17,24,0.0144912954419851,0.8312855362892151,0.9103177785873412,0.1698274612426757,7.474860467482358e-05,32,4457.0,133423961188515840,292111808,49400832,16,6.921167099520727e-07,291635200.0,1.3342396118851584e+17,4457.0,2.583990934207791,2.6112843941860517,bin_0
config_529,896,14,14,0.0354368835687637,0.912324607372284,0.9951472282409668,0.1012118011713028,9.96192466118373e-05,64,8404.0,1571189923949248512,1101550336,186369792,8,9.96192466118373e-05,550502400.0,7.855949619746243e+17,4202.0,1.95958343861533,1.9799552798271176,bin_1
config_529,896,14,14,0.0354368835687637,0.912324607372284,0.9951472282409668,0.1012118011713028,9.96192466118373e-05,64,8404.0,1571189923949248512,1101550336,186369792,8,4.6879645464393193e-07,1101004800.0,1.5711899239492485e+18,8404.0,1.7878265922968506,1.8073555061856252,bin_1
config_53,448,10,8,0.0153968902304768,0.8785185217857361,0.9309005737304688,0.0467038415372371,0.0077679315581917,32,14803.0,384789837016080384,970140224,47764864,16,0.0077679315581917,484966400.0,1.9238192148591578e+17,7401.0,2.993467843180797,3.0228305368736144,bin_0
config_53,448,10,8,0.0153968902304768,0.8785185217857361,0.9309005737304688,0.0467038415372371,0.0077679315581917,32,14803.0,384789837016080384,970140224,47764864,16,3.372473903701188e-05,969932800.0,3.847898370160804e+17,14803.0,2.675273383015492,2.704319943756354,bin_0
config_530,576,19,6,0.0052441013976931,0.8492331504821777,0.9935017824172974,0.2893713414669037,0.0004991202731616,64,12573.0,1477610906724679680,1648040320,104626944,8,5.803405045282865e-05,1592524800.0,1.430366845283232e+18,12171.0,1.6898862449067538,1.7068766261710495,bin_1
config_530,576,19,6,0.0052441013976931,0.8492331504821777,0.9935017824172974,0.2893713414669037,0.0004991202731616,64,12573.0,1477610906724679680,1648040320,104626944,8,3.155515745662126e-06,1644953600.0,1.4776109067246797e+18,12573.0,1.6856691028251023,1.7025535806866945,bin_1
config_531,448,11,4,0.0270210187882184,0.863174319267273,0.9720531105995178,0.1728066354990005,0.0001456454483559,128,56690.0,6282991197178429440,14861063168,50288896,16,0.0001456454483559,1599078400.0,6.74515512895183e+17,6086.0,1.9629437486460952,1.9845846753433103,bin_2
config_531,448,11,4,0.0270210187882184,0.863174319267273,0.9720531105995178,0.1728066354990005,0.0001456454483559,128,56690.0,6282991197178429440,14861063168,50288896,16,0.0001456454483559,3185049600.0,1.3489201951112837e+18,12171.0,1.827850424969783,1.8478640973763387,bin_2
config_531,448,11,4,0.0270210187882184,0.863174319267273,0.9720531105995178,0.1728066354990005,0.0001456454483559,128,56690.0,6282991197178429440,14861063168,50288896,16,0.0001456454483559,4784128000.0,2.0234357080064663e+18,18257.0,1.7783271055143388,1.7965421833757491,bin_2
config_531,448,11,4,0.0270210187882184,0.863174319267273,0.9720531105995178,0.1728066354990005,0.0001456454483559,128,56690.0,6282991197178429440,14861063168,50288896,16,0.0001456454483559,6383206400.0,2.6978403902225674e+18,24342.0,1.7487937212381206,1.7666035463770882,bin_2
config_531,448,11,4,0.0270210187882184,0.863174319267273,0.9720531105995178,0.1728066354990005,0.0001456454483559,128,56690.0,6282991197178429440,14861063168,50288896,16,0.0001456454483559,7982284800.0,3.3723559031177503e+18,30428.0,1.7298020508250251,1.7474125867202634,bin_2
config_531,448,11,4,0.0270210187882184,0.863174319267273,0.9720531105995178,0.1728066354990005,0.0001456454483559,128,56690.0,6282991197178429440,14861063168,50288896,16,0.0001456454483559,9568256000.0,4.046871416012933e+18,36514.0,1.7148858637887925,1.7324831866436317,bin_2
config_531,448,11,4,0.0270210187882184,0.863174319267273,0.9720531105995178,0.1728066354990005,0.0001456454483559,128,56690.0,6282991197178429440,14861063168,50288896,16,0.0001456454483559,11167334400.0,4.721276098229033e+18,42599.0,1.7040177204960685,1.7211602094916048,bin_2
config_531,448,11,4,0.0270210187882184,0.863174319267273,0.9720531105995178,0.1728066354990005,0.0001456454483559,128,56690.0,6282991197178429440,14861063168,50288896,16,0.0001187941131445,12766412800.0,5.395791611124217e+18,48685.0,1.690168071418512,1.7069078453251574,bin_2
config_531,448,11,4,0.0270210187882184,0.863174319267273,0.9720531105995178,0.1728066354990005,0.0001456454483559,128,56690.0,6282991197178429440,14861063168,50288896,16,2.8843626971265305e-05,14352384000.0,6.070196293340318e+18,54770.0,1.664847394013014,1.6808308873411084,bin_2
config_531,448,11,4,0.0270210187882184,0.863174319267273,0.9720531105995178,0.1728066354990005,0.0001456454483559,128,56690.0,6282991197178429440,14861063168,50288896,16,5.947139581704175e-07,14850457600.0,6.282991197178429e+18,56690.0,1.6593694556736556,1.6751393066468787,bin_2
config_532,384,22,16,0.0017820738721638,0.8639664053916931,0.9635403752326964,0.1379625350236892,0.0013503121444955,32,8003.0,292173585459240960,524523616,58252032,16,0.0013503121444955,262144000.0,1.460685387257807e+17,4001.0,2.097411081087394,2.117702898979187,bin_0
config_532,384,22,16,0.0017820738721638,0.8639664053916931,0.9635403752326964,0.1379625350236892,0.0013503121444955,32,8003.0,292173585459240960,524523616,58252032,16,3.669326479607436e-06,524288000.0,2.9217358545924096e+17,8003.0,1.9068969106674196,1.9260444165839523,bin_0
config_533,640,21,20,0.0062043196521699,0.9438592195510864,0.927529752254486,0.0299133192747831,1.9243918359279636e-05,128,60847.0,18556024719546777600,15950863360,138864640,8,1.9243918359279636e-05,1599078400.0,1.85599892259539e+18,6086.0,2.533036838476775,2.56012952216336,bin_2
config_533,640,21,20,0.0062043196521699,0.9438592195510864,0.927529752254486,0.0299133192747831,1.9243918359279636e-05,128,60847.0,18556024719546777600,15950863360,138864640,8,1.9243918359279636e-05,3185049600.0,3.7116928831594624e+18,12171.0,2.131523608516474,2.153288271055847,bin_2
config_533,640,21,20,0.0062043196521699,0.9438592195510864,0.927529752254486,0.0299133192747831,1.9243918359279636e-05,128,60847.0,18556024719546777600,15950863360,138864640,8,1.9243918359279636e-05,4784128000.0,5.567691805754853e+18,18257.0,1.986261518607374,2.005426670527849,bin_2
config_533,640,21,20,0.0062043196521699,0.9438592195510864,0.927529752254486,0.0299133192747831,1.9243918359279636e-05,128,60847.0,18556024719546777600,15950863360,138864640,8,1.9243918359279636e-05,6383206400.0,7.423385766318925e+18,24342.0,1.901899183793146,1.921064866136332,bin_2
config_533,640,21,20,0.0062043196521699,0.9438592195510864,0.927529752254486,0.0299133192747831,1.9243918359279636e-05,128,60847.0,18556024719546777600,15950863360,138864640,8,1.9243918359279636e-05,7982284800.0,9.279384688914315e+18,30428.0,1.850253347314772,1.8688123676034272,bin_2
config_533,640,21,20,0.0062043196521699,0.9438592195510864,0.927529752254486,0.0299133192747831,1.9243918359279636e-05,128,60847.0,18556024719546777600,15950863360,138864640,8,1.9243918359279636e-05,9568256000.0,1.1135383611509709e+19,36514.0,1.8126663781189527,1.831070063563644,bin_2
config_533,640,21,20,0.0062043196521699,0.9438592195510864,0.927529752254486,0.0299133192747831,1.9243918359279636e-05,128,60847.0,18556024719546777600,15950863360,138864640,8,1.9243918359279636e-05,11167334400.0,1.299107757207378e+19,42599.0,1.7834731592897508,1.801653111606348,bin_2
config_533,640,21,20,0.0062043196521699,0.9438592195510864,0.927529752254486,0.0299133192747831,1.9243918359279636e-05,128,60847.0,18556024719546777600,15950863360,138864640,8,1.9243918359279636e-05,12766412800.0,1.4847076494669169e+19,48685.0,1.762289110988867,1.7795337921674137,bin_2
config_533,640,21,20,0.0062043196521699,0.9438592195510864,0.927529752254486,0.0299133192747831,1.9243918359279636e-05,128,60847.0,18556024719546777600,15950863360,138864640,8,1.9243918359279636e-05,14352384000.0,1.670277045523324e+19,54770.0,1.7459751015022154,1.7613551162305423,bin_2
config_533,640,21,20,0.0062043196521699,0.9438592195510864,0.927529752254486,0.0299133192747831,1.9243918359279636e-05,128,60847.0,18556024719546777600,15950863360,138864640,8,4.969583312561243e-07,15938355200.0,1.8556024719546778e+19,60847.0,1.7148023218209627,1.730376313983417,bin_2
config_534,640,14,20,0.0073418808169662,0.8177918791770935,0.9802511930465698,0.1192711889743805,8.134889503708109e-05,64,41682.0,4588783923609600000,5463462400,103302400,16,8.134889503708109e-05,1592524800.0,1.3399090526906683e+18,12171.0,1.8826645360227487,1.9036632592169964,bin_1
config_534,640,14,20,0.0073418808169662,0.8177918791770935,0.9802511930465698,0.1192711889743805,8.134889503708109e-05,64,41682.0,4588783923609600000,5463462400,103302400,16,8.134889503708109e-05,3191603200.0,2.679818105381337e+18,24342.0,1.7644766905268685,1.783679781194593,bin_1
config_534,640,14,20,0.0073418808169662,0.8177918791770935,0.9802511930465698,0.1192711889743805,8.134889503708109e-05,64,41682.0,4588783923609600000,5463462400,103302400,16,8.134889503708109e-05,4784128000.0,4.019837248372941e+18,36514.0,1.7140788722819968,1.731364119248312,bin_1
config_534,640,14,20,0.0073418808169662,0.8177918791770935,0.9802511930465698,0.1192711889743805,8.134889503708109e-05,64,41682.0,4588783923609600000,5463462400,103302400,16,5.236702154871479e-07,5459148800.0,4.5887839236096e+18,41682.0,1.67238162185325,1.688924623551916,bin_1
config_535,1088,23,16,0.090029053390026,0.8304455876350403,0.9610896110534668,0.0097373314201831,8.915405487641692e-05,128,60778.0,47484721618856312832,15932589056,394278144,8,8.915405487641692e-05,1599078400.0,4.754878669458678e+18,6086.0,1.822083607658011,1.840595855537008,bin_2
config_535,1088,23,16,0.090029053390026,0.8304455876350403,0.9610896110534668,0.0097373314201831,8.915405487641692e-05,128,60778.0,47484721618856312832,15932589056,394278144,8,8.915405487641692e-05,3185049600.0,9.50897605750601e+18,12171.0,1.6719099082125992,1.6899920932777592,bin_2
config_535,1088,23,16,0.090029053390026,0.8304455876350403,0.9610896110534668,0.0097373314201831,8.915405487641692e-05,128,60778.0,47484721618856312832,15932589056,394278144,8,8.915405487641692e-05,4784128000.0,1.4263854726964689e+19,18257.0,1.6101212566602423,1.6260147205532574,bin_2
config_535,1088,23,16,0.090029053390026,0.8304455876350403,0.9610896110534668,0.0097373314201831,8.915405487641692e-05,128,60778.0,47484721618856312832,15932589056,394278144,8,8.915405487641692e-05,6383206400.0,1.901795211501202e+19,24342.0,1.5719216693620213,1.587491099404507,bin_2
config_535,1088,23,16,0.090029053390026,0.8304455876350403,0.9610896110534668,0.0097373314201831,8.915405487641692e-05,128,60778.0,47484721618856312832,15932589056,394278144,8,8.915405487641692e-05,7982284800.0,2.3772830784470696e+19,30428.0,1.5463028308016356,1.5613693572849523,bin_2
config_535,1088,23,16,0.090029053390026,0.8304455876350403,0.9610896110534668,0.0097373314201831,8.915405487641692e-05,128,60778.0,47484721618856312832,15932589056,394278144,8,8.915405487641692e-05,9568256000.0,2.8527709453929374e+19,36514.0,1.5261118923249792,1.540480308395917,bin_2
config_535,1088,23,16,0.090029053390026,0.8304455876350403,0.9610896110534668,0.0097373314201831,8.915405487641692e-05,128,60778.0,47484721618856312832,15932589056,394278144,8,8.915405487641692e-05,11167334400.0,3.32818068419767e+19,42599.0,1.5111169911212607,1.5248996552092131,bin_2
config_535,1088,23,16,0.090029053390026,0.8304455876350403,0.9610896110534668,0.0097373314201831,8.915405487641692e-05,128,60778.0,47484721618856312832,15932589056,394278144,8,8.915405487641692e-05,12766412800.0,3.803668551143538e+19,48685.0,1.4983331134084796,1.512166438952821,bin_2
config_535,1088,23,16,0.090029053390026,0.8304455876350403,0.9610896110534668,0.0097373314201831,8.915405487641692e-05,128,60778.0,47484721618856312832,15932589056,394278144,8,8.915405487641692e-05,14352384000.0,4.279078289948272e+19,54770.0,1.4890900842772157,1.5021205123917,bin_2
config_535,1088,23,16,0.090029053390026,0.8304455876350403,0.9610896110534668,0.0097373314201831,8.915405487641692e-05,128,60778.0,47484721618856312832,15932589056,394278144,8,4.223880772486754e-06,15925248000.0,4.748472161885631e+19,60778.0,1.458887232815633,1.4719785804826706,bin_2
config_536,512,9,16,0.0051707420498132,0.8613818287849426,0.9828129410743712,0.2085537165403366,0.0024074912071228,64,75530.0,4472015599372861440,9899923456,56422400,16,0.0024074912071228,1592524800.0,7.206262658541916e+17,12171.0,1.7964320874995872,1.8156390438705197,bin_1
config_536,512,9,16,0.0051707420498132,0.8613818287849426,0.9828129410743712,0.2085537165403366,0.0024074912071228,64,75530.0,4472015599372861440,9899923456,56422400,16,0.0024074912071228,3191603200.0,1.4412525317083832e+18,24342.0,1.7372074842453002,1.7552618958520108,bin_1
config_536,512,9,16,0.0051707420498132,0.8613818287849426,0.9828129410743712,0.2085537165403366,0.0024074912071228,64,75530.0,4472015599372861440,9899923456,56422400,16,0.0024074912071228,4784128000.0,2.161938006030725e+18,36514.0,1.7131082904534265,1.7294076225405834,bin_1
config_536,512,9,16,0.0051707420498132,0.8613818287849426,0.9828129410743712,0.2085537165403366,0.0024074912071228,64,75530.0,4472015599372861440,9899923456,56422400,16,0.0024074912071228,6383206400.0,2.8825642718849167e+18,48685.0,1.6975625532963237,1.7134040276730649,bin_1
config_536,512,9,16,0.0051707420498132,0.8613818287849426,0.9828129410743712,0.2085537165403366,0.0024074912071228,64,75530.0,4472015599372861440,9899923456,56422400,16,0.0022436497537177,7975731200.0,3.603190537739109e+18,60856.0,1.686131067862276,1.7016363967051271,bin_1
config_536,512,9,16,0.0051707420498132,0.8613818287849426,0.9828129410743712,0.2085537165403366,0.0024074912071228,64,75530.0,4472015599372861440,9899923456,56422400,16,0.0003790361981757,9574809600.0,4.3238168035933e+18,73027.0,1.632569787658629,1.6469911932554402,bin_1
config_536,512,9,16,0.0051707420498132,0.8613818287849426,0.9828129410743712,0.2085537165403366,0.0024074912071228,64,75530.0,4472015599372861440,9899923456,56422400,16,4.585115300513153e-06,9895936000.0,4.472015599372861e+18,75530.0,1.6248149978528257,1.639262125374841,bin_1
config_537,576,8,8,0.0146732199937105,0.8849349617958069,0.9577398300170898,0.0717504546046257,3.5714525438379496e-05,64,48249.0,3023602149710757888,6324118528,60819840,16,3.5714525438379496e-05,1592524800.0,7.62715533257262e+17,12171.0,2.102360388841785,2.1243514558526337,bin_1
config_537,576,8,8,0.0146732199937105,0.8849349617958069,0.9577398300170898,0.0717504546046257,3.5714525438379496e-05,64,48249.0,3023602149710757888,6324118528,60819840,16,3.5714525438379496e-05,3191603200.0,1.525431066514524e+18,24342.0,1.9363583478380424,1.956964567411141,bin_1
config_537,576,8,8,0.0146732199937105,0.8849349617958069,0.9577398300170898,0.0717504546046257,3.5714525438379496e-05,64,48249.0,3023602149710757888,6324118528,60819840,16,3.5714525438379496e-05,4784128000.0,2.288209266400104e+18,36514.0,1.869629757717008,1.8882695246133647,bin_1
config_537,576,8,8,0.0146732199937105,0.8849349617958069,0.9577398300170898,0.0717504546046257,3.5714525438379496e-05,64,48249.0,3023602149710757888,6324118528,60819840,16,5.056376037216407e-07,6317670400.0,3.023602149710758e+18,48249.0,1.816315806615548,1.834246876200692,bin_1
config_538,1024,10,16,0.0012346813455224,0.8859559893608093,0.9563424587249756,0.0449907332658767,0.0008458995143882,32,6858.0,598413502763040768,449507936,179955712,8,0.0008458995143882,226099200.0,2.992067513815204e+17,3429.0,2.043407772134562,2.0645830939050582,bin_0
config_538,1024,10,16,0.0012346813455224,0.8859559893608093,0.9563424587249756,0.0449907332658767,0.0008458995143882,32,6858.0,598413502763040768,449507936,179955712,8,2.197141595813748e-05,448921600.0,5.984135027630408e+17,6858.0,1.8596755660948203,1.8796152518030076,bin_0
config_539,1152,11,12,0.0050892131403088,0.8077093958854675,0.9000211954116821,0.0262959320098161,0.0003256532363593,64,9298.0,2084079250112643072,1218754048,233123328,8,0.0003256532363593,609484800.0,1.0420396250563215e+18,4649.0,1.8651169239693,1.883380444694738,bin_1
config_539,1152,11,12,0.0050892131403088,0.8077093958854675,0.9000211954116821,0.0262959320098161,0.0003256532363593,64,9298.0,2084079250112643072,1218754048,233123328,8,6.406293174282448e-05,1212416000.0,2.084079250112643e+18,9298.0,1.7259963471967663,1.7438414571128908,bin_1
config_540,896,14,4,0.0594098567962646,0.8597028851509094,0.988943874835968,0.1891155242919922,8.245614299084991e-05,64,34766.0,6499805478932054016,4556968448,186369792,8,8.245614299084991e-05,1592524800.0,2.2754740977990572e+18,12171.0,1.783740564311137,1.8021373710085131,bin_2
config_540,896,14,4,0.0594098567962646,0.8597028851509094,0.988943874835968,0.1891155242919922,8.245614299084991e-05,64,34766.0,6499805478932054016,4556968448,186369792,8,8.245614299084991e-05,3191603200.0,4.550948195598115e+18,24342.0,1.6870278070598352,1.7051241088304363,bin_2
config_540,896,14,4,0.0594098567962646,0.8597028851509094,0.988943874835968,0.1891155242919922,8.245614299084991e-05,64,34766.0,6499805478932054016,4556968448,186369792,8,2.006842543129917e-07,4554752000.0,6.499805478932054e+18,34766.0,1.6141238326322838,1.6307793956897298,bin_2
config_541,960,21,12,0.0496094301342964,0.9690523743629456,0.9887842535972596,0.0006916702259331,0.0028270387556403,64,16787.0,4793644818168053760,2200426752,280550400,8,0.0028270387556403,1592524800.0,3.475513854883147e+18,12171.0,3.3102141735592827,3.342947927850192,bin_1
config_541,960,21,12,0.0496094301342964,0.9690523743629456,0.9887842535972596,0.0006916702259331,0.0028270387556403,64,16787.0,4793644818168053760,2200426752,280550400,8,0.0028270387556403,2195456000.0,4.793644818168054e+18,16787.0,3.2433676234620514,3.276052163194437,bin_1
config_542,960,5,12,0.0745801776647567,0.9723525047302246,0.9781431555747986,0.2694425582885742,3.703452239278704e-05,32,9828.0,476215916240609280,644112704,103572480,16,3.703452239278704e-05,321126400.0,2.3810795812030464e+17,4914.0,2.356734642239868,2.3800008366928727,bin_0
config_542,960,5,12,0.0745801776647567,0.9723525047302246,0.9781431555747986,0.2694425582885742,3.703452239278704e-05,32,9828.0,476215916240609280,644112704,103572480,16,3.916037111019737e-07,642252800.0,4.762159162406093e+17,9828.0,2.130299350042812,2.151743703670189,bin_0
config_543,704,12,8,0.0336865782737731,0.9599584937095642,0.9285777807235718,0.2352309226989746,0.0001739056460792,64,12076.0,1383684559749955584,1582886784,111106688,16,0.0001739056460792,792985600.0,6.918422798749778e+17,6038.0,1.8823677245906143,1.902141679818513,bin_1
config_543,704,12,8,0.0336865782737731,0.9599584937095642,0.9285777807235718,0.2352309226989746,0.0001739056460792,64,12076.0,1383684559749955584,1582886784,111106688,16,1.59209394297877e-06,1579417600.0,1.3836845597499556e+18,12076.0,1.7423516937552903,1.7608002766624826,bin_1
config_544,640,11,16,0.0135884601622819,0.9044287204742432,0.9328563809394836,0.13579723238945,1.7222686437889934e-05,32,3434.0,157841466774712320,225071312,88061440,16,1.7222686437889934e-05,111411200.0,7.892073338735616e+16,1717.0,3.1212973158476784,3.1541532654058737,bin_0
config_544,640,11,16,0.0135884601622819,0.9044287204742432,0.9328563809394836,0.13579723238945,1.7222686437889934e-05,32,3434.0,157841466774712320,225071312,88061440,16,1.2565908559833853e-06,222822400.0,1.5784146677471232e+17,3434.0,2.8921326655247173,2.922405312334905,bin_0
config_545,704,5,4,0.0057585355825722,0.9879997372627258,0.9012895226478576,0.2537324130535126,0.0003537924203556,64,26660.0,1705707865411190784,3494495488,66941952,16,0.0003537924203556,1592524800.0,7.787010663885823e+17,12171.0,2.9788976366011823,3.0092442892418534,bin_1
config_545,704,5,4,0.0057585355825722,0.9879997372627258,0.9012895226478576,0.2537324130535126,0.0003537924203556,64,26660.0,1705707865411190784,3494495488,66941952,16,0.0001208250282408,3191603200.0,1.5574021327771643e+18,24342.0,4.66978069633734,4.664564535422404,bin_1
config_545,704,5,4,0.0057585355825722,0.9879997372627258,0.9012895226478576,0.2537324130535126,0.0003537924203556,64,26660.0,1705707865411190784,3494495488,66941952,16,5.230520703068827e-07,3493068800.0,1.7057078654111908e+18,26660.0,4.342342909437711,4.3552831573173645,bin_1
config_549,576,17,12,0.0212197378277778,0.8939684629440308,0.9714889526367188,0.1606993377208709,0.0001172821357613,32,3374.0,181428483207628800,221119600,96662016,8,0.0001172821357613,111411200.0,9.07142416038144e+16,1687.0,2.608616105181272,2.636245480736748,bin_0
config_549,576,17,12,0.0212197378277778,0.8939684629440308,0.9714889526367188,0.1606993377208709,0.0001172821357613,32,3374.0,181428483207628800,221119600,96662016,8,5.193304904561319e-06,219545600.0,1.814284832076288e+17,3374.0,2.235590824748649,2.258325902184502,bin_0
config_55,832,17,16,0.0913548916578292,0.8025023341178894,0.937713384628296,0.051903948187828,0.0001684664166532,64,68819.0,13238146885321752576,9020311552,186694144,8,0.0001684664166532,1592524800.0,2.341235498063777e+18,12171.0,1.7729961825198814,1.7911942507399887,bin_2
config_55,832,17,16,0.0913548916578292,0.8025023341178894,0.937713384628296,0.051903948187828,0.0001684664166532,64,68819.0,13238146885321752576,9020311552,186694144,8,0.0001684664166532,3191603200.0,4.682470996127554e+18,24342.0,1.6810155636951571,1.6987601955210576,bin_2
config_55,832,17,16,0.0913548916578292,0.8025023341178894,0.937713384628296,0.051903948187828,0.0001684664166532,64,68819.0,13238146885321752576,9020311552,186694144,8,0.0001684664166532,4784128000.0,7.023898855993817e+18,36514.0,1.6445418697497884,1.659682903680645,bin_2
config_55,832,17,16,0.0913548916578292,0.8025023341178894,0.937713384628296,0.051903948187828,0.0001684664166532,64,68819.0,13238146885321752576,9020311552,186694144,8,0.0001684664166532,6383206400.0,9.365134354057593e+18,48685.0,1.6234500632129731,1.6381734294774102,bin_2
config_55,832,17,16,0.0913548916578292,0.8025023341178894,0.937713384628296,0.051903948187828,0.0001684664166532,64,68819.0,13238146885321752576,9020311552,186694144,8,0.0001684664166532,7975731200.0,1.170636985212137e+19,60856.0,1.6104018333700836,1.6242700788818425,bin_2
config_55,832,17,16,0.0913548916578292,0.8025023341178894,0.937713384628296,0.051903948187828,0.0001684664166532,64,68819.0,13238146885321752576,9020311552,186694144,8,8.963488984630851e-07,9017753600.0,1.3238146885321753e+19,68819.0,1.5440654580808078,1.561072927166204,bin_2
config_550,1152,23,8,0.1926708668470382,0.9196611046791076,0.9759281873703004,0.2292598187923431,0.0002997693081852,64,73619.0,30843185982577311744,9649458176,424253952,8,0.0002997693081852,1592524800.0,5.099124092882931e+18,12171.0,1.6918685308636212,1.707742262472872,bin_2
config_550,1152,23,8,0.1926708668470382,0.9196611046791076,0.9759281873703004,0.2292598187923431,0.0002997693081852,64,73619.0,30843185982577311744,9649458176,424253952,8,0.0002997693081852,3191603200.0,1.019824818576586e+19,24342.0,1.612243560591682,1.6288243084266538,bin_2
config_550,1152,23,8,0.1926708668470382,0.9196611046791076,0.9759281873703004,0.2292598187923431,0.0002997693081852,64,73619.0,30843185982577311744,9649458176,424253952,8,0.0002997693081852,4784128000.0,1.5297791235521102e+19,36514.0,1.5828514341252748,1.5973012869866168,bin_2
config_550,1152,23,8,0.1926708668470382,0.9196611046791076,0.9759281873703004,0.2292598187923431,0.0002997693081852,64,73619.0,30843185982577311744,9649458176,424253952,8,0.0002997693081852,6383206400.0,2.0396915328404038e+19,48685.0,1.5667335786389522,1.5810768900738388,bin_2
config_550,1152,23,8,0.1926708668470382,0.9196611046791076,0.9759281873703004,0.2292598187923431,0.0002997693081852,64,73619.0,30843185982577311744,9649458176,424253952,8,0.0002268030038642,7975731200.0,2.5496039421286965e+19,60856.0,1.5303091698884963,1.543844717526045,bin_2
config_550,1152,23,8,0.1926708668470382,0.9196611046791076,0.9759281873703004,0.2292598187923431,0.0002997693081852,64,73619.0,30843185982577311744,9649458176,424253952,8,1.0106579152537844e-05,9574809600.0,3.0595163514169893e+19,73027.0,1.4355855236385688,1.44839011108289,bin_2
config_550,1152,23,8,0.1926708668470382,0.9196611046791076,0.9759281873703004,0.2292598187923431,0.0002997693081852,64,73619.0,30843185982577311744,9649458176,424253952,8,3.374780384854176e-07,9646899200.0,3.084318598257731e+19,73619.0,1.434086144068202,1.4467941320040187,bin_2
config_552,448,4,8,0.0024217499885708,0.9200093746185304,0.9134805202484132,0.2251429706811905,0.0003273439942859,64,34051.0,1070001143863443456,4463172608,32620672,16,0.0003273439942859,1592524800.0,3.824552559972386e+17,12171.0,1.9439932412397667,1.9652048652680196,bin_1
config_552,448,4,8,0.0024217499885708,0.9200093746185304,0.9134805202484132,0.2251429706811905,0.0003273439942859,64,34051.0,1070001143863443456,4463172608,32620672,16,0.0003273439942859,3191603200.0,7.649105119944772e+17,24342.0,1.8916792120699024,1.9127334973069487,bin_1
config_552,448,4,8,0.0024217499885708,0.9200093746185304,0.9134805202484132,0.2251429706811905,0.0003273439942859,64,34051.0,1070001143863443456,4463172608,32620672,16,4.270075584214463e-08,4463001600.0,1.0700011438634436e+18,34051.0,1.8243466236161403,1.842739344542144,bin_1
config_553,256,12,4,0.0390718691051006,0.8511517643928528,0.9481709003448486,0.2404150366783142,0.0016127225244417,64,22455.0,630043268530176000,2943238400,23100928,16,0.0016127225244417,1592524800.0,3.4149439417861376e+17,12171.0,1.9342628713904837,1.9548322299269376,bin_0
config_553,256,12,4,0.0390718691051006,0.8511517643928528,0.9481709003448486,0.2404150366783142,0.0016127225244417,64,22455.0,630043268530176000,2943238400,23100928,16,1.4938148614688628e-06,2942566400.0,6.30043268530176e+17,22455.0,1.8178464087892752,1.837333905931379,bin_0
config_554,896,12,16,0.0361963361501693,0.9114911556243896,0.9548929929733276,0.0853696390986442,0.0001572812616359,32,7804.0,645069829060952064,511475712,166181120,8,0.0001572812616359,255590400.0,3.22534914530476e+17,3902.0,2.0896101480233864,2.111021226683601,bin_0
config_554,896,12,16,0.0361963361501693,0.9114911556243896,0.9548929929733276,0.0853696390986442,0.0001572812616359,32,7804.0,645069829060952064,511475712,166181120,8,9.446322020176884e-07,511180800.0,6.45069829060952e+17,7804.0,1.8901412748313344,1.9106378127903236,bin_0
config_555,768,18,16,0.0237780660390853,0.8432180285453796,0.985576868057251,0.0072029652073979,1.451543630537344e-05,32,12567.0,1100233493736357888,823634752,166043136,8,1.451543630537344e-05,412876800.0,5.500729721608608e+17,6283.0,2.656454029513187,2.6839229684970416,bin_1
config_555,768,18,16,0.0237780660390853,0.8432180285453796,0.985576868057251,0.0072029652073979,1.451543630537344e-05,32,12567.0,1100233493736357888,823634752,166043136,8,2.7418046354594287e-06,822476800.0,1.100233493736358e+18,12567.0,2.339746394997737,2.3642866943312475,bin_1
config_556,256,21,16,0.0402980595827102,0.8564178347587585,0.904316246509552,0.147310122847557,1.0677696991479024e-05,128,55549.0,4611710219358044160,14562037760,30773248,16,1.0677696991479024e-05,1599078400.0,5.052632521739916e+17,6086.0,3.1613300230464,3.1949775319021256,bin_1
config_556,256,21,16,0.0402980595827102,0.8564178347587585,0.904316246509552,0.147310122847557,1.0677696991479024e-05,128,55549.0,4611710219358044160,14562037760,30773248,16,1.0677696991479024e-05,3185049600.0,1.010443483767606e+18,12171.0,2.8560577545791377,2.8861789603311507,bin_1
config_556,256,21,16,0.0402980595827102,0.8564178347587585,0.904316246509552,0.147310122847557,1.0677696991479024e-05,128,55549.0,4611710219358044160,14562037760,30773248,16,1.0677696991479024e-05,4784128000.0,1.515706735941598e+18,18257.0,2.707606297477347,2.73626781401087,bin_1
config_556,256,21,16,0.0402980595827102,0.8564178347587585,0.904316246509552,0.147310122847557,1.0677696991479024e-05,128,55549.0,4611710219358044160,14562037760,30773248,16,1.0677696991479024e-05,6383206400.0,2.0208869675352123e+18,24342.0,2.597867910705629,2.625281195875074,bin_1
config_556,256,21,16,0.0402980595827102,0.8564178347587585,0.904316246509552,0.147310122847557,1.0677696991479024e-05,128,55549.0,4611710219358044160,14562037760,30773248,16,1.0677696991479024e-05,7982284800.0,2.5261502197092035e+18,30428.0,2.5124390775258423,2.5391914022945965,bin_1
config_556,256,21,16,0.0402980595827102,0.8564178347587585,0.904316246509552,0.147310122847557,1.0677696991479024e-05,128,55549.0,4611710219358044160,14562037760,30773248,16,1.0677696991479024e-05,9568256000.0,3.031413471883196e+18,36514.0,2.435570949296482,2.4625719959227763,bin_1
config_556,256,21,16,0.0402980595827102,0.8564178347587585,0.904316246509552,0.147310122847557,1.0677696991479024e-05,128,55549.0,4611710219358044160,14562037760,30773248,16,1.0677696991479024e-05,11167334400.0,3.53659370347681e+18,42599.0,2.362591319514103,2.3884172101880683,bin_1
config_556,256,21,16,0.0402980595827102,0.8564178347587585,0.904316246509552,0.147310122847557,1.0677696991479024e-05,128,55549.0,4611710219358044160,14562037760,30773248,16,8.938101527088712e-06,12766412800.0,4.0418569556508017e+18,48685.0,2.298089050191348,2.3228153386272368,bin_1
config_556,256,21,16,0.0402980595827102,0.8564178347587585,0.904316246509552,0.147310122847557,1.0677696991479024e-05,128,55549.0,4611710219358044160,14562037760,30773248,16,1.0427132603509838e-06,14352384000.0,4.547037187244417e+18,54770.0,2.2656330852821225,2.288415129849168,bin_1
config_556,256,21,16,0.0402980595827102,0.8564178347587585,0.904316246509552,0.147310122847557,1.0677696991479024e-05,128,55549.0,4611710219358044160,14562037760,30773248,16,6.394611984630581e-08,14548992000.0,4.611710219358044e+18,55549.0,2.26448864635874,2.287192174762976,bin_1
config_557,512,13,16,0.137888953089714,0.8199853897094727,0.9093714952468872,0.1425899267196655,0.0026003892999142,32,10581.0,404881036717326336,693476096,70057984,16,0.0026003892999142,347340800.0,2.024213859025287e+17,5290.0,2.1396948369213797,2.160903720738458,bin_0
config_557,512,13,16,0.137888953089714,0.8199853897094727,0.9093714952468872,0.1425899267196655,0.0026003892999142,32,10581.0,404881036717326336,693476096,70057984,16,5.345627871176494e-05,691404800.0,4.048810367173264e+17,10581.0,1.907873637637154,1.9269052201411765,bin_0
config_558,1088,19,16,0.0333790853619575,0.987553596496582,0.9805797338485718,0.0831183344125747,7.688154437346384e-05,32,6890.0,1137639767221407744,451603936,335221504,8,7.688154437346384e-05,226099200.0,5.688198836107039e+17,3445.0,2.325166472509259,2.3488927318815325,bin_1
config_558,1088,19,16,0.0333790853619575,0.987553596496582,0.9805797338485718,0.0831183344125747,7.688154437346384e-05,32,6890.0,1137639767221407744,451603936,335221504,8,5.376331774368108e-06,448921600.0,1.1376397672214076e+18,6890.0,1.9755604377535525,1.9950504944168157,bin_1
config_56,512,19,8,0.0167514309287071,0.9526915550231934,0.9388031959533693,0.2194300591945648,0.0004948822315782,32,4139.0,212127364104192000,271254400,90511360,8,0.0004948822315782,134348800.0,1.0603805661550451e+17,2069.0,2.3194150284470103,2.3435745152489083,bin_0
config_56,512,19,8,0.0167514309287071,0.9526915550231934,0.9388031959533693,0.2194300591945648,0.0004948822315782,32,4139.0,212127364104192000,271254400,90511360,8,2.1255954880562776e-05,268697600.0,2.12127364104192e+17,4139.0,2.040741389481748,2.061778025158116,bin_0
config_561,704,17,22,0.0233295951038599,0.9751349091529846,0.9973720908164978,0.2383238971233368,7.444753282470629e-05,32,14736.0,1110519790146404352,965757312,142652928,8,7.444753282470629e-05,481689600.0,5.552598950732022e+17,7368.0,2.040222237540073,2.061473248454391,bin_1
config_561,704,17,22,0.0233295951038599,0.9751349091529846,0.9973720908164978,0.2383238971233368,7.444753282470629e-05,32,14736.0,1110519790146404352,965757312,142652928,8,7.633469614609515e-07,963379200.0,1.1105197901464044e+18,14736.0,1.8564156781454555,1.8758708575319072,bin_1
config_562,320,4,20,0.109624296426773,0.9183616042137146,0.937969446182251,0.1824943125247955,0.0022128480486571,64,10775.0,227964110977843200,1412307840,21662080,16,0.0022128480486571,707788800.0,1.1397147710790174e+17,5387.0,2.0717408957246874,2.0937834963642183,bin_0
config_562,320,4,20,0.109624296426773,0.9183616042137146,0.937969446182251,0.1824943125247955,0.0022128480486571,64,10775.0,227964110977843200,1412307840,21662080,16,2.813896297885511e-05,1409024000.0,2.279641109778432e+17,10775.0,1.9208462502917305,1.9420370409527763,bin_0
config_563,1024,11,16,0.0021812457125633,0.9771543741226196,0.9166333079338074,0.1419489830732345,0.0012113230768591,64,42554.0,7995668922784284672,5577726464,192802816,8,0.0012113230768591,1592524800.0,2.286865781341532e+18,12171.0,1.715898605878236,1.7340581250190734,bin_2
config_563,1024,11,16,0.0021812457125633,0.9771543741226196,0.9166333079338074,0.1419489830732345,0.0012113230768591,64,42554.0,7995668922784284672,5577726464,192802816,8,0.0012113230768591,3191603200.0,4.5737315626830633e+18,24342.0,1.6418614975350805,1.6591689737116704,bin_2
config_563,1024,11,16,0.0021812457125633,0.9771543741226196,0.9166333079338074,0.1419489830732345,0.0012113230768591,64,42554.0,7995668922784284672,5577726464,192802816,8,0.0012113230768591,4784128000.0,6.860785238674281e+18,36514.0,1.6088668849429146,1.6245427371830237,bin_2
config_563,1024,11,16,0.0021812457125633,0.9771543741226196,0.9166333079338074,0.1419489830732345,0.0012113230768591,64,42554.0,7995668922784284672,5577726464,192802816,8,8.02200713151879e-07,5577113600.0,7.995668922784285e+18,42554.0,1.5465061033260628,1.5615295540504768,bin_2
config_564,576,21,12,0.0027806148864328,0.8113366961479187,0.933566153049469,0.1756224483251571,1.061269358615391e-05,64,25565.0,3259408704777584640,3350977792,112591872,8,1.061269358615391e-05,1592524800.0,1.5517411830959508e+18,12171.0,2.53655056312436,2.5639208249185907,bin_1
config_564,576,21,12,0.0027806148864328,0.8113366961479187,0.933566153049469,0.1756224483251571,1.061269358615391e-05,64,25565.0,3259408704777584640,3350977792,112591872,8,2.8724488097966143e-06,3191603200.0,3.1034823661919017e+18,24342.0,2.2067074268958606,2.229900417327881,bin_1
config_564,576,21,12,0.0027806148864328,0.8113366961479187,0.933566153049469,0.1756224483251571,1.061269358615391e-05,64,25565.0,3259408704777584640,3350977792,112591872,8,3.5462330985143644e-08,3348889600.0,3.2594087047775846e+18,25565.0,2.199051720060286,2.2221244459660325,bin_1
config_566,320,16,10,0.0303500033915042,0.8595975637435913,0.9823294281959534,0.2661530971527099,0.0001448235561838,64,39641.0,1850012449387315200,5195870208,38381440,16,0.0001448235561838,1592524800.0,5.680104316614872e+17,12171.0,1.9313938810786264,1.9524789837149323,bin_1
config_566,320,16,10,0.0303500033915042,0.8595975637435913,0.9823294281959534,0.2661530971527099,0.0001448235561838,64,39641.0,1850012449387315200,5195870208,38381440,16,0.0001448235561838,3191603200.0,1.1360208633229745e+18,24342.0,1.8309304007936695,1.8511785129640923,bin_1
config_566,320,16,10,0.0303500033915042,0.8595975637435913,0.9823294281959534,0.2661530971527099,0.0001448235561838,64,39641.0,1850012449387315200,5195870208,38381440,16,4.3117610424022094e-05,4784128000.0,1.7040779641514703e+18,36514.0,1.7667180557329147,1.7859590092252513,bin_1
config_566,320,16,10,0.0303500033915042,0.8595975637435913,0.9823294281959534,0.2661530971527099,0.0001448235561838,64,39641.0,1850012449387315200,5195870208,38381440,16,5.628214031788855e-07,5190451200.0,1.8500124493873152e+18,39641.0,1.7548750803900546,1.7737841581516578,bin_1
config_567,512,21,16,0.0132428193464875,0.8406775593757629,0.9730409979820251,0.2373949587345123,1.1994316992058884e-05,64,66815.0,7427214244347641856,8757640192,97329152,8,1.1994316992058884e-05,1592524800.0,1.3529390790684e+18,12171.0,2.591323456783764,2.6193133122803736,bin_2
config_567,512,21,16,0.0132428193464875,0.8406775593757629,0.9730409979820251,0.2373949587345123,1.1994316992058884e-05,64,66815.0,7427214244347641856,8757640192,97329152,8,1.1994316992058884e-05,3191603200.0,2.7058781581368e+18,24342.0,2.234190399216824,2.257697029055142,bin_2
config_567,512,21,16,0.0132428193464875,0.8406775593757629,0.9730409979820251,0.2373949587345123,1.1994316992058884e-05,64,66815.0,7427214244347641856,8757640192,97329152,8,1.1994316992058884e-05,4784128000.0,4.0589283980859054e+18,36514.0,2.0833130667053283,2.1039791099947007,bin_2
config_567,512,21,16,0.0132428193464875,0.8406775593757629,0.9730409979820251,0.2373949587345123,1.1994316992058884e-05,64,66815.0,7427214244347641856,8757640192,97329152,8,1.1994316992058884e-05,6383206400.0,5.411867477154306e+18,48685.0,1.9923718097952543,2.0124574173669347,bin_2
config_567,512,21,16,0.0132428193464875,0.8406775593757629,0.9730409979820251,0.2373949587345123,1.1994316992058884e-05,64,66815.0,7427214244347641856,8757640192,97329152,8,4.510819044047112e-06,7975731200.0,6.764806556222706e+18,60856.0,1.9335405913728183,1.9530698213616355,bin_2
config_567,512,21,16,0.0132428193464875,0.8406775593757629,0.9730409979820251,0.2373949587345123,1.1994316992058884e-05,64,66815.0,7427214244347641856,8757640192,97329152,8,1.1343216372289892e-08,8755609600.0,7.427214244347642e+18,66815.0,1.919005558647093,1.9398169547026276,bin_2
config_568,448,13,16,0.0505226179957389,0.8974802494049072,0.9220789670944214,0.0325861051678657,1.5806368537596427e-05,32,3433.0,106894211010693120,225002640,55336960,16,1.5806368537596427e-05,111411200.0,5.343153687572077e+16,1716.0,3.314403329364589,3.349678914820561,bin_0
config_568,448,13,16,0.0505226179957389,0.8974802494049072,0.9220789670944214,0.0325861051678657,1.5806368537596427e-05,32,3433.0,106894211010693120,225002640,55336960,16,4.699190646312451e-06,222822400.0,1.0689421101069312e+17,3433.0,3.04430082336801,3.076060287053468,bin_0
config_569,640,8,16,0.014832966029644,0.8600969314575195,0.99638032913208,0.1074435412883758,4.9993435823125765e-05,128,57963.0,8549835035458928640,15194662912,72820480,16,4.9993435823125765e-05,1599078400.0,8.9771571564279e+17,6086.0,2.159195372941064,2.1815790548871776,bin_2
config_569,640,8,16,0.014832966029644,0.8600969314575195,0.99638032913208,0.1074435412883758,4.9993435823125765e-05,128,57963.0,8549835035458928640,15194662912,72820480,16,4.9993435823125765e-05,3185049600.0,1.7952839262386458e+18,12171.0,1.9413505714447767,1.962588546549688,bin_2
config_569,640,8,16,0.014832966029644,0.8600969314575195,0.99638032913208,0.1074435412883758,4.9993435823125765e-05,128,57963.0,8549835035458928640,15194662912,72820480,16,4.9993435823125765e-05,4784128000.0,2.692999641881436e+18,18257.0,1.859603892349806,1.8789534642266448,bin_2
config_569,640,8,16,0.014832966029644,0.8600969314575195,0.99638032913208,0.1074435412883758,4.9993435823125765e-05,128,57963.0,8549835035458928640,15194662912,72820480,16,4.9993435823125765e-05,6383206400.0,3.5905678524772915e+18,24342.0,1.8120596454964308,1.8310535715837948,bin_2
config_569,640,8,16,0.014832966029644,0.8600969314575195,0.99638032913208,0.1074435412883758,4.9993435823125765e-05,128,57963.0,8549835035458928640,15194662912,72820480,16,4.9993435823125765e-05,7982284800.0,4.488283568120082e+18,30428.0,1.779878112996211,1.7985875373981035,bin_2
config_569,640,8,16,0.014832966029644,0.8600969314575195,0.99638032913208,0.1074435412883758,4.9993435823125765e-05,128,57963.0,8549835035458928640,15194662912,72820480,16,4.9993435823125765e-05,9568256000.0,5.385999283762871e+18,36514.0,1.755316198419352,1.773322883433983,bin_2
config_569,640,8,16,0.014832966029644,0.8600969314575195,0.99638032913208,0.1074435412883758,4.9993435823125765e-05,128,57963.0,8549835035458928640,15194662912,72820480,16,4.9993435823125765e-05,11167334400.0,6.283567494358727e+18,42599.0,1.736981732219946,1.7542351426062035,bin_2
config_569,640,8,16,0.014832966029644,0.8600969314575195,0.99638032913208,0.1074435412883758,4.9993435823125765e-05,128,57963.0,8549835035458928640,15194662912,72820480,16,4.9993435823125765e-05,12766412800.0,7.181283210001518e+18,48685.0,1.7224478025123722,1.7390217996816166,bin_2
config_569,640,8,16,0.014832966029644,0.8600969314575195,0.99638032913208,0.1074435412883758,4.9993435823125765e-05,128,57963.0,8549835035458928640,15194662912,72820480,16,2.579555312344678e-05,14352384000.0,8.078851420597373e+18,54770.0,1.7012326710341408,1.7171332383546674,bin_2
config_569,640,8,16,0.014832966029644,0.8600969314575195,0.99638032913208,0.1074435412883758,4.9993435823125765e-05,128,57963.0,8549835035458928640,15194662912,72820480,16,1.043704296933799e-07,15191244800.0,8.549835035458929e+18,57963.0,1.68902388986994,1.7046953796558693,bin_2
config_57,576,21,8,0.1570431143045425,0.9747588634490968,0.9676585793495178,0.2478415071964264,0.0034987910185009,64,29936.0,3816606625067335680,3923829504,112591872,8,0.0034987910185009,1592524800.0,1.5517076173735483e+18,12171.0,1.8891164442945696,1.908540875853085,bin_1
config_57,576,21,8,0.1570431143045425,0.9747588634490968,0.9676585793495178,0.2478415071964264,0.0034987910185009,64,29936.0,3816606625067335680,3923829504,112591872,8,0.0026343505363723,3191603200.0,3.1034152347470966e+18,24342.0,1.824904698719744,1.8435872445341015,bin_1
config_57,576,21,8,0.1570431143045425,0.9747588634490968,0.9676585793495178,0.2478415071964264,0.0034987910185009,64,29936.0,3816606625067335680,3923829504,112591872,8,1.6977554477157816e-05,3919052800.0,3.816606625067336e+18,29936.0,1.6491901605246495,1.666332339869171,bin_1
config_571,768,21,24,0.0482745207846164,0.8041978478431702,0.998424768447876,0.2594394385814667,6.55403928249143e-05,128,58943.0,23484260631417716736,15451675648,187281408,8,6.55403928249143e-05,1599078400.0,2.424803796936163e+18,6086.0,1.9502119102048088,1.9707711515270296,bin_2
config_571,768,21,24,0.0482745207846164,0.8041978478431702,0.998424768447876,0.2594394385814667,6.55403928249143e-05,128,58943.0,23484260631417716736,15451675648,187281408,8,6.55403928249143e-05,3185049600.0,4.849209170639177e+18,12171.0,1.77626254626962,1.7957596177546704,bin_2
config_571,768,21,24,0.0482745207846164,0.8041978478431702,0.998424768447876,0.2594394385814667,6.55403928249143e-05,128,58943.0,23484260631417716736,15451675648,187281408,8,6.55403928249143e-05,4784128000.0,7.27401296757534e+18,18257.0,1.706941975882796,1.724240553613569,bin_2
config_571,768,21,24,0.0482745207846164,0.8041978478431702,0.998424768447876,0.2594394385814667,6.55403928249143e-05,128,58943.0,23484260631417716736,15451675648,187281408,8,6.55403928249143e-05,6383206400.0,9.698418341278351e+18,24342.0,1.663465230464935,1.6801522585993909,bin_2
config_571,768,21,24,0.0482745207846164,0.8041978478431702,0.998424768447876,0.2594394385814667,6.55403928249143e-05,128,58943.0,23484260631417716736,15451675648,187281408,8,6.55403928249143e-05,7982284800.0,1.2123222138214517e+19,30428.0,1.633683081533088,1.6500138016997792,bin_2
config_571,768,21,24,0.0482745207846164,0.8041978478431702,0.998424768447876,0.2594394385814667,6.55403928249143e-05,128,58943.0,23484260631417716736,15451675648,187281408,8,6.55403928249143e-05,9568256000.0,1.454802593515068e+19,36514.0,1.610704057333899,1.6265257337640544,bin_2
config_571,768,21,24,0.0482745207846164,0.8041978478431702,0.998424768447876,0.2594394385814667,6.55403928249143e-05,128,58943.0,23484260631417716736,15451675648,187281408,8,6.55403928249143e-05,11167334400.0,1.6972431308853694e+19,42599.0,1.593249926527993,1.608623617770242,bin_2
config_571,768,21,24,0.0482745207846164,0.8041978478431702,0.998424768447876,0.2594394385814667,6.55403928249143e-05,128,58943.0,23484260631417716736,15451675648,187281408,8,4.3900748345906174e-05,12766412800.0,1.9397235105789858e+19,48685.0,1.5698030704748436,1.5844100360987616,bin_2
config_571,768,21,24,0.0482745207846164,0.8041978478431702,0.998424768447876,0.2594394385814667,6.55403928249143e-05,128,58943.0,23484260631417716736,15451675648,187281408,8,1.7970891127051117e-05,14352384000.0,2.1821640479492874e+19,54770.0,1.549420689500746,1.5627433427630877,bin_2
config_571,768,21,24,0.0482745207846164,0.8041978478431702,0.998424768447876,0.2594394385814667,6.55403928249143e-05,128,58943.0,23484260631417716736,15451675648,187281408,8,1.842948529604579e-07,15440281600.0,2.348426063141772e+19,58943.0,1.5399849892053448,1.5530912894889957,bin_2
config_572,896,13,16,0.0061977170407772,0.9103610515594482,0.993830144405365,0.1999456584453582,0.0039911954663693,64,8021.0,1412867446369763328,1051421504,176275456,8,0.0039911954663693,524288000.0,7.063456501611708e+17,4010.0,3.398303502075008,3.432767000081109,bin_1
config_572,896,13,16,0.0061977170407772,0.9103610515594482,0.993830144405365,0.1999456584453582,0.0039911954663693,64,8021.0,1412867446369763328,1051421504,176275456,8,5.228640348955548e-05,1048576000.0,1.4128674463697633e+18,8021.0,3.1980990360994808,3.2319621814665247,bin_1
config_573,768,16,6,0.0326770022511482,0.8339313864707947,0.970871925354004,0.2652803063392639,0.0001464052475057,64,39873.0,6340318490212171776,5226354688,151884288,8,0.0001464052475057,1592524800.0,1.9353451293951383e+18,12171.0,1.7686799358930745,1.786758606257986,bin_2
config_573,768,16,6,0.0326770022511482,0.8339313864707947,0.970871925354004,0.2652803063392639,0.0001464052475057,64,39873.0,6340318490212171776,5226354688,151884288,8,0.0001464052475057,3191603200.0,3.8706902587902766e+18,24342.0,1.6797298623890171,1.6972298655744458,bin_2
config_573,768,16,6,0.0326770022511482,0.8339313864707947,0.970871925354004,0.2652803063392639,0.0001464052475057,64,39873.0,6340318490212171776,5226354688,151884288,8,4.668856006777999e-05,4784128000.0,5.806194401013399e+18,36514.0,1.6079469317881787,1.6230591282101927,bin_2
config_573,768,16,6,0.0326770022511482,0.8339313864707947,0.970871925354004,0.2652803063392639,0.0001464052475057,64,39873.0,6340318490212171776,5226354688,151884288,8,3.183625501212376e-07,5223219200.0,6.340318490212172e+18,39873.0,1.5916427265034347,1.6068243551645125,bin_2
config_575,512,6,16,0.0602449402213096,0.9865899682044984,0.9441213607788086,0.2848384976387024,0.0007248498150147,64,35160.0,1625145472626720768,4608618496,46195712,16,0.0007248498150147,1592524800.0,5.625610223930552e+17,12171.0,1.8837439752015912,1.903909464976827,bin_1
config_575,512,6,16,0.0602449402213096,0.9865899682044984,0.9441213607788086,0.2848384976387024,0.0007248498150147,64,35160.0,1625145472626720768,4608618496,46195712,16,0.0007248498150147,3191603200.0,1.1251220447861105e+18,24342.0,1.81632735678407,1.8362232090215211,bin_1
config_575,512,6,16,0.0602449402213096,0.9865899682044984,0.9441213607788086,0.2848384976387024,0.0007248498150147,64,35160.0,1625145472626720768,4608618496,46195712,16,7.238364439931698e-07,4607180800.0,1.6251454726267208e+18,35160.0,1.7205510687828065,1.7395539390063677,bin_1
config_576,768,19,8,0.0055495449341833,0.9035104513168336,0.9022383093833924,0.2527274787425995,0.0039229355752468,128,47591.0,17430669991319961600,12475709440,173122560,8,0.0039229355752468,1599078400.0,2.2290571235564137e+18,6086.0,1.7136669689710022,1.7319135526750908,bin_2
config_576,768,19,8,0.0055495449341833,0.9035104513168336,0.9022383093833924,0.2527274787425995,0.0039229355752468,128,47591.0,17430669991319961600,12475709440,173122560,8,0.0039229355752468,3185049600.0,4.45774798731599e+18,12171.0,1.640962687300854,1.6585857784161802,bin_2
config_576,768,19,8,0.0055495449341833,0.9035104513168336,0.9022383093833924,0.2527274787425995,0.0039229355752468,128,47591.0,17430669991319961600,12475709440,173122560,8,0.0039229355752468,4784128000.0,6.686805110872403e+18,18257.0,1.6104202654518065,1.6258780521447542,bin_2
config_576,768,19,8,0.0055495449341833,0.9035104513168336,0.9022383093833924,0.2527274787425995,0.0039229355752468,128,47591.0,17430669991319961600,12475709440,173122560,8,0.0039229355752468,6383206400.0,8.91549597463198e+18,24342.0,1.5930699634747427,1.6073123315318687,bin_2
config_576,768,19,8,0.0055495449341833,0.9035104513168336,0.9022383093833924,0.2527274787425995,0.0039229355752468,128,47591.0,17430669991319961600,12475709440,173122560,8,0.0039229355752468,7982284800.0,1.1144553098188392e+19,30428.0,1.579995367097073,1.594237283448704,bin_2
config_576,768,19,8,0.0055495449341833,0.9035104513168336,0.9022383093833924,0.2527274787425995,0.0039229355752468,128,47591.0,17430669991319961600,12475709440,173122560,8,0.0036176335299794,9568256000.0,1.3373610221744806e+19,36514.0,1.5661314665294084,1.5798265000444944,bin_2
config_576,768,19,8,0.0055495449341833,0.9035104513168336,0.9022383093833924,0.2527274787425995,0.0039229355752468,128,47591.0,17430669991319961600,12475709440,173122560,8,0.0016279513973606,11167334400.0,1.5602301085504385e+19,42599.0,1.5255739995690645,1.5389139982715982,bin_2
config_576,768,19,8,0.0055495449341833,0.9035104513168336,0.9022383093833924,0.2527274787425995,0.0039229355752468,128,47591.0,17430669991319961600,12475709440,173122560,8,1.3373273350388015e-05,12464947200.0,1.7430669991319962e+19,47591.0,1.4929865938327351,1.505354898747851,bin_2
config_577,256,11,16,0.001548814587295,0.9092930555343628,0.9043208956718444,0.0018160165054723,0.0020044059492647,64,26549.0,705235129010749440,3479869440,22248448,16,0.0020044059492647,1592524800.0,3.2330471035405594e+17,12171.0,1.9670729566402123,1.988111204319313,bin_0
config_577,256,11,16,0.001548814587295,0.9092930555343628,0.9043208956718444,0.0018160165054723,0.0020044059492647,64,26549.0,705235129010749440,3479869440,22248448,16,0.0020044059492647,3191603200.0,6.466094207081119e+17,24342.0,1.9209810276500516,1.9413449905739453,bin_0
config_577,256,11,16,0.001548814587295,0.9092930555343628,0.9043208956718444,0.0018160165054723,0.0020044059492647,64,26549.0,705235129010749440,3479869440,22248448,16,0.0020044059492647,3473408000.0,7.052351290107494e+17,26549.0,1.897407554876609,1.9175238550686449,bin_0
config_578,768,4,16,0.024618336930871,0.9404509663581848,0.9415837526321412,0.2352568954229354,0.0004334999248385,64,61261.0,3830479634379571200,8029628416,66931200,16,0.0004334999248385,1592524800.0,7.610187171289036e+17,12171.0,1.8568680412652063,1.87677624378048,bin_1
config_578,768,4,16,0.024618336930871,0.9404509663581848,0.9415837526321412,0.2352568954229354,0.0004334999248385,64,61261.0,3830479634379571200,8029628416,66931200,16,0.0004334999248385,3191603200.0,1.522037434257807e+18,24342.0,1.7935335112008892,1.812658748978474,bin_1
config_578,768,4,16,0.024618336930871,0.9404509663581848,0.9415837526321412,0.2352568954229354,0.0004334999248385,64,61261.0,3830479634379571200,8029628416,66931200,16,0.0004334999248385,4784128000.0,2.283118678600344e+18,36514.0,1.768627122386557,1.7852383261430458,bin_1
config_578,768,4,16,0.024618336930871,0.9404509663581848,0.9415837526321412,0.2352568954229354,0.0004334999248385,64,61261.0,3830479634379571200,8029628416,66931200,16,0.0003778235190047,6383206400.0,3.044137395729248e+18,48685.0,1.7436975826982593,1.760839066544517,bin_1
config_578,768,4,16,0.024618336930871,0.9404509663581848,0.9415837526321412,0.2352568954229354,0.0004334999248385,64,61261.0,3830479634379571200,8029628416,66931200,16,1.236250826454631e-05,7975731200.0,3.805156112858151e+18,60856.0,1.6799405276189086,1.696017960798545,bin_1
config_578,768,4,16,0.024618336930871,0.9404509663581848,0.9415837526321412,0.2352568954229354,0.0004334999248385,64,61261.0,3830479634379571200,8029628416,66931200,16,3.30870050875955e-07,8028160000.0,3.830479634379571e+18,61261.0,1.6792246159178312,1.6952832747678288,bin_1
config_579,512,5,16,0.1567452847957611,0.8537575006484985,0.9360372424125672,0.2746214568614959,3.0333601898746565e-05,32,4008.0,83952070214860800,262677200,42786816,16,3.0333601898746565e-05,131072000.0,4.19760351074304e+16,2004.0,3.0242201322805684,3.0558098435792767,bin_0
config_579,512,5,16,0.1567452847957611,0.8537575006484985,0.9360372424125672,0.2746214568614959,3.0333601898746565e-05,32,4008.0,83952070214860800,262677200,42786816,16,2.2060801380906745e-07,262144000.0,8.39520702148608e+16,4008.0,2.8296588039398194,2.85917962668372,bin_0
config_58,384,8,24,0.0846504420042038,0.90314918756485,0.944480836391449,0.0648185163736343,0.0005973482038825,64,16350.0,592075072010059776,2143100416,33468672,16,0.0005973482038825,1592524800.0,4.407428563568464e+17,12171.0,1.909253300643358,1.9297370805115,bin_0
config_58,384,8,24,0.0846504420042038,0.90314918756485,0.944480836391449,0.0648185163736343,0.0005973482038825,64,16350.0,592075072010059776,2143100416,33468672,16,0.0,2143027200.0,5.920750720100598e+17,16350.0,1.827770896974157,1.84735671074664,bin_0
config_580,576,15,18,0.0262810606509447,0.8472017049789429,0.9300700426101683,0.2924958169460296,9.766355651663616e-05,64,41028.0,4003180634400030720,5377640960,88697088,16,9.766355651663616e-05,1592524800.0,1.187547808844759e+18,12171.0,1.899528078173028,1.9198497563502828,bin_1
config_580,576,15,18,0.0262810606509447,0.8472017049789429,0.9300700426101683,0.2924958169460296,9.766355651663616e-05,64,41028.0,4003180634400030720,5377640960,88697088,16,9.766355651663616e-05,3191603200.0,2.375095617689518e+18,24342.0,1.7901410421777944,1.8094355362360597,bin_1
config_580,576,15,18,0.0262810606509447,0.8472017049789429,0.9300700426101683,0.2924958169460296,9.766355651663616e-05,64,41028.0,4003180634400030720,5377640960,88697088,16,3.685171532561071e-05,4784128000.0,3.5627409984518554e+18,36514.0,1.72010776812913,1.738163170071899,bin_1
config_580,576,15,18,0.0262810606509447,0.8472017049789429,0.9300700426101683,0.2924958169460296,9.766355651663616e-05,64,41028.0,4003180634400030720,5377640960,88697088,16,2.278816318721449e-07,5373952000.0,4.003180634400031e+18,41028.0,1.702179320249401,1.7198572875241764,bin_1
config_581,384,20,24,0.0021029114723205,0.8069424629211426,0.9627206325531006,0.0755791068077087,0.0009261413360945,64,16271.0,1102422765695827968,2132681856,54711552,16,0.0009261413360945,1592524800.0,8.246320128623884e+17,12171.0,1.848573472968868,1.8685123603070368,bin_1
config_581,384,20,24,0.0021029114723205,0.8069424629211426,0.9627206325531006,0.0755791068077087,0.0009261413360945,64,16271.0,1102422765695827968,2132681856,54711552,16,1.5825035034976675e-05,2129920000.0,1.102422765695828e+18,16271.0,1.7679026720172069,1.7867701466747972,bin_1
config_582,896,22,14,0.0020173157099634,0.8690100908279419,0.9420214295387268,0.2820554673671722,0.0021592881530523,32,3449.0,471824740785291264,226083712,267124480,8,0.0021592881530523,111411200.0,2.358439701692787e+17,1724.0,3.218887950905034,3.2522322517535724,bin_0
config_582,896,22,14,0.0020173157099634,0.8690100908279419,0.9420214295387268,0.2820554673671722,0.0021592881530523,32,3449.0,471824740785291264,226083712,267124480,8,0.0001088530036003,222822400.0,4.7182474078529126e+17,3449.0,3.1042301143974558,3.1367482622725062,bin_0
config_583,704,16,8,0.0192495044320821,0.8384490609169006,0.9091221690177916,0.2962200343608856,0.0008558075060136,64,14235.0,2042704254388469760,1865914880,136343680,8,0.000423234973918,1592524800.0,1.746522899906011e+18,12171.0,1.7308987241690277,1.7488608784753767,bin_1
config_583,704,16,8,0.0192495044320821,0.8384490609169006,0.9091221690177916,0.2962200343608856,0.0008558075060136,64,14235.0,2042704254388469760,1865914880,136343680,8,7.104663830758556e-06,1861222400.0,2.0427042543884695e+18,14235.0,1.6828580186992397,1.7004696183321906,bin_1
config_584,832,5,16,0.0620119646191597,0.8550779819488525,0.990144908428192,0.1801085919141769,0.0030684508383274,64,32454.0,2589785722278543360,4253853440,84438016,16,0.0030684508383274,1592524800.0,9.712294948496996e+17,12171.0,1.8218960305510972,1.841788610434923,bin_1
config_584,832,5,16,0.0620119646191597,0.8550779819488525,0.990144908428192,0.1801085919141769,0.0030684508383274,64,32454.0,2589785722278543360,4253853440,84438016,16,0.0030684508383274,3191603200.0,1.9424589896993997e+18,24342.0,1.7833462641669102,1.8025279212779688,bin_1
config_584,832,5,16,0.0620119646191597,0.8550779819488525,0.990144908428192,0.1801085919141769,0.0030684508383274,64,32454.0,2589785722278543360,4253853440,84438016,16,2.0998808132268072e-06,4253286400.0,2.5897857222785434e+18,32454.0,1.649126989020676,1.6669402860813454,bin_1
config_585,832,15,8,0.0573441982269287,0.8907828330993652,0.9428888559341432,0.1179441586136818,3.553934584488161e-05,32,7179.0,623221680112312320,470546880,169651456,8,3.553934584488161e-05,235929600.0,3.115674341723205e+17,3589.0,2.476609130921911,2.502703524808415,bin_0
config_585,832,15,8,0.0573441982269287,0.8907828330993652,0.9428888559341432,0.1179441586136818,3.553934584488161e-05,32,7179.0,623221680112312320,470546880,169651456,8,1.2182518079214728e-06,468582400.0,6.232216801123123e+17,7179.0,2.1679123601170835,2.190323962735348,bin_0
config_586,1088,5,16,0.0016122865490615,0.9127430319786072,0.94182687997818,0.1785632371902465,7.563173858216032e-05,128,55481.0,13159093567983058944,14544272384,128523264,16,7.563173858216032e-05,1599078400.0,1.443489545155006e+18,6086.0,1.967716223841808,1.9891911511343037,bin_2
config_586,1088,5,16,0.0016122865490615,0.9127430319786072,0.94182687997818,0.1785632371902465,7.563173858216032e-05,128,55481.0,13159093567983058944,14544272384,128523264,16,7.563173858216032e-05,3185049600.0,2.8867419083275684e+18,12171.0,1.8203689092495403,1.8403546653810092,bin_2
config_586,1088,5,16,0.0016122865490615,0.9127430319786072,0.94182687997818,0.1785632371902465,7.563173858216032e-05,128,55481.0,13159093567983058944,14544272384,128523264,16,7.563173858216032e-05,4784128000.0,4.3302314534825743e+18,18257.0,1.7598494610239248,1.7781864316346216,bin_2
config_586,1088,5,16,0.0016122865490615,0.9127430319786072,0.94182687997818,0.1785632371902465,7.563173858216032e-05,128,55481.0,13159093567983058944,14544272384,128523264,16,7.563173858216032e-05,6383206400.0,5.773483816655137e+18,24342.0,1.7237134490247632,1.7417392722114189,bin_2
config_586,1088,5,16,0.0016122865490615,0.9127430319786072,0.94182687997818,0.1785632371902465,7.563173858216032e-05,128,55481.0,13159093567983058944,14544272384,128523264,16,7.563173858216032e-05,7982284800.0,7.216973361810142e+18,30428.0,1.698431242997529,1.7161569616833672,bin_2
config_586,1088,5,16,0.0016122865490615,0.9127430319786072,0.94182687997818,0.1785632371902465,7.563173858216032e-05,128,55481.0,13159093567983058944,14544272384,128523264,16,7.563173858216032e-05,9568256000.0,8.660462906965149e+18,36514.0,1.679060302796911,1.6969397686348586,bin_2
config_586,1088,5,16,0.0016122865490615,0.9127430319786072,0.94182687997818,0.1785632371902465,7.563173858216032e-05,128,55481.0,13159093567983058944,14544272384,128523264,16,7.563173858216032e-05,11167334400.0,1.010371527013771e+19,42599.0,1.664010832309723,1.681130227065477,bin_2
config_586,1088,5,16,0.0016122865490615,0.9127430319786072,0.94182687997818,0.1785632371902465,7.563173858216032e-05,128,55481.0,13159093567983058944,14544272384,128523264,16,5.177254384470312e-05,12766412800.0,1.1547204815292715e+19,48685.0,1.6440350286296157,1.6601858649879206,bin_2
config_586,1088,5,16,0.0016122865490615,0.9127430319786072,0.94182687997818,0.1785632371902465,7.563173858216032e-05,128,55481.0,13159093567983058944,14544272384,128523264,16,5.581142832985985e-06,14352384000.0,1.2990457178465278e+19,54770.0,1.6220187610876364,1.635350474920429,bin_2
config_586,1088,5,16,0.0016122865490615,0.9127430319786072,0.94182687997818,0.1785632371902465,7.563173858216032e-05,128,55481.0,13159093567983058944,14544272384,128523264,16,2.3668321179557146e-07,14535884800.0,1.315909356798306e+19,55481.0,1.62088579416275,1.6340380129266958,bin_2
config_589,1088,12,8,0.0214336887001991,0.9423906803131104,0.9775222539901732,0.2049128264188766,0.0001045537137542,64,46887.0,10520982141811752960,6145665536,231872384,8,0.0001045537137542,1592524800.0,2.7310528216348e+18,12171.0,1.7564799727377345,1.7747934863411012,bin_2
config_589,1088,12,8,0.0214336887001991,0.9423906803131104,0.9775222539901732,0.2049128264188766,0.0001045537137542,64,46887.0,10520982141811752960,6145665536,231872384,8,0.0001045537137542,3191603200.0,5.462105643269599e+18,24342.0,1.6612281302741316,1.6784950362072617,bin_2
config_589,1088,12,8,0.0214336887001991,0.9423906803131104,0.9775222539901732,0.2049128264188766,0.0001045537137542,64,46887.0,10520982141811752960,6145665536,231872384,8,0.0001045537137542,4784128000.0,8.19338285507954e+18,36514.0,1.6157097849884972,1.6311669027609903,bin_2
config_589,1088,12,8,0.0214336887001991,0.9423906803131104,0.9775222539901732,0.2049128264188766,0.0001045537137542,64,46887.0,10520982141811752960,6145665536,231872384,8,4.0267382209935494e-07,6140723200.0,1.0520982141811753e+19,46887.0,1.555087369426352,1.5700086706192766,bin_2
config_59,1152,15,12,0.0020194409880787,0.9488442540168762,0.9065175652503968,0.2515814304351806,0.0001486756373196,128,49228.0,28461118515706331136,12904843264,296833536,8,0.0001486756373196,1599078400.0,3.518614757588948e+18,6086.0,1.7567071648503914,1.774987923727661,bin_2
config_59,1152,15,12,0.0020194409880787,0.9488442540168762,0.9065175652503968,0.2515814304351806,0.0001486756373196,128,49228.0,28461118515706331136,12904843264,296833536,8,0.0001486756373196,3185049600.0,7.036651366187165e+18,12171.0,1.6474104026301963,1.6651031737249409,bin_2
config_59,1152,15,12,0.0020194409880787,0.9488442540168762,0.9065175652503968,0.2515814304351806,0.0001486756373196,128,49228.0,28461118515706331136,12904843264,296833536,8,0.0001486756373196,4784128000.0,1.0555266123776113e+19,18257.0,1.5992769494408468,1.614811124352158,bin_2
config_59,1152,15,12,0.0020194409880787,0.9488442540168762,0.9065175652503968,0.2515814304351806,0.0001486756373196,128,49228.0,28461118515706331136,12904843264,296833536,8,0.0001486756373196,6383206400.0,1.407330273237433e+19,24342.0,1.5690215926678457,1.5842045879950288,bin_2
config_59,1152,15,12,0.0020194409880787,0.9488442540168762,0.9065175652503968,0.2515814304351806,0.0001486756373196,128,49228.0,28461118515706331136,12904843264,296833536,8,0.0001486756373196,7982284800.0,1.7591917489963278e+19,30428.0,1.5487553982167948,1.563484039130758,bin_2
config_59,1152,15,12,0.0020194409880787,0.9488442540168762,0.9065175652503968,0.2515814304351806,0.0001486756373196,128,49228.0,28461118515706331136,12904843264,296833536,8,0.0001486756373196,9568256000.0,2.1110532247552225e+19,36514.0,1.532932927071071,1.547179321246069,bin_2
config_59,1152,15,12,0.0020194409880787,0.9488442540168762,0.9065175652503968,0.2515814304351806,0.0001486756373196,128,49228.0,28461118515706331136,12904843264,296833536,8,7.957219994790582e-05,11167334400.0,2.462856885615044e+19,42599.0,1.5001160874718524,1.514276813561799,bin_2
config_59,1152,15,12,0.0020194409880787,0.9488442540168762,0.9065175652503968,0.2515814304351806,0.0001486756373196,128,49228.0,28461118515706331136,12904843264,296833536,8,6.338883761691967e-06,12766412800.0,2.8147183613739397e+19,48685.0,1.47342781296519,1.4870795822827545,bin_2
config_59,1152,15,12,0.0020194409880787,0.9488442540168762,0.9065175652503968,0.2515814304351806,0.0001486756373196,128,49228.0,28461118515706331136,12904843264,296833536,8,3.3615292675638684e-07,12897484800.0,2.846111851570633e+19,49228.0,1.472458775971757,1.486236734517285,bin_2
config_590,576,10,12,0.0604275204241275,0.8029288649559021,0.9645113348960876,0.1754683256149292,1.7606142137083225e-05,32,8390.0,304724724526596096,549852288,68784768,16,1.7606142137083225e-05,275251200.0,1.5236236226329805e+17,4195.0,2.8600608227682893,2.8899545460059994,bin_0
config_590,576,10,12,0.0604275204241275,0.8029288649559021,0.9645113348960876,0.1754683256149292,1.7606142137083225e-05,32,8390.0,304724724526596096,549852288,68784768,16,4.78427775464219e-07,547225600.0,3.047247245265961e+17,8390.0,2.6461022209730305,2.674086073343871,bin_0
config_591,384,20,24,0.0073671024292707,0.8797757625579834,0.9861792325973512,0.1648503541946411,0.0009627122781239,32,12334.0,417865425225744384,808377728,54711552,16,0.0009627122781239,403046400.0,2.089327126128722e+17,6167.0,2.01222591325885,2.0319901457380074,bin_0
config_591,384,20,24,0.0073671024292707,0.8797757625579834,0.9861792325973512,0.1648503541946411,0.0009627122781239,32,12334.0,417865425225744384,808377728,54711552,16,1.610045128195485e-05,806092800.0,4.178654252257444e+17,12334.0,1.8457628417015075,1.863890670322981,bin_0
config_592,576,19,8,0.002674781018868,0.9547093510627748,0.91329026222229,0.2824147045612335,0.0003567366220522,64,37289.0,4382223001764102144,4887673856,104626944,8,0.0003567366220522,1592524800.0,1.430342357115259e+18,12171.0,1.7694536007623205,1.7883488068619713,bin_1
config_592,576,19,8,0.002674781018868,0.9547093510627748,0.91329026222229,0.2824147045612335,0.0003567366220522,64,37289.0,4382223001764102144,4887673856,104626944,8,0.0003567366220522,3191603200.0,2.860684714230518e+18,24342.0,1.7020846624843409,1.7201502608666654,bin_1
config_592,576,19,8,0.002674781018868,0.9547093510627748,0.91329026222229,0.2824147045612335,0.0003567366220522,64,37289.0,4382223001764102144,4887673856,104626944,8,2.6729838062605825e-05,4784128000.0,4.291144591874666e+18,36514.0,1.6161673402395405,1.6313624190697904,bin_1
config_592,576,19,8,0.002674781018868,0.9547093510627748,0.91329026222229,0.2824147045612335,0.0003567366220522,64,37289.0,4382223001764102144,4887673856,104626944,8,1.3212467483417396e-06,4882432000.0,4.382223001764102e+18,37289.0,1.613520999228368,1.6285980527518225,bin_1
config_593,1024,13,8,0.0426379740238189,0.8519279956817627,0.9967116117477416,0.1725050508975982,0.0018105431227013,64,15000.0,3220462759160315904,1966128128,218497024,8,0.0018105431227013,1592524800.0,2.6130834827826806e+18,12171.0,3.1197227050437304,3.15431003097628,bin_1
config_593,1024,13,8,0.0426379740238189,0.8519279956817627,0.9967116117477416,0.1725050508975982,0.0018105431227013,64,15000.0,3220462759160315904,1966128128,218497024,8,0.0,1966080000.0,3.220462759160316e+18,15000.0,2.988015450141469,3.020373537540436,bin_1
config_594,704,24,16,0.0011866728309541,0.8018476963043213,0.9348432421684264,0.0454221367835998,4.22266821260564e-05,64,30655.0,6171409463637344256,4018014464,186817664,8,4.22266821260564e-05,1592524800.0,2.450243829128368e+18,12171.0,1.93905743552036,1.9592685040294149,bin_2
config_594,704,24,16,0.0011866728309541,0.8018476963043213,0.9348432421684264,0.0454221367835998,4.22266821260564e-05,64,30655.0,6171409463637344256,4018014464,186817664,8,4.22266821260564e-05,3191603200.0,4.900487658256736e+18,24342.0,1.7951298957379138,1.8141285626810104,bin_2
config_594,704,24,16,0.0011866728309541,0.8018476963043213,0.9348432421684264,0.0454221367835998,4.22266821260564e-05,64,30655.0,6171409463637344256,4018014464,186817664,8,1.516763007401473e-07,4017356800.0,6.171409463637344e+18,30655.0,1.7351931349957574,1.753670683356582,bin_2
config_595,1088,6,16,0.0232332572340965,0.8377818465232849,0.9764181971549988,0.2977855503559112,1.0734086572483648e-05,64,8543.0,1142254931966410752,1119778944,143287424,16,1.0734086572483648e-05,557056000.0,5.710606127155028e+17,4271.0,2.738973993707876,2.76735939377644,bin_1
config_595,1088,6,16,0.0232332572340965,0.8377818465232849,0.9764181971549988,0.2977855503559112,1.0734086572483648e-05,64,8543.0,1142254931966410752,1119778944,143287424,16,1.8150441314069866e-07,1114112000.0,1.1422549319664108e+18,8543.0,2.5013277972721664,2.5275988879750986,bin_1
config_596,704,19,16,0.0198181737214326,0.9293049573898317,0.9649824500083924,0.1885184943675995,4.0413437091046944e-05,128,48151.0,15906965278774394880,12622648320,155271424,8,4.0413437091046944e-05,1599078400.0,2.0105457973172096e+18,6086.0,2.1116117523537308,2.1342398980015616,bin_2
config_596,704,19,16,0.0198181737214326,0.9293049573898317,0.9649824500083924,0.1885184943675995,4.0413437091046944e-05,128,48151.0,15906965278774394880,12622648320,155271424,8,4.0413437091046944e-05,3185049600.0,4.020761238768938e+18,12171.0,1.877284927583132,1.897882692188513,bin_2
config_596,704,19,16,0.0198181737214326,0.9293049573898317,0.9649824500083924,0.1885184943675995,4.0413437091046944e-05,128,48151.0,15906965278774394880,12622648320,155271424,8,4.0413437091046944e-05,4784128000.0,6.031307036086148e+18,18257.0,1.7896216969802732,1.808233811425381,bin_2
config_596,704,19,16,0.0198181737214326,0.9293049573898317,0.9649824500083924,0.1885184943675995,4.0413437091046944e-05,128,48151.0,15906965278774394880,12622648320,155271424,8,4.0413437091046944e-05,6383206400.0,8.041522477537876e+18,24342.0,1.7392451651565364,1.7568118577120737,bin_2
config_596,704,19,16,0.0198181737214326,0.9293049573898317,0.9649824500083924,0.1885184943675995,4.0413437091046944e-05,128,48151.0,15906965278774394880,12622648320,155271424,8,4.0413437091046944e-05,7982284800.0,1.0052068274855088e+19,30428.0,1.705446839156698,1.7225495140474352,bin_2
config_596,704,19,16,0.0198181737214326,0.9293049573898317,0.9649824500083924,0.1885184943675995,4.0413437091046944e-05,128,48151.0,15906965278774394880,12622648320,155271424,8,4.0413437091046944e-05,9568256000.0,1.2062614072172296e+19,36514.0,1.6795508460920363,1.697070581092209,bin_2
config_596,704,19,16,0.0198181737214326,0.9293049573898317,0.9649824500083924,0.1885184943675995,4.0413437091046944e-05,128,48151.0,15906965278774394880,12622648320,155271424,8,2.471466225541496e-05,11167334400.0,1.4072829513624023e+19,42599.0,1.65016728930786,1.6671030769973505,bin_2
config_596,704,19,16,0.0198181737214326,0.9293049573898317,0.9649824500083924,0.1885184943675995,4.0413437091046944e-05,128,48151.0,15906965278774394880,12622648320,155271424,8,4.452290083846162e-09,12622233600.0,1.5906965278774397e+19,48151.0,1.628197544422306,1.6445842065772072,bin_2
config_597,1152,15,18,0.0026473163161426,0.850172758102417,0.9165214896202089,0.0646920800209045,0.0043902755714952,64,19619.0,5671567440315482112,2571602688,296833536,8,0.0043902755714952,1592524800.0,3.518459009943408e+18,12171.0,3.0925058969904167,3.1241682177293497,bin_2
config_597,1152,15,18,0.0026473163161426,0.850172758102417,0.9165214896202089,0.0646920800209045,0.0043902755714952,64,19619.0,5671567440315482112,2571602688,296833536,8,6.57330463817267e-05,2569011200.0,5.671567440315482e+18,19619.0,2.8198084020223773,2.849349868102152,bin_2
config_599,1024,7,8,0.0066798268817365,0.9321144223213196,0.959773063659668,0.1864256858825683,0.0009543098858557,32,6893.0,462860773425020928,451767616,141414400,16,0.0009543098858557,226099200.0,2.3139681201546816e+17,3446.0,2.043139742397871,2.063407093735992,bin_0
config_599,1024,7,8,0.0066798268817365,0.9321144223213196,0.959773063659668,0.1864256858825683,0.0009543098858557,32,6893.0,462860773425020928,451767616,141414400,16,3.193410512980369e-05,448921600.0,4.628607734250209e+17,6893.0,1.8551865780939825,1.8734815132813376,bin_0
config_6,320,19,16,0.0046177962794899,0.8086081743240356,0.9544946551322936,0.264844536781311,1.14577369458857e-05,64,13314.0,706309185628569600,1745201920,42561280,16,3.782417982135835e-06,1592524800.0,6.456729080881268e+17,12171.0,2.7983403310521964,2.8274363597735537,bin_0
config_6,320,19,16,0.0046177962794899,0.8086081743240356,0.9544946551322936,0.264844536781311,1.14577369458857e-05,64,13314.0,706309185628569600,1745201920,42561280,16,4.5492999785138925e-08,1743257600.0,7.063091856285696e+17,13314.0,2.7888104967746634,2.8178597478224514,bin_0
config_60,896,17,8,0.0049654087051749,0.8443569540977478,0.9319012761116028,0.0809705629944801,6.851112993899733e-05,32,8514.0,934174175115460608,558025664,216652800,8,6.851112993899733e-05,278528000.0,4.670870875577303e+17,4257.0,2.17072746444921,2.1925406280892794,bin_0
config_60,896,17,8,0.0049654087051749,0.8443569540977478,0.9319012761116028,0.0809705629944801,6.851112993899733e-05,32,8514.0,934174175115460608,558025664,216652800,8,1.392098431271356e-06,557056000.0,9.341741751154606e+17,8514.0,1.9607977910315404,1.9815321856444,bin_0
config_600,896,16,14,0.1452754884958267,0.9571967124938964,0.9981171488761902,0.219929352402687,0.0025116461329162,128,43406.0,18109405993742106624,11378865152,206558464,8,0.0025116461329162,1599078400.0,2.5391384803463685e+18,6086.0,1.751333004333934,1.769503531123771,bin_2
config_600,896,16,14,0.1452754884958267,0.9571967124938964,0.9981171488761902,0.219929352402687,0.0025116461329162,128,43406.0,18109405993742106624,11378865152,206558464,8,0.0025116461329162,3185049600.0,5.077859750952292e+18,12171.0,1.694474754568006,1.7118739082774177,bin_2
config_600,896,16,14,0.1452754884958267,0.9571967124938964,0.9981171488761902,0.219929352402687,0.0025116461329162,128,43406.0,18109405993742106624,11378865152,206558464,8,0.0025116461329162,4784128000.0,7.61699823129866e+18,18257.0,1.6781008810293478,1.6930889355550047,bin_2
config_600,896,16,14,0.1452754884958267,0.9571967124938964,0.9981171488761902,0.219929352402687,0.0025116461329162,128,43406.0,18109405993742106624,11378865152,206558464,8,0.0025116461329162,6383206400.0,1.0155719501904585e+19,24342.0,1.6694021603123086,1.6838362157344815,bin_2
config_600,896,16,14,0.1452754884958267,0.9571967124938964,0.9981171488761902,0.219929352402687,0.0025116461329162,128,43406.0,18109405993742106624,11378865152,206558464,8,0.0025116461329162,7982284800.0,1.2694857982250953e+19,30428.0,1.6607537148428746,1.6768725920700636,bin_2
config_600,896,16,14,0.1452754884958267,0.9571967124938964,0.9981171488761902,0.219929352402687,0.0025116461329162,128,43406.0,18109405993742106624,11378865152,206558464,8,0.001817036265862,9568256000.0,1.523399646259732e+19,36514.0,1.620425487131369,1.6356084921711782,bin_2
config_600,896,16,14,0.1452754884958267,0.9571967124938964,0.9981171488761902,0.219929352402687,0.0025116461329162,128,43406.0,18109405993742106624,11378865152,206558464,8,0.00021206649729,11167334400.0,1.7772717733203243e+19,42599.0,1.4983577664172063,1.5120669402548523,bin_2
config_600,896,16,14,0.1452754884958267,0.9571967124938964,0.9981171488761902,0.219929352402687,0.0025116461329162,128,43406.0,18109405993742106624,11378865152,206558464,8,1.5786587887595648e-06,11377049600.0,1.8109405993742109e+19,43406.0,1.485417664754586,1.498938660738898,bin_2
config_602,320,6,4,0.069398432970047,0.8000057935714722,0.975033700466156,0.1030577346682548,0.0002574343816377,32,8455.0,107421696047923200,554140544,24448640,16,0.0002574343816377,278528000.0,5.370449546949395e+16,4227.0,2.198863871292989,2.2214231632185766,bin_0
config_602,320,6,4,0.069398432970047,0.8000057935714722,0.975033700466156,0.1030577346682548,0.0002574343816377,32,8455.0,107421696047923200,554140544,24448640,16,1.4778093090569446e-06,553779200.0,1.074216960479232e+17,8455.0,2.0257766498503136,2.0475550633571187,bin_0
config_603,832,20,16,0.0169115234166383,0.9518827199935912,0.9852215051651,0.0336577743291854,0.0007785512134432,64,14138.0,3117462548854358016,1853107584,212258176,8,0.0007785512134432,1592524800.0,2.6837343812495683e+18,12171.0,1.6819237830404374,1.6999285776497888,bin_1
config_603,832,20,16,0.0169115234166383,0.9518827199935912,0.9852215051651,0.0336577743291854,0.0007785512134432,64,14138.0,3117462548854358016,1853107584,212258176,8,6.228409707546238e-05,1848115200.0,3.117462548854358e+18,14138.0,1.6301229472043084,1.6473916285350674,bin_1
config_604,896,12,16,0.0051371227018535,0.9812216758728028,0.9013312458992004,0.2400801628828048,2.4993250917759724e-05,32,11948.0,987614496173555712,783079296,166181120,8,2.4993250917759724e-05,389939200.0,4.9380724808677786e+17,5974.0,2.3243346434343057,2.347557189230059,bin_0
config_604,896,12,16,0.0051371227018535,0.9812216758728028,0.9013312458992004,0.2400801628828048,2.4993250917759724e-05,32,11948.0,987614496173555712,783079296,166181120,8,4.182970864897016e-07,779878400.0,9.876144961735556e+17,11948.0,2.062693083813933,2.084165007540437,bin_0
config_605,896,14,16,0.001452799886465,0.8172444701194763,0.9710742235183716,0.1843582838773727,1.49333482113434e-05,64,18459.0,3450987237434720256,2419463168,186369792,8,1.49333482113434e-05,1592524800.0,2.2754193437790769e+18,12171.0,2.154290624817864,2.176959010753475,bin_1
config_605,896,14,16,0.001452799886465,0.8172444701194763,0.9710742235183716,0.1843582838773727,1.49333482113434e-05,64,18459.0,3450987237434720256,2419463168,186369792,8,3.9494602968582926e-08,2418278400.0,3.45098723743472e+18,18459.0,2.022896764356582,2.0446041911742725,bin_1
config_607,576,12,16,0.0015668452251702,0.8789205551147461,0.9684170484542848,0.088450975716114,3.877836570609361e-05,32,13491.0,557266462768816128,884155456,76749696,16,3.877836570609361e-05,442368000.0,2.78612578116942e+17,6745.0,2.385218038050855,2.4101290482380358,bin_0
config_607,576,12,16,0.0015668452251702,0.8789205551147461,0.9684170484542848,0.088450975716114,3.877836570609361e-05,32,13491.0,557266462768816128,884155456,76749696,16,1.3327015875522484e-06,881459200.0,5.572664627688161e+17,13491.0,2.111947524469407,2.133591545761609,bin_0
config_608,896,17,14,0.0898615270853042,0.9723424911499025,0.9164202213287354,0.0593973584473133,0.0006501119351014,128,54065.0,23726612857585139712,14173008896,216652800,8,0.0006501119351014,1599078400.0,2.670862218649092e+18,6086.0,1.7269804673898417,1.7446119123794994,bin_2
config_608,896,17,14,0.0898615270853042,0.9723424911499025,0.9164202213287354,0.0593973584473133,0.0006501119351014,128,54065.0,23726612857585139712,14173008896,216652800,8,0.0006501119351014,3185049600.0,5.341285583828146e+18,12171.0,1.635809251968978,1.6529813043015902,bin_2
config_608,896,17,14,0.0898615270853042,0.9723424911499025,0.9164202213287354,0.0593973584473133,0.0006501119351014,128,54065.0,23726612857585139712,14173008896,216652800,8,0.0006501119351014,4784128000.0,8.012147802477238e+18,18257.0,1.6025719218762196,1.6172359942217345,bin_2
config_608,896,17,14,0.0898615270853042,0.9723424911499025,0.9164202213287354,0.0593973584473133,0.0006501119351014,128,54065.0,23726612857585139712,14173008896,216652800,8,0.0006501119351014,6383206400.0,1.0682571167656292e+19,24342.0,1.583293154415537,1.5978033207869922,bin_2
config_608,896,17,14,0.0898615270853042,0.9723424911499025,0.9164202213287354,0.0593973584473133,0.0006501119351014,128,54065.0,23726612857585139712,14173008896,216652800,8,0.0006501119351014,7982284800.0,1.3353433386305384e+19,30428.0,1.570203363113716,1.5853820949108874,bin_2
config_608,896,17,14,0.0898615270853042,0.9723424911499025,0.9164202213287354,0.0593973584473133,0.0006501119351014,128,54065.0,23726612857585139712,14173008896,216652800,8,0.0006501119351014,9568256000.0,1.6024295604954477e+19,36514.0,1.5596428129614377,1.5758973660625395,bin_2
config_608,896,17,14,0.0898615270853042,0.9723424911499025,0.9164202213287354,0.0593973584473133,0.0006501119351014,128,54065.0,23726612857585139712,14173008896,216652800,8,0.0006501119351014,11167334400.0,1.8694718970133533e+19,42599.0,1.5531742926210654,1.568382998665825,bin_2
config_608,896,17,14,0.0898615270853042,0.9723424911499025,0.9164202213287354,0.0593973584473133,0.0006501119351014,128,54065.0,23726612857585139712,14173008896,216652800,8,0.0006501119351014,12766412800.0,2.1365581188782625e+19,48685.0,1.5487087271057192,1.5636907854822817,bin_2
config_608,896,17,14,0.0898615270853042,0.9723424911499025,0.9164202213287354,0.0593973584473133,0.0006501119351014,128,54065.0,23726612857585139712,14173008896,216652800,8,3.036960145288677e-06,14168883200.0,2.372661285758514e+19,54065.0,1.4760436382938604,1.488834285892424,bin_2
config_61,320,18,16,0.0417447797954082,0.8730454444885254,0.9468849897384644,0.2623434662818908,0.0001950511505128,64,16872.0,859151510798008320,2211488256,41168000,16,0.0001950511505128,1592524800.0,6.197684351542532e+17,12171.0,1.9217023993711,1.943181827810944,bin_0
config_61,320,18,16,0.0417447797954082,0.8730454444885254,0.9468849897384644,0.2623434662818908,0.0001950511505128,64,16872.0,859151510798008320,2211488256,41168000,16,9.695267309722854e-07,2208563200.0,8.591515107980083e+17,16872.0,1.8463253681776957,1.8666505828841788,bin_0
config_610,384,20,24,0.1197462081909179,0.8530887365341187,0.9590307474136353,0.0749426186084747,0.0001034348097164,32,5243.0,177626174672830464,343625088,54711552,16,0.0001034348097164,170393600.0,8.879614797205582e+16,2621.0,2.672422957185839,2.7008449360581697,bin_0
config_610,384,20,24,0.1197462081909179,0.8530887365341187,0.9590307474136353,0.0749426186084747,0.0001034348097164,32,5243.0,177626174672830464,343625088,54711552,16,1.1346165351545887e-05,340787200.0,1.7762617467283046e+17,5243.0,2.3577263127389503,2.381826475604636,bin_0
config_611,512,10,8,0.006843140348792,0.9415168762207032,0.9788856506347656,0.2549175024032593,8.646366040920839e-05,32,3482.0,110640783824584704,228241856,59831296,16,8.646366040920839e-05,114688000.0,5.532039191229235e+16,1741.0,2.731605085779409,2.760036570986764,bin_0
config_611,512,10,8,0.006843140348792,0.9415168762207032,0.9788856506347656,0.2549175024032593,8.646366040920839e-05,32,3482.0,110640783824584704,228241856,59831296,16,3.1193203304336688e-06,226099200.0,1.106407838245847e+17,3482.0,2.396422698106922,2.4201048633700517,bin_0
config_612,320,16,16,0.0010085372487083,0.8524972200393677,0.9884806275367736,0.0679784640669822,0.0026654789689928,64,20925.0,976559346966528000,2742725120,38381440,16,0.0026654789689928,1592524800.0,5.6801451908863136e+17,12171.0,1.8272111916151204,1.8463829289889728,bin_0
config_612,320,16,16,0.0010085372487083,0.8524972200393677,0.9884806275367736,0.0679784640669822,0.0026654789689928,64,20925.0,976559346966528000,2742725120,38381440,16,4.686144460254622e-05,2739404800.0,9.76559346966528e+17,20925.0,1.7427334209739185,1.7612319512445418,bin_0
config_613,1152,9,8,0.0166794098913669,0.9463942050933838,0.9959974884986876,0.234353169798851,0.0001300519506912,32,3250.0,311490699118866432,213016848,201268224,8,0.0001300519506912,104857600.0,1.557453495594332e+17,1625.0,2.3537241696725126,2.377728851799105,bin_0
config_613,1152,9,8,0.0166794098913669,0.9463942050933838,0.9959974884986876,0.234353169798851,0.0001300519506912,32,3250.0,311490699118866432,213016848,201268224,8,0.0,212992000.0,3.114906991188664e+17,3250.0,2.072445863348539,2.092738417699689,bin_0
config_614,832,20,16,0.1780615448951721,0.8936485052108765,0.9615750312805176,0.0308149885386228,0.0040709082968533,32,6537.0,720794685721264128,428460672,212258176,8,0.0040709082968533,212992000.0,3.6034221094341306e+17,3268.0,3.464345653096184,3.500722109255244,bin_0
config_614,832,20,16,0.1780615448951721,0.8936485052108765,0.9615750312805176,0.0308149885386228,0.0040709082968533,32,6537.0,720794685721264128,428460672,212258176,8,0.0007493711790227,425984000.0,7.207946857212641e+17,6537.0,3.4691696881466223,3.505521344825869,bin_0
config_615,960,18,16,0.0350282676517963,0.8306406140327454,0.947144091129303,0.1094379425048828,0.0010081361979246,64,19709.0,4930681475764224000,2583317760,247367040,8,0.0010081361979246,1592524800.0,3.0448690568535373e+18,12171.0,1.7043599740403597,1.721982564984775,bin_1
config_615,960,18,16,0.0350282676517963,0.8306406140327454,0.947144091129303,0.1094379425048828,0.0010081361979246,64,19709.0,4930681475764224000,2583317760,247367040,8,4.208360752004344e-06,2582118400.0,4.930681475764224e+18,19709.0,1.5889181080997967,1.6053635729336349,bin_1
config_616,1024,13,8,0.0098717957735061,0.9188482761383056,0.950031280517578,0.1492869555950164,1.054442509484943e-05,32,11970.0,1284963692401262592,784484544,218497024,8,1.054442509484943e-05,393216000.0,6.424818462006313e+17,5985.0,2.6303895618485624,2.657787127162589,bin_1
config_616,1024,13,8,0.0098717957735061,0.9188482761383056,0.950031280517578,0.1492869555950164,1.054442509484943e-05,32,11970.0,1284963692401262592,784484544,218497024,8,1.1807866847535733e-07,783155200.0,1.2849636924012626e+18,11970.0,2.302513606216087,2.326554586125202,bin_1
config_617,960,7,16,0.0030505852773785,0.805935263633728,0.9671975374221802,0.1192327961325645,0.008216269314289,32,8521.0,513383104869212160,558490944,125694720,16,0.008216269314289,278528000.0,2.5666142785387206e+17,4260.0,3.4056032762371125,3.4402467414199327,bin_0
config_617,960,7,16,0.0030505852773785,0.805935263633728,0.9671975374221802,0.1192327961325645,0.008216269314289,32,8521.0,513383104869212160,558490944,125694720,16,0.0001699917789163,557056000.0,5.1338310486921216e+17,8521.0,3.219729720412708,3.252337935009941,bin_0
config_618,1152,22,6,0.0939474403858184,0.9318059682846068,0.94411438703537,0.0365425422787666,0.0009154941653832,128,52211.0,42053161531086471168,13686945792,408326400,8,0.0009154941653832,1599078400.0,4.901946736859901e+18,6086.0,1.693634760672929,1.7104734015464782,bin_2
config_618,1152,22,6,0.0939474403858184,0.9318059682846068,0.94411438703537,0.0365425422787666,0.0009154941653832,128,52211.0,42053161531086471168,13686945792,408326400,8,0.0009154941653832,3185049600.0,9.803088027328598e+18,12171.0,1.6101161305239944,1.6268723114787556,bin_2
config_618,1152,22,6,0.0939474403858184,0.9318059682846068,0.94411438703537,0.0365425422787666,0.0009154941653832,128,52211.0,42053161531086471168,13686945792,408326400,8,0.0009154941653832,4784128000.0,1.4705034764188498e+19,18257.0,1.578839194520575,1.5937209254405538,bin_2
config_618,1152,22,6,0.0939474403858184,0.9318059682846068,0.94411438703537,0.0365425422787666,0.0009154941653832,128,52211.0,42053161531086471168,13686945792,408326400,8,0.0009154941653832,6383206400.0,1.96061760546572e+19,24342.0,1.560651087790239,1.5751072213688837,bin_2
config_618,1152,22,6,0.0939474403858184,0.9318059682846068,0.94411438703537,0.0365425422787666,0.0009154941653832,128,52211.0,42053161531086471168,13686945792,408326400,8,0.0009154941653832,7982284800.0,2.45081227915171e+19,30428.0,1.548794197195866,1.5631845513719027,bin_2
config_618,1152,22,6,0.0939474403858184,0.9318059682846068,0.94411438703537,0.0365425422787666,0.0009154941653832,128,52211.0,42053161531086471168,13686945792,408326400,8,0.0009154941653832,9568256000.0,2.9410069528377e+19,36514.0,1.5399692657150206,1.554736692436406,bin_2
config_618,1152,22,6,0.0939474403858184,0.9318059682846068,0.94411438703537,0.0365425422787666,0.0009154941653832,128,52211.0,42053161531086471168,13686945792,408326400,8,0.0009154941653832,11167334400.0,3.431121081884569e+19,42599.0,1.5339260648606254,1.5478865713174226,bin_2
config_618,1152,22,6,0.0939474403858184,0.9318059682846068,0.94411438703537,0.0365425422787666,0.0009154941653832,128,52211.0,42053161531086471168,13686945792,408326400,8,0.0009154941653832,12766412800.0,3.921315755570559e+19,48685.0,1.5288627814074032,1.5420808729773663,bin_2
config_618,1152,22,6,0.0939474403858184,0.9318059682846068,0.94411438703537,0.0365425422787666,0.0009154941653832,128,52211.0,42053161531086471168,13686945792,408326400,8,5.280773895761036e-06,13683916800.0,4.205316153108647e+19,52211.0,1.4521915773094678,1.4623349576113651,bin_2
config_619,832,21,16,0.1663405895233154,0.94354510307312,0.9594632387161256,0.0099263554438948,5.140410576132126e-05,128,44257.0,20347847816729591808,11601788928,220779520,8,5.140410576132126e-05,1599078400.0,2.798133669535131e+18,6086.0,1.9588601486409296,1.9782722856763932,bin_2
config_619,832,21,16,0.1663405895233154,0.94354510307312,0.9594632387161256,0.0099263554438948,5.140410576132126e-05,128,44257.0,20347847816729591808,11601788928,220779520,8,5.140410576132126e-05,3185049600.0,5.595807573432809e+18,12171.0,1.779410869117643,1.7983606875919904,bin_2
config_619,832,21,16,0.1663405895233154,0.94354510307312,0.9594632387161256,0.0099263554438948,5.140410576132126e-05,128,44257.0,20347847816729591808,11601788928,220779520,8,5.140410576132126e-05,4784128000.0,8.393941242967941e+18,18257.0,1.7070150936626998,1.7232136974569228,bin_2
config_619,832,21,16,0.1663405895233154,0.94354510307312,0.9594632387161256,0.0099263554438948,5.140410576132126e-05,128,44257.0,20347847816729591808,11601788928,220779520,8,5.140410576132126e-05,6383206400.0,1.119161514686562e+19,24342.0,1.663728843986011,1.6789081709502174,bin_2
config_619,832,21,16,0.1663405895233154,0.94354510307312,0.9594632387161256,0.0099263554438948,5.140410576132126e-05,128,44257.0,20347847816729591808,11601788928,220779520,8,5.140410576132126e-05,7982284800.0,1.3989748816400753e+19,30428.0,1.632645860109173,1.6480645894027146,bin_2
config_619,832,21,16,0.1663405895233154,0.94354510307312,0.9594632387161256,0.0099263554438948,5.140410576132126e-05,128,44257.0,20347847816729591808,11601788928,220779520,8,5.140410576132126e-05,9568256000.0,1.6787882485935882e+19,36514.0,1.606898078723032,1.6240946391176003,bin_2
config_619,832,21,16,0.1663405895233154,0.94354510307312,0.9594632387161256,0.0099263554438948,5.140410576132126e-05,128,44257.0,20347847816729591808,11601788928,220779520,8,5.140410576132126e-05,11167334400.0,1.958555638983356e+19,42599.0,1.5905265371916724,1.6060109823258195,bin_2
config_619,832,21,16,0.1663405895233154,0.94354510307312,0.9594632387161256,0.0099263554438948,5.140410576132126e-05,128,44257.0,20347847816729591808,11601788928,220779520,8,8.196554449413438e-07,11599872000.0,2.034784781672959e+19,44257.0,1.5690342362005203,1.584046590504099,bin_2
config_621,960,19,10,0.0039040432311594,0.8572428226470947,0.9803773164749146,0.2053119391202926,0.0001620289549464,64,17396.0,4557145714757959680,2280156928,258428160,8,0.0001620289549464,1592524800.0,3.1883778164129183e+18,12171.0,1.7142299565135457,1.7322624980817076,bin_1
config_621,960,19,10,0.0039040432311594,0.8572428226470947,0.9803773164749146,0.2053119391202926,0.0001620289549464,64,17396.0,4557145714757959680,2280156928,258428160,8,2.0871834017183004e-06,2274099200.0,4.55714571475796e+18,17396.0,1.629097722123881,1.6464239166212864,bin_1
config_622,1088,9,8,0.0038298324216157,0.902288854122162,0.9120587110519408,0.1924310177564621,0.0001266862673219,32,10654.0,953835934910791680,698267520,187579904,8,0.0001266862673219,350617600.0,4.7691796745539584e+17,5327.0,2.033356778699844,2.0552459957951403,bin_0
config_622,1088,9,8,0.0038298324216157,0.902288854122162,0.9120587110519408,0.1924310177564621,0.0001266862673219,32,10654.0,953835934910791680,698267520,187579904,8,2.471927167257016e-07,697958400.0,9.538359349107916e+17,10654.0,1.8645187821153733,1.884098029801103,bin_0
config_623,832,15,8,0.0269491542130708,0.8720285892486572,0.9842405915260316,0.0588726475834846,0.0029694915283471,64,33654.0,5842335908739612672,4411099648,169651456,8,0.0029694915283471,1592524800.0,2.112886145637066e+18,12171.0,3.1689080635055165,3.200864945943238,bin_2
config_623,832,15,8,0.0269491542130708,0.8720285892486572,0.9842405915260316,0.0588726475834846,0.0029694915283471,64,33654.0,5842335908739612672,4411099648,169651456,8,0.0029694915283471,3191603200.0,4.225772291274132e+18,24342.0,3.020711660736897,3.053363782265148,bin_2
config_623,832,15,8,0.0269491542130708,0.8720285892486572,0.9842405915260316,0.0588726475834846,0.0029694915283471,64,33654.0,5842335908739612672,4411099648,169651456,8,5.995944529726526e-06,4410572800.0,5.842335908739613e+18,33654.0,2.7912300344177936,2.8215925245206863,bin_2
config_624,704,22,8,0.0019217941444367,0.9323139786720276,0.9310545325279236,0.1496846973896026,0.0029872069135308,32,6451.0,602806742193807360,422832960,174199168,8,0.0029872069135308,209715200.0,3.013566491357974e+17,3225.0,3.300589232562018,3.335072013002927,bin_0
config_624,704,22,8,0.0019217941444367,0.9323139786720276,0.9310545325279236,0.1496846973896026,0.0029872069135308,32,6451.0,602806742193807360,422832960,174199168,8,3.0955512057315e-06,422707200.0,6.028067421938074e+17,6451.0,3.166452007059191,3.1993364864099223,bin_0
config_625,960,14,20,0.0019072396680712,0.92179137468338,0.956865131855011,0.1328595131635666,0.0008087163441814,32,13409.0,1361191749047746560,878829056,203122560,8,0.0008087163441814,439091200.0,6.805451178772536e+17,6704.0,1.9036156397178523,1.923096192332565,bin_1
config_625,960,14,20,0.0019072396680712,0.92179137468338,0.956865131855011,0.1328595131635666,0.0008087163441814,32,13409.0,1361191749047746560,878829056,203122560,8,4.086719313662604e-06,878182400.0,1.3611917490477466e+18,13409.0,1.7330854596075465,1.7508777485714584,bin_1
config_627,896,14,16,0.0319534018635749,0.9215885400772096,0.9507226943969728,0.2292302101850509,5.875921488041058e-05,128,48439.0,18112047727434006528,12698230784,186369792,8,5.875921488041058e-05,1599078400.0,2.2756440568377416e+18,6086.0,1.943999002136168,1.964472953550151,bin_2
config_627,896,14,16,0.0319534018635749,0.9215885400772096,0.9507226943969728,0.2292302101850509,5.875921488041058e-05,128,48439.0,18112047727434006528,12698230784,186369792,8,5.875921488041058e-05,3185049600.0,4.5509141991081416e+18,12171.0,1.777543790008201,1.7973346422539382,bin_2
config_627,896,14,16,0.0319534018635749,0.9215885400772096,0.9507226943969728,0.2292302101850509,5.875921488041058e-05,128,48439.0,18112047727434006528,12698230784,186369792,8,5.875921488041058e-05,4784128000.0,6.826558255945884e+18,18257.0,1.711504372045642,1.7283203785732144,bin_2
config_627,896,14,16,0.0319534018635749,0.9215885400772096,0.9507226943969728,0.2292302101850509,5.875921488041058e-05,128,48439.0,18112047727434006528,12698230784,186369792,8,5.875921488041058e-05,6383206400.0,9.101828398216284e+18,24342.0,1.6699856246494855,1.6867420841826768,bin_2
config_627,896,14,16,0.0319534018635749,0.9215885400772096,0.9507226943969728,0.2292302101850509,5.875921488041058e-05,128,48439.0,18112047727434006528,12698230784,186369792,8,5.875921488041058e-05,7982284800.0,1.1377472455054025e+19,30428.0,1.6417686259355702,1.6577826584948867,bin_2
config_627,896,14,16,0.0319534018635749,0.9215885400772096,0.9507226943969728,0.2292302101850509,5.875921488041058e-05,128,48439.0,18112047727434006528,12698230784,186369792,8,5.875921488041058e-05,9568256000.0,1.3653116511891767e+19,36514.0,1.6195322590773222,1.635736900861146,bin_2
config_627,896,14,16,0.0319534018635749,0.9215885400772096,0.9507226943969728,0.2292302101850509,5.875921488041058e-05,128,48439.0,18112047727434006528,12698230784,186369792,8,3.090111282416621e-05,11167334400.0,1.5928386654162168e+19,42599.0,1.5896485797108195,1.6050902530404387,bin_2
config_627,896,14,16,0.0319534018635749,0.9215885400772096,0.9507226943969728,0.2292302101850509,5.875921488041058e-05,128,48439.0,18112047727434006528,12698230784,186369792,8,2.063955129547011e-07,12687769600.0,1.8112047727434009e+19,48439.0,1.5687577863599431,1.5837386432827496,bin_2
config_628,1152,24,24,0.0010883131762966,0.8658360838890076,0.927198588848114,0.2408034652471542,0.0024963845498859,64,11847.0,5155711865837420544,1552818816,440181504,8,0.0024963845498859,773324800.0,2.577638337246142e+18,5923.0,3.1612352820539384,3.19310138985892,bin_1
config_628,1152,24,24,0.0010883131762966,0.8658360838890076,0.927198588848114,0.2408034652471542,0.0024963845498859,64,11847.0,5155711865837420544,1552818816,440181504,8,4.113957708437631e-05,1546649600.0,5.155711865837421e+18,11847.0,2.864325723787984,2.895379014478708,bin_1
config_63,640,9,16,0.0154457325115799,0.977095663547516,0.9156192541122437,0.1500952094793319,1.6280939235002734e-05,64,10220.0,815702333195059200,1339655552,77900800,16,1.6280939235002734e-05,668467200.0,4.078511665975296e+17,5110.0,2.687679119344617,2.7159836167194804,bin_0
config_63,640,9,16,0.0154457325115799,0.977095663547516,0.9156192541122437,0.1500952094793319,1.6280939235002734e-05,64,10220.0,815702333195059200,1339655552,77900800,16,2.1240625225052618e-07,1336934400.0,8.157023331950592e+17,10220.0,2.374517433643341,2.399479414986782,bin_0
config_630,768,16,6,0.0010465971427038,0.9639302492141724,0.9453306198120116,0.0720944553613662,6.597780884476379e-05,64,36079.0,5737009818033192960,4729044480,151884288,8,6.597780884476379e-05,1592524800.0,1.9353404056454449e+18,12171.0,1.836384784804016,1.8567461309667492,bin_2
config_630,768,16,6,0.0010465971427038,0.9639302492141724,0.9453306198120116,0.0720944553613662,6.597780884476379e-05,64,36079.0,5737009818033192960,4729044480,151884288,8,6.597780884476379e-05,3191603200.0,3.870680811290889e+18,24342.0,1.7297929120454631,1.7486638538172987,bin_2
config_630,768,16,6,0.0010465971427038,0.9639302492141724,0.9453306198120116,0.0720944553613662,6.597780884476379e-05,64,36079.0,5737009818033192960,4729044480,151884288,8,7.356233973464655e-07,4725145600.0,5.737009818033193e+18,36079.0,1.656800671835415,1.673605953552684,bin_2
config_631,256,15,16,0.0056168516166508,0.8155454993247986,0.9293661117553712,0.0418831594288349,0.0007412059931084,64,67632.0,2200889138419335168,8864743424,25658368,16,0.0007412059931084,1592524800.0,3.9607022864475e+17,12171.0,1.9655936303685924,1.9875834934047008,bin_1
config_631,256,15,16,0.0056168516166508,0.8155454993247986,0.9293661117553712,0.0418831594288349,0.0007412059931084,64,67632.0,2200889138419335168,8864743424,25658368,16,0.0007412059931084,3191603200.0,7.921404572894999e+17,24342.0,1.9082869176004755,1.9293757100574305,bin_1
config_631,256,15,16,0.0056168516166508,0.8155454993247986,0.9293661117553712,0.0418831594288349,0.0007412059931084,64,67632.0,2200889138419335168,8864743424,25658368,16,0.0007412059931084,4784128000.0,1.188243228061326e+18,36514.0,1.887576826244104,1.9065257781060017,bin_1
config_631,256,15,16,0.0056168516166508,0.8155454993247986,0.9293661117553712,0.0418831594288349,0.0007412059931084,64,67632.0,2200889138419335168,8864743424,25658368,16,0.0007412059931084,6383206400.0,1.584313456706076e+18,48685.0,1.8709507418851383,1.8894572003943024,bin_1
config_631,256,15,16,0.0056168516166508,0.8155454993247986,0.9293661117553712,0.0418831594288349,0.0007412059931084,64,67632.0,2200889138419335168,8864743424,25658368,16,0.0007412059931084,7975731200.0,1.980383685350826e+18,60856.0,1.860991503410652,1.8796152993499256,bin_1
config_631,256,15,16,0.0056168516166508,0.8155454993247986,0.9293661117553712,0.0418831594288349,0.0007412059931084,64,67632.0,2200889138419335168,8864743424,25658368,16,8.375208961677524e-06,8860467200.0,2.2008891384193352e+18,67632.0,1.798830171960299,1.8165424298849264,bin_1
config_632,832,17,8,0.001197550445795,0.9229767918586732,0.9622541666030884,0.2180172353982925,0.0002916329249273,32,6943.0,667868364559798272,455077344,186694144,8,0.0002916329249273,226099200.0,3.338860857535734e+17,3471.0,2.032534523694242,2.052456535706755,bin_0
config_632,832,17,8,0.001197550445795,0.9229767918586732,0.9622541666030884,0.2180172353982925,0.0002916329249273,32,6943.0,667868364559798272,455077344,186694144,8,8.28831181221289e-06,452198400.0,6.678683645597983e+17,6943.0,1.841143889759408,1.8601160648611723,bin_0
config_633,512,9,16,0.1185832321643829,0.8993059396743774,0.9804521203041076,0.2732408940792084,3.650280268630013e-05,32,4431.0,131183246345011200,290406880,56422400,16,3.650280268630013e-05,144179200.0,6.557682027853754e+16,2215.0,2.913220492034662,2.9436882604536465,bin_0
config_633,512,9,16,0.1185832321643829,0.8993059396743774,0.9804521203041076,0.2732408940792084,3.650280268630013e-05,32,4431.0,131183246345011200,290406880,56422400,16,9.351957713019036e-07,288358400.0,1.311832463450112e+17,4431.0,2.699639414021226,2.7280996614206035,bin_0
config_635,832,11,4,0.0701439902186393,0.9631476402282716,0.9876906275749208,0.1646698266267776,0.0021615379955619,32,5113.0,347915313795698688,335113568,135566080,16,0.0021615379955619,167116800.0,1.7392363427768547e+17,2556.0,3.2037112294650467,3.2374752538712297,bin_0
config_635,832,11,4,0.0701439902186393,0.9631476402282716,0.9876906275749208,0.1646698266267776,0.0021615379955619,32,5113.0,347915313795698688,335113568,135566080,16,3.341259683984016e-05,334233600.0,3.479153137956987e+17,5113.0,3.073430575933613,3.104602736019697,bin_0
config_636,320,23,8,0.0389161482453346,0.9228765964508056,0.987999141216278,0.1896567195653915,6.647727423114702e-05,32,5963.0,183516216131543040,390796352,48134400,16,6.647727423114702e-05,196608000.0,9.174272015564813e+16,2981.0,2.7327785173009653,2.761562782271964,bin_0
config_636,320,23,8,0.0389161482453346,0.9228765964508056,0.987999141216278,0.1896567195653915,6.647727423114702e-05,32,5963.0,183516216131543040,390796352,48134400,16,7.647828008893034e-07,389939200.0,1.8351621613154304e+17,5963.0,2.37656085604527,2.401137720326908,bin_0
config_637,896,16,16,0.0730792731046676,0.9756656289100648,0.97012859582901,0.2212615609169006,2.3870046788943e-05,64,26172.0,5459679672731762688,3430535424,206558464,8,2.3870046788943e-05,1592524800.0,2.538963827633283e+18,12171.0,1.993256236549284,2.0136154152330805,bin_1
config_637,896,16,16,0.0730792731046676,0.9756656289100648,0.97012859582901,0.2212615609169006,2.3870046788943e-05,64,26172.0,5459679672731762688,3430535424,206558464,8,7.511437866917817e-06,3191603200.0,5.077927655266566e+18,24342.0,1.8142170110100608,1.833548650350727,bin_1
config_637,896,16,16,0.0730792731046676,0.9756656289100648,0.97012859582901,0.2212615609169006,2.3870046788943e-05,64,26172.0,5459679672731762688,3430535424,206558464,8,9.06979325313933e-08,3427532800.0,5.459679672731763e+18,26172.0,1.803284883088753,1.822268341525656,bin_1
config_638,448,10,16,0.0063012931495904,0.9530404806137084,0.9527627825737,0.0158292185515165,0.001463733613491,64,62886.0,3269310243818766336,8242653696,47764864,16,0.001463733613491,1592524800.0,6.327445691810292e+17,12171.0,1.8279032926090428,1.8471304866134144,bin_1
config_638,448,10,16,0.0063012931495904,0.9530404806137084,0.9527627825737,0.0158292185515165,0.001463733613491,64,62886.0,3269310243818766336,8242653696,47764864,16,0.001463733613491,3191603200.0,1.2654891383620585e+18,24342.0,1.7714119823252568,1.7903630209750816,bin_1
config_638,448,10,16,0.0063012931495904,0.9530404806137084,0.9527627825737,0.0158292185515165,0.001463733613491,64,62886.0,3269310243818766336,8242653696,47764864,16,0.001463733613491,4784128000.0,1.8982856954298e+18,36514.0,1.7481592223292493,1.7653349041938782,bin_1
config_638,448,10,16,0.0063012931495904,0.9530404806137084,0.9527627825737,0.0158292185515165,0.001463733613491,64,62886.0,3269310243818766336,8242653696,47764864,16,0.001463733613491,6383206400.0,2.53103026461083e+18,48685.0,1.7342870829535313,1.7507293663259411,bin_1
config_638,448,10,16,0.0063012931495904,0.9530404806137084,0.9527627825737,0.0158292185515165,0.001463733613491,64,62886.0,3269310243818766336,8242653696,47764864,16,0.001463733613491,7975731200.0,3.163774833791859e+18,60856.0,1.7247631553352856,1.7407096694727413,bin_1
config_638,448,10,16,0.0063012931495904,0.9530404806137084,0.9527627825737,0.0158292185515165,0.001463733613491,64,62886.0,3269310243818766336,8242653696,47764864,16,5.295920611625947e-05,8237875200.0,3.2693102438187663e+18,62886.0,1.6840501262320846,1.6998554046427616,bin_1
config_639,448,17,16,0.0119686778634786,0.947599470615387,0.903523087501526,0.055996373295784,0.00019859985332,128,52865.0,8033388447463636992,13858428928,65433088,16,0.00019859985332,1599078400.0,9.248312133030112e+17,6086.0,1.9144761958669445,1.9343094421996443,bin_2
config_639,448,17,16,0.0119686778634786,0.947599470615387,0.903523087501526,0.055996373295784,0.00019859985332,128,52865.0,8033388447463636992,13858428928,65433088,16,0.00019859985332,3185049600.0,1.8495104661700544e+18,12171.0,1.78883234438349,1.8084003472328185,bin_2
config_639,448,17,16,0.0119686778634786,0.947599470615387,0.903523087501526,0.055996373295784,0.00019859985332,128,52865.0,8033388447463636992,13858428928,65433088,16,0.00019859985332,4784128000.0,2.774341679473065e+18,18257.0,1.742088677375043,1.7600243360097292,bin_2
config_639,448,17,16,0.0119686778634786,0.947599470615387,0.903523087501526,0.055996373295784,0.00019859985332,128,52865.0,8033388447463636992,13858428928,65433088,16,0.00019859985332,6383206400.0,3.699020932340109e+18,24342.0,1.7146343147559244,1.7319585877559225,bin_2
config_639,448,17,16,0.0119686778634786,0.947599470615387,0.903523087501526,0.055996373295784,0.00019859985332,128,52865.0,8033388447463636992,13858428928,65433088,16,0.00019859985332,7982284800.0,4.623852145643121e+18,30428.0,1.6975533307184938,1.714538908630121,bin_2
config_639,448,17,16,0.0119686778634786,0.947599470615387,0.903523087501526,0.055996373295784,0.00019859985332,128,52865.0,8033388447463636992,13858428928,65433088,16,0.00019859985332,9568256000.0,5.548683358946131e+18,36514.0,1.6840517529503245,1.7010065503980292,bin_2
config_639,448,17,16,0.0119686778634786,0.947599470615387,0.903523087501526,0.055996373295784,0.00019859985332,128,52865.0,8033388447463636992,13858428928,65433088,16,0.00019859985332,11167334400.0,6.473362611813175e+18,42599.0,1.674204014090241,1.6909085340187198,bin_2
config_639,448,17,16,0.0119686778634786,0.947599470615387,0.903523087501526,0.055996373295784,0.00019859985332,128,52865.0,8033388447463636992,13858428928,65433088,16,0.00019859985332,12766412800.0,7.398193825116186e+18,48685.0,1.6671243082890743,1.683422480958407,bin_2
config_639,448,17,16,0.0119686778634786,0.947599470615387,0.903523087501526,0.055996373295784,0.00019859985332,128,52865.0,8033388447463636992,13858428928,65433088,16,1.006418175608355e-06,13854310400.0,8.033388447463637e+18,52865.0,1.6301359065243457,1.6441948377890665,bin_2
config_64,704,19,8,0.0095071587711572,0.9157174825668336,0.9921717047691344,0.2740767300128937,9.062713797902688e-05,64,20907.0,3453422014749966336,2740392704,155271424,8,9.062713797902688e-05,1592524800.0,2.0104079658258885e+18,12171.0,1.7957035634165903,1.8146834787970685,bin_1
config_64,704,19,8,0.0095071587711572,0.9157174825668336,0.9921717047691344,0.2740767300128937,9.062713797902688e-05,64,20907.0,3453422014749966336,2740392704,155271424,8,1.1071378112620237e-07,2739404800.0,3.4534220147499663e+18,20907.0,1.691450278309525,1.7092915802119208,bin_1
config_640,320,6,8,0.0595837086439132,0.9456387758255004,0.967432141304016,0.298259824514389,0.0007268794579431,64,14505.0,368558625573273600,1901229312,24448640,16,0.0003957006757873,1592524800.0,3.092538456981946e+17,12171.0,1.8855808147446051,1.906455674796808,bin_0
config_640,320,6,8,0.0595837086439132,0.9456387758255004,0.967432141304016,0.298259824514389,0.0007268794579431,64,14505.0,368558625573273600,1901229312,24448640,16,8.401288233277635e-07,1900544000.0,3.685586255732736e+17,14505.0,1.843978007347857,1.864483244809948,bin_0
config_642,512,16,8,0.001346914214082,0.8875948786735535,0.949960231781006,0.291630208492279,2.020335523411632e-05,64,8348.0,747297160648851456,1094246272,80284672,16,2.020335523411632e-05,543948800.0,3.736485803244257e+17,4174.0,2.7195628348334893,2.747769652820024,bin_0
config_642,512,16,8,0.001346914214082,0.8875948786735535,0.949960231781006,0.291630208492279,2.020335523411632e-05,64,8348.0,747297160648851456,1094246272,80284672,16,3.984227819382006e-07,1087897600.0,7.472971606488515e+17,8348.0,2.42907300374547,2.454659061979075,bin_0
config_643,1024,12,8,0.0062462459318339,0.9424455761909484,0.9841293692588806,0.2136854976415634,0.0020627507474273,64,49347.0,9933299217529307136,6468104192,205649920,8,0.0020627507474273,1592524800.0,2.4499601754219955e+18,12171.0,1.6888244626952,1.7069419924548417,bin_2
config_643,1024,12,8,0.0062462459318339,0.9424455761909484,0.9841293692588806,0.2136854976415634,0.0020627507474273,64,49347.0,9933299217529307136,6468104192,205649920,8,0.0020627507474273,3191603200.0,4.899920350843991e+18,24342.0,1.6184193560334503,1.6357610212779436,bin_2
config_643,1024,12,8,0.0062462459318339,0.9424455761909484,0.9841293692588806,0.2136854976415634,0.0020627507474273,64,49347.0,9933299217529307136,6468104192,205649920,8,0.0020627507474273,4784128000.0,7.350081821161674e+18,36514.0,1.5870361725619582,1.6024886678281378,bin_2
config_643,1024,12,8,0.0062462459318339,0.9424455761909484,0.9841293692588806,0.2136854976415634,0.0020627507474273,64,49347.0,9933299217529307136,6468104192,205649920,8,0.0001265743298165,6383206400.0,9.80004199658367e+18,48685.0,1.5136842186431416,1.5281323906828146,bin_2
config_643,1024,12,8,0.0062462459318339,0.9424455761909484,0.9841293692588806,0.2136854976415634,0.0020627507474273,64,49347.0,9933299217529307136,6468104192,205649920,8,9.194734932576295e-06,6461849600.0,9.933299217529307e+18,49347.0,1.511715748994077,1.5261927721734907,bin_2
config_644,960,15,24,0.0290421470999717,0.95586359500885,0.930825173854828,0.0298686698079109,0.0086695356294512,32,11968.0,1285428677717237760,784363328,214183680,8,0.0086695356294512,393216000.0,6.427143388586189e+17,5984.0,3.508109820397174,3.5431118519579776,bin_1
config_644,960,15,24,0.0290421470999717,0.95586359500885,0.930825173854828,0.0298686698079109,0.0086695356294512,32,11968.0,1285428677717237760,784363328,214183680,8,0.0004371194435017,783155200.0,1.2854286777172378e+18,11968.0,3.603256464825302,3.6396478699074417,bin_1
config_645,576,11,18,0.0741793662309646,0.8428144454956055,0.9296664595603944,0.0848031193017959,0.0066611180081963,64,72280.0,5610814372722769920,9473927168,72767232,16,0.0066611180081963,1592524800.0,9.447872403210962e+17,12171.0,1.9147775530424276,1.934213243468863,bin_2
config_645,576,11,18,0.0741793662309646,0.8428144454956055,0.9296664595603944,0.0848031193017959,0.0066611180081963,64,72280.0,5610814372722769920,9473927168,72767232,16,0.0066611180081963,3191603200.0,1.8895744806421924e+18,24342.0,1.890173432670656,1.9100759141953263,bin_2
config_645,576,11,18,0.0741793662309646,0.8428144454956055,0.9296664595603944,0.0848031193017959,0.0066611180081963,64,72280.0,5610814372722769920,9473927168,72767232,16,0.0066611180081963,4784128000.0,2.834439347061417e+18,36514.0,1.883347466460994,1.9012621927261355,bin_2
config_645,576,11,18,0.0741793662309646,0.8428144454956055,0.9296664595603944,0.0848031193017959,0.0066611180081963,64,72280.0,5610814372722769920,9473927168,72767232,16,0.0066611180081963,6383206400.0,3.779226587382513e+18,48685.0,1.8790839187825312,1.897495574091301,bin_2
config_645,576,11,18,0.0741793662309646,0.8428144454956055,0.9296664595603944,0.0848031193017959,0.0066611180081963,64,72280.0,5610814372722769920,9473927168,72767232,16,0.0066611180081963,7975731200.0,4.724013827703609e+18,60856.0,1.875577646044434,1.8933062613987528,bin_2
config_645,576,11,18,0.0741793662309646,0.8428144454956055,0.9296664595603944,0.0848031193017959,0.0066611180081963,64,72280.0,5610814372722769920,9473927168,72767232,16,3.260459132744132e-05,9469952000.0,5.61081437272277e+18,72280.0,1.670387394389168,1.6854564873898616,bin_2
config_646,896,7,14,0.0013611954636871,0.8639132976531982,0.9327144622802734,0.2647346258163452,0.0049737426452338,64,16732.0,1860448966905102336,2193106688,115709440,16,0.0049737426452338,1592524800.0,1.3533065010878556e+18,12171.0,2.7051568777834785,2.7352813419748525,bin_1
config_646,896,7,14,0.0013611954636871,0.8639132976531982,0.9327144622802734,0.2647346258163452,0.0049737426452338,64,16732.0,1860448966905102336,2193106688,115709440,16,3.593582403420281e-05,2188902400.0,1.8604489669051023e+18,16732.0,2.490592381367918,2.51848985398402,bin_1
config_647,320,12,8,0.0743722468614578,0.8410512804985046,0.9384770393371582,0.0886981338262558,0.0055660395883023,32,11676.0,222810969013125120,765216512,32808320,16,0.0055660395883023,383385600.0,1.1140548450656256e+17,5838.0,2.830947740820588,2.861862727462268,bin_0
config_647,320,12,8,0.0743722468614578,0.8410512804985046,0.9384770393371582,0.0886981338262558,0.0055660395883023,32,11676.0,222810969013125120,765216512,32808320,16,0.0001398232167109,763494400.0,2.2281096901312512e+17,11676.0,2.541666011849388,2.568517187696989,bin_0
config_648,256,21,16,0.0318324156105518,0.9697639346122742,0.9594765901565552,0.2001558691263198,0.0004356670833658,32,4145.0,86038609395990528,271677408,30773248,16,0.0004356670833658,134348800.0,4.300892609613809e+16,2072.0,2.792966296086546,2.8230913434263134,bin_0
config_648,256,21,16,0.0318324156105518,0.9697639346122742,0.9594765901565552,0.2001558691263198,0.0004356670833658,32,4145.0,86038609395990528,271677408,30773248,16,2.3648997287651307e-05,268697600.0,8.603860939599053e+16,4145.0,2.3995933001158667,2.423186225265753,bin_0
config_65,832,13,16,0.0094582019373774,0.8123701810836792,0.9615921974182128,0.0611293874680995,0.0063479235395789,64,14405.0,2230503002606960640,1888125696,152608768,8,0.0063479235395789,1592524800.0,1.884585355413351e+18,12171.0,3.164226143008373,3.197676006536015,bin_1
config_65,832,13,16,0.0094582019373774,0.8123701810836792,0.9615921974182128,0.0611293874680995,0.0063479235395789,64,14405.0,2230503002606960640,1888125696,152608768,8,3.606774738397142e-05,1887436800.0,2.230503002606961e+18,14405.0,3.033392683795241,3.066536859019858,bin_1
config_650,576,18,12,0.0059471018612384,0.8149183988571167,0.959528923034668,0.2505551278591156,0.000247110845521,64,21224.0,2388382710490791936,2781902336,100644480,8,0.000247110845521,1592524800.0,1.3696290034575685e+18,12171.0,1.7820328544006974,1.8001494042990638,bin_1
config_650,576,18,12,0.0059471018612384,0.8149183988571167,0.959528923034668,0.2505551278591156,0.000247110845521,64,21224.0,2388382710490791936,2781902336,100644480,8,1.115414762555239e-06,2778726400.0,2.388382710490792e+18,21224.0,1.6744235517353308,1.6923535211750718,bin_1
config_652,1024,24,16,0.0135826682671904,0.9649642109870912,0.9135048389434814,0.1442619711160659,0.0043294690549373,32,3653.0,661497630777409536,239450112,359815168,8,0.0043294690549373,121241600.0,3.30658273692732e+17,1826.0,3.5666243273312928,3.6017769591534723,bin_0
config_652,1024,24,16,0.0135826682671904,0.9649642109870912,0.9135048389434814,0.1442619711160659,0.0043294690549373,32,3653.0,661497630777409536,239450112,359815168,8,2.469278928671475e-05,239206400.0,6.614976307774095e+17,3653.0,3.414356949720226,3.4502521172898715,bin_0
config_653,704,6,8,0.0053194756619632,0.840510368347168,0.9097306728363036,0.2725782990455627,1.291704575123731e-05,32,5833.0,207705175646588928,382330144,73251200,16,1.291704575123731e-05,190054400.0,1.0383478350513514e+17,2916.0,3.004848853877333,3.0359916231280466,bin_0
config_653,704,6,8,0.0053194756619632,0.840510368347168,0.9097306728363036,0.2725782990455627,1.291704575123731e-05,32,5833.0,207705175646588928,382330144,73251200,16,2.68258344739354e-07,380108800.0,2.0770517564658893e+17,5833.0,2.824165383088784,2.8528442941728187,bin_0
config_654,832,16,16,0.0013725375756621,0.8204009532928467,0.9345871210098268,0.1308972239494323,1.2184083061583806e-05,64,32551.0,5956204818256822272,4266537472,178172800,8,1.2184083061583806e-05,1592524800.0,2.2270581193512883e+18,12171.0,2.295409867372669,2.319512979124413,bin_2
config_654,832,16,16,0.0013725375756621,0.8204009532928467,0.9345871210098268,0.1308972239494323,1.2184083061583806e-05,64,32551.0,5956204818256822272,4266537472,178172800,8,1.2184083061583806e-05,3191603200.0,4.4541162387025766e+18,24342.0,2.0369484347202738,2.058339236271186,bin_2
config_654,832,16,16,0.0013725375756621,0.8204009532928467,0.9345871210098268,0.1308972239494323,1.2184083061583806e-05,64,32551.0,5956204818256822272,4266537472,178172800,8,2.8601133947385823e-09,4266393600.0,5.956204818256822e+18,32551.0,1.9532616393487965,1.9742889460188444,bin_2
config_655,320,12,16,0.0082526952028274,0.8132720589637756,0.9028299450874328,0.0931857377290725,0.0005270569236017,64,9224.0,352063942150717440,1209119744,32808320,16,0.0005270569236017,602931200.0,1.7603197107535872e+17,4612.0,2.0441512026161446,2.0660700276249746,bin_0
config_655,320,12,16,0.0082526952028274,0.8132720589637756,0.9028299450874328,0.0931857377290725,0.0005270569236017,64,9224.0,352063942150717440,1209119744,32808320,16,1.4725688203076389e-05,1205862400.0,3.5206394215071744e+17,9224.0,1.9003087762535595,1.9208090869325107,bin_0
config_657,512,16,16,0.1183145567774772,0.9257889986038208,0.9449554681777954,0.2476976811885833,0.007004024926573,64,15829.0,1416939238264799232,2074784384,80284672,16,0.006573420332873,1592524800.0,1.0894919116129176e+18,12171.0,1.979002453538238,1.9989731575621932,bin_1
config_657,512,16,16,0.1183145567774772,0.9257889986038208,0.9449554681777954,0.2476976811885833,0.007004024926573,64,15829.0,1416939238264799232,2074784384,80284672,16,5.181549052821893e-05,2070937600.0,1.4169392382647992e+18,15829.0,1.7607582121598917,1.7790209440715978,bin_1
config_658,576,8,18,0.0023173857480287,0.8783503770828247,0.9491342306137084,0.2933639883995056,0.0008478823583573,64,9885.0,619461335989665792,1295655552,60819840,16,0.0008478823583573,648806400.0,3.0969933459392294e+17,4942.0,1.90462849957044,1.925696871710605,bin_0
config_658,576,8,18,0.0023173857480287,0.8783503770828247,0.9491342306137084,0.2933639883995056,0.0008478823583573,64,9885.0,619461335989665792,1295655552,60819840,16,1.0236592805279638e-05,1291059200.0,6.194613359896658e+17,9885.0,1.7648329584715796,1.784083577453113,bin_0
config_659,320,20,10,0.0101775284856557,0.860991358757019,0.9937641620635986,0.0249290242791175,0.000221233422053,32,8035.0,221682845856153600,526643840,43954560,16,0.000221233422053,262144000.0,1.1082762810257235e+17,4017.0,2.190507543946876,2.2128945076661037,bin_0
config_659,320,20,10,0.0101775284856557,0.860991358757019,0.9937641620635986,0.0249290242791175,0.000221233422053,32,8035.0,221682845856153600,526643840,43954560,16,3.871584885928312e-05,524288000.0,2.216828458561536e+17,8035.0,1.9819195404209076,2.001924257239357,bin_0
config_66,832,16,16,0.0311167854815721,0.9072998762130736,0.9719370007514954,0.1618235558271408,2.14768460864434e-05,32,11290.0,1032922961742397440,739901440,178172800,8,2.14768460864434e-05,370278400.0,5.164614808711987e+17,5645.0,2.52503567955533,2.5511826086435163,bin_1
config_66,832,16,16,0.0311167854815721,0.9072998762130736,0.9719370007514954,0.1618235558271408,2.14768460864434e-05,32,11290.0,1032922961742397440,739901440,178172800,8,4.7046760320796214e-07,737280000.0,1.0329229617423974e+18,11290.0,2.2098912306887204,2.2323264052828806,bin_1
config_660,320,18,10,0.0030710520222783,0.9209198355674744,0.9894753694534302,0.0450173579156398,2.0045596102136187e-05,32,3910.0,99566174276259840,256287072,41168000,16,2.0045596102136187e-05,127795200.0,4.978308713812992e+16,1955.0,3.315178116188674,3.350893803033673,bin_0
config_660,320,18,10,0.0030710520222783,0.9209198355674744,0.9894753694534302,0.0450173579156398,2.0045596102136187e-05,32,3910.0,99566174276259840,256287072,41168000,16,1.1389543239850113e-06,255590400.0,9.956617427625984e+16,3910.0,3.036006926005004,3.0682949607880388,bin_0
config_662,576,24,18,0.0010115425102412,0.9740352034568788,0.9937158823013306,0.274935245513916,0.00136142980773,64,19428.0,2767590702038089728,2546538752,124539264,8,0.00136142980773,1592524800.0,1.733804119544245e+18,12171.0,1.7506705181715918,1.7692118272625033,bin_1
config_662,576,24,18,0.0010115425102412,0.9740352034568788,0.9937158823013306,0.274935245513916,0.00136142980773,64,19428.0,2767590702038089728,2546538752,124539264,8,7.137246698453491e-06,2542796800.0,2.7675907020380897e+18,19428.0,1.6546696084249215,1.6721323391844014,bin_1
config_663,1152,16,6,0.1269046664237976,0.8144844174385071,0.9830544590950012,0.078771561384201,5.876375507796183e-05,32,3125.0,477045479005544448,204800032,312761088,8,5.876375507796183e-05,101580800.0,2.3844641222613133e+17,1562.0,2.474933880606636,2.499893071534204,bin_0
config_663,1152,16,6,0.1269046664237976,0.8144844174385071,0.9830544590950012,0.078771561384201,5.876375507796183e-05,32,3125.0,477045479005544448,204800032,312761088,8,5.971926329061167e-06,203161600.0,4.7704547900554445e+17,3125.0,2.1558407413373226,2.176822580861264,bin_0
config_665,1152,12,24,0.0024506263434886,0.8686057329177856,0.9449254274368286,0.275324285030365,0.0001266427861992,64,21347.0,5131268294754041856,2798052864,249050880,8,0.0001266427861992,1592524800.0,2.925594529228999e+18,12171.0,1.7583748567299764,1.7767324105442548,bin_1
config_665,1152,12,24,0.0024506263434886,0.8686057329177856,0.9449254274368286,0.275324285030365,0.0001266427861992,64,21347.0,5131268294754041856,2798052864,249050880,8,1.0127975074636288e-06,2791833600.0,5.131268294754042e+18,21347.0,1.6454759089282305,1.6632420678998605,bin_1
config_668,512,18,8,0.0172912161797285,0.8929434418678284,0.9924066662788392,0.0518920198082923,0.0004652105853892,64,39987.0,3925646491897036800,5241228800,87102464,8,0.0004652105853892,1592524800.0,1.1948644172575795e+18,12171.0,1.7667508575173676,1.7859298371096126,bin_1
config_668,512,18,8,0.0172912161797285,0.8929434418678284,0.9924066662788392,0.0518920198082923,0.0004652105853892,64,39987.0,3925646491897036800,5241228800,87102464,8,0.0004652105853892,3191603200.0,2.389728834515159e+18,24342.0,1.6859390186872638,1.7041274840519076,bin_1
config_668,512,18,8,0.0172912161797285,0.8929434418678284,0.9924066662788392,0.0518920198082923,0.0004652105853892,64,39987.0,3925646491897036800,5241228800,87102464,8,0.0004652105853892,4784128000.0,3.584691424841284e+18,36514.0,1.6550434062129162,1.670976488648868,bin_1
config_668,512,18,8,0.0172912161797285,0.8929434418678284,0.9924066662788392,0.0518920198082923,0.0004652105853892,64,39987.0,3925646491897036800,5241228800,87102464,8,8.29532128164025e-06,5236326400.0,3.925646491897037e+18,39987.0,1.6121608224657715,1.627199007761283,bin_1
config_67,512,18,4,0.1484922170639038,0.8368839025497437,0.9812061190605164,0.1541435569524765,4.523794268607162e-05,64,45606.0,4477255472430710784,5977695744,87102464,8,4.523794268607162e-05,1592524800.0,1.1948576142383498e+18,12171.0,1.9844255575000265,2.0047313600290018,bin_1
config_67,512,18,4,0.1484922170639038,0.8368839025497437,0.9812061190605164,0.1541435569524765,4.523794268607162e-05,64,45606.0,4477255472430710784,5977695744,87102464,8,4.523794268607162e-05,3191603200.0,2.3897152284767e+18,24342.0,1.8321544896383757,1.851896471175991,bin_1
config_67,512,18,4,0.1484922170639038,0.8368839025497437,0.9812061190605164,0.1541435569524765,4.523794268607162e-05,64,45606.0,4477255472430710784,5977695744,87102464,8,4.523794268607162e-05,4784128000.0,3.584671015224641e+18,36514.0,1.7684855212539925,1.785834301143396,bin_1
config_67,512,18,4,0.1484922170639038,0.8368839025497437,0.9812061190605164,0.1541435569524765,4.523794268607162e-05,64,45606.0,4477255472430710784,5977695744,87102464,8,3.8615401353881264e-08,5976883200.0,4.477255472430711e+18,45606.0,1.717734799560953,1.7343072088429186,bin_1
config_670,960,14,20,0.0951692909002304,0.9320728778839112,0.9563791155815125,0.0308738369494676,7.64464566600509e-05,64,8092.0,1642906822550077440,1060713344,203122560,8,7.64464566600509e-05,530841600.0,8.214534112750387e+17,4046.0,2.040048800179216,2.0610492699263525,bin_1
config_670,960,14,20,0.0951692909002304,0.9320728778839112,0.9563791155815125,0.0308738369494676,7.64464566600509e-05,64,8092.0,1642906822550077440,1060713344,203122560,8,1.2894583051092924e-05,1055129600.0,1.6429068225500774e+18,8092.0,1.84717578993469,1.8665022515664336,bin_1
config_671,896,24,16,0.0679471641778945,0.9182204008102416,0.9314806461334229,0.1388522237539291,0.0043886993080377,64,35887.0,10593624714939334656,4703891968,287313152,8,0.0043886993080377,1592524800.0,3.592805372572983e+18,12171.0,3.322469521819568,3.3564854554660983,bin_2
config_671,896,24,16,0.0679471641778945,0.9182204008102416,0.9314806461334229,0.1388522237539291,0.0043886993080377,64,35887.0,10593624714939334656,4703891968,287313152,8,0.0043886993080377,3191603200.0,7.185610745145966e+18,24342.0,3.399825798058119,3.4354549891831443,bin_2
config_671,896,24,16,0.0679471641778945,0.9182204008102416,0.9314806461334229,0.1388522237539291,0.0043886993080377,64,35887.0,10593624714939334656,4703891968,287313152,8,3.259371224355583e-05,4698931200.0,1.0593624714939337e+19,35887.0,3.337201936792155,3.3730228963836293,bin_2
config_673,832,6,8,0.0826783627271652,0.896855354309082,0.9068812131881714,0.0909914076328277,2.770278661046177e-05,64,38651.0,3446857344423886848,5066116608,92959360,16,2.770278661046177e-05,1592524800.0,1.0853975508779366e+18,12171.0,2.0815089828850795,2.103495187173124,bin_1
config_673,832,6,8,0.0826783627271652,0.896855354309082,0.9068812131881714,0.0909914076328277,2.770278661046177e-05,64,38651.0,3446857344423886848,5066116608,92959360,16,2.770278661046177e-05,3191603200.0,2.1707951017558733e+18,24342.0,1.9308378341549728,1.9518547794076264,bin_1
config_673,832,6,8,0.0826783627271652,0.896855354309082,0.9068812131881714,0.0909914076328277,2.770278661046177e-05,64,38651.0,3446857344423886848,5066116608,92959360,16,1.694786518745827e-05,4784128000.0,3.2562818316290345e+18,36514.0,1.858378086207343,1.8767332365473763,bin_1
config_673,832,6,8,0.0826783627271652,0.896855354309082,0.9068812131881714,0.0909914076328277,2.770278661046177e-05,64,38651.0,3446857344423886848,5066116608,92959360,16,7.879063313557546e-09,5065932800.0,3.446857344423887e+18,38651.0,1.842842643847231,1.8611626769675584,bin_1
config_674,640,15,10,0.0090897809714078,0.9825397729873656,0.9432373046875,0.2807127237319946,0.0040009841322898,64,28126.0,3266736765602365440,3686617088,108382720,8,0.0040009841322898,1592524800.0,1.4136191841764342e+18,12171.0,1.8047015123484564,1.8237965481789389,bin_1
config_674,640,15,10,0.0090897809714078,0.9825397729873656,0.9432373046875,0.2807127237319946,0.0040009841322898,64,28126.0,3266736765602365440,3686617088,108382720,8,0.0019135802512383,3191603200.0,2.8272383683528684e+18,24342.0,1.6955922114262816,1.713960282998007,bin_1
config_674,640,15,10,0.0090897809714078,0.9825397729873656,0.9432373046875,0.2807127237319946,0.0040009841322898,64,28126.0,3266736765602365440,3686617088,108382720,8,1.31761352045014e-05,3683123200.0,3.2667367656023654e+18,28126.0,1.6532442590447722,1.6708737234991105,bin_1
config_675,320,10,16,0.0016044478397816,0.8150126338005066,0.9679356217384338,0.2336708754301071,0.0020939209498465,32,3842.0,65154490825697280,251820912,30021760,16,0.0020939209498465,124518400.0,3.257724541284864e+16,1921.0,2.328812710496246,2.35249091214821,bin_0
config_675,320,10,16,0.0016044478397816,0.8150126338005066,0.9679356217384338,0.2336708754301071,0.0020939209498465,32,3842.0,65154490825697280,251820912,30021760,16,9.804312139749528e-05,249036800.0,6.515449082569728e+16,3842.0,2.0804343339263416,2.1022114665000164,bin_0
config_676,1088,5,8,0.0267410911619663,0.9208921790122986,0.9709389805793762,0.1288028806447982,1.647532008064445e-05,32,13795.0,817992501863399424,904097664,128523264,16,1.647532008064445e-05,452198400.0,4.08966602780128e+17,6897.0,2.451308599847262,2.4758615852574835,bin_0
config_676,1088,5,8,0.0267410911619663,0.9208921790122986,0.9709389805793762,0.1288028806447982,1.647532008064445e-05,32,13795.0,817992501863399424,904097664,128523264,16,4.174489885298435e-07,901120000.0,8.179925018633994e+17,13795.0,2.184643489259188,2.20651890133248,bin_0
config_677,448,14,16,0.004386241082102,0.8608471155166626,0.946341037750244,0.2926788032054901,2.2182359316502694e-05,64,52622.0,3457125273233522688,6897301504,57860992,16,2.2182359316502694e-05,1592524800.0,7.996022899267456e+17,12171.0,2.4130551762268198,2.4387166963639806,bin_1
config_677,448,14,16,0.004386241082102,0.8608471155166626,0.946341037750244,0.2926788032054901,2.2182359316502694e-05,64,52622.0,3457125273233522688,6897301504,57860992,16,2.2182359316502694e-05,3191603200.0,1.5992045798534912e+18,24342.0,2.1163566694103304,2.1390239481456943,bin_1
config_677,448,14,16,0.004386241082102,0.8608471155166626,0.946341037750244,0.2926788032054901,2.2182359316502694e-05,64,52622.0,3457125273233522688,6897301504,57860992,16,2.2182359316502694e-05,4784128000.0,2.398872567117344e+18,36514.0,2.00099972611568,2.023028105829583,bin_1
config_677,448,14,16,0.004386241082102,0.8608471155166626,0.946341037750244,0.2926788032054901,2.2182359316502694e-05,64,52622.0,3457125273233522688,6897301504,57860992,16,5.648932747180286e-06,6383206400.0,3.1984748570440893e+18,48685.0,1.9389517239664424,1.9601750831916684,bin_1
config_677,448,14,16,0.004386241082102,0.8608471155166626,0.946341037750244,0.2926788032054901,2.2182359316502694e-05,64,52622.0,3457125273233522688,6897301504,57860992,16,3.1687027138694554e-08,6894387200.0,3.4571252732335227e+18,52622.0,1.9311731845433595,1.9523333585457725,bin_1
config_679,1088,15,16,0.0961426496505737,0.9487536549568176,0.9681182503700256,0.252667635679245,0.0009612645953893,128,53644.0,28938918529449197568,14062578688,276164864,8,0.0009612645953893,1599078400.0,3.283167887745653e+18,6086.0,1.704356294264559,1.7225691095141114,bin_2
config_679,1088,15,16,0.0961426496505737,0.9487536549568176,0.9681182503700256,0.252667635679245,0.0009612645953893,128,53644.0,28938918529449197568,14062578688,276164864,8,0.0009612645953893,3185049600.0,6.565796313137093e+18,12171.0,1.6235636194807583,1.640906333258895,bin_2
config_679,1088,15,16,0.0961426496505737,0.9487536549568176,0.9681182503700256,0.252667635679245,0.0009612645953893,128,53644.0,28938918529449197568,14062578688,276164864,8,0.0009612645953893,4784128000.0,9.848964200882743e+18,18257.0,1.5932571841067955,1.6086913802584664,bin_2
config_679,1088,15,16,0.0961426496505737,0.9487536549568176,0.9681182503700256,0.252667635679245,0.0009612645953893,128,53644.0,28938918529449197568,14062578688,276164864,8,0.0009612645953893,6383206400.0,1.3131592626274183e+19,24342.0,1.5778243006839128,1.5923159674152,bin_2
config_679,1088,15,16,0.0961426496505737,0.9487536549568176,0.9681182503700256,0.252667635679245,0.0009612645953893,128,53644.0,28938918529449197568,14062578688,276164864,8,0.0009612645953893,7982284800.0,1.6414760514019838e+19,30428.0,1.5652501030241857,1.5805436127889352,bin_2
config_679,1088,15,16,0.0961426496505737,0.9487536549568176,0.9681182503700256,0.252667635679245,0.0009612645953893,128,53644.0,28938918529449197568,14062578688,276164864,8,0.0009612645953893,9568256000.0,1.969792840176549e+19,36514.0,1.5566439770675096,1.571585687574793,bin_2
config_679,1088,15,16,0.0961426496505737,0.9487536549568176,0.9681182503700256,0.252667635679245,0.0009612645953893,128,53644.0,28938918529449197568,14062578688,276164864,8,0.0007832526332802,11167334400.0,2.298055682715693e+19,42599.0,1.5339162180071972,1.5485732505360588,bin_2
config_679,1088,15,16,0.0961426496505737,0.9487536549568176,0.9681182503700256,0.252667635679245,0.0009612645953893,128,53644.0,28938918529449197568,14062578688,276164864,8,0.0003506339205847,12766412800.0,2.6263724714902585e+19,48685.0,1.481506087174181,1.4944032171515167,bin_2
config_679,1088,15,16,0.0961426496505737,0.9487536549568176,0.9681182503700256,0.252667635679245,0.0009612645953893,128,53644.0,28938918529449197568,14062578688,276164864,8,3.120528419443087e-06,14050918400.0,2.89389185294492e+19,53644.0,1.4390735769858125,1.45033723123738,bin_2
config_68,960,6,16,0.0018442801665514,0.8008342981338501,0.9289605021476746,0.0794780254364013,1.159663406724576e-05,32,12592.0,684399432191754240,825289088,114633600,16,1.159663406724576e-05,412876800.0,3.421997160958771e+17,6296.0,2.701689802232336,2.7294575184681378,bin_0
config_68,960,6,16,0.0018442801665514,0.8008342981338501,0.9289605021476746,0.0794780254364013,1.159663406724576e-05,32,12592.0,684399432191754240,825289088,114633600,16,4.870586308243223e-07,822476800.0,6.843994321917542e+17,12592.0,2.401209581289135,2.425433783374849,bin_0
config_680,768,14,8,0.092214897274971,0.8034257888793945,0.9774534702301024,0.2704801559448242,6.69809669489041e-05,64,35812.0,5118587748313989120,4693970432,137725440,8,6.69809669489041e-05,1592524800.0,1.7395937530640443e+18,12171.0,1.852138222123756,1.8713990638490583,bin_1
config_680,768,14,8,0.092214897274971,0.8034257888793945,0.9774534702301024,0.2704801559448242,6.69809669489041e-05,64,35812.0,5118587748313989120,4693970432,137725440,8,6.69809669489041e-05,3191603200.0,3.4791875061280886e+18,24342.0,1.7379240000247955,1.7562253209606546,bin_1
config_680,768,14,8,0.092214897274971,0.8034257888793945,0.9774534702301024,0.2704801559448242,6.69809669489041e-05,64,35812.0,5118587748313989120,4693970432,137725440,8,8.298282091543491e-08,4692377600.0,5.118587748313989e+18,35812.0,1.664158012866974,1.680915577313939,bin_1
config_681,576,5,18,0.1447630226612091,0.8404940366744995,0.90774005651474,0.202007383108139,0.0009597998578101,32,6592.0,157244007494762496,432018048,48872448,16,0.0009597998578101,216268800.0,7.862200374738125e+16,3296.0,2.16770449024732,2.1901814425187034,bin_0
config_681,576,5,18,0.1447630226612091,0.8404940366744995,0.90774005651474,0.202007383108139,0.0009597998578101,32,6592.0,157244007494762496,432018048,48872448,16,3.028669724119157e-05,429260800.0,1.572440074947625e+17,6592.0,1.9710812884080608,1.9924548118231729,bin_0
config_682,256,9,16,0.159366175532341,0.9311867356300354,0.9687819480895996,0.1329576969146728,1.062938645191025e-05,128,59336.0,2797587703469703168,15554697216,20543488,16,1.062938645191025e-05,1599078400.0,2.869441614419006e+17,6086.0,3.196381738615817,3.230548919068008,bin_1
config_682,256,9,16,0.159366175532341,0.9311867356300354,0.9687819480895996,0.1329576969146728,1.062938645191025e-05,128,59336.0,2797587703469703168,15554697216,20543488,16,1.062938645191025e-05,3185049600.0,5.738411746482701e+17,12171.0,2.900280841999366,2.930703800623534,bin_1
config_682,256,9,16,0.159366175532341,0.9311867356300354,0.9687819480895996,0.1329576969146728,1.062938645191025e-05,128,59336.0,2797587703469703168,15554697216,20543488,16,1.062938645191025e-05,4784128000.0,8.607853360901706e+17,18257.0,2.753871335279746,2.782789270604243,bin_1
config_682,256,9,16,0.159366175532341,0.9311867356300354,0.9687819480895996,0.1329576969146728,1.062938645191025e-05,128,59336.0,2797587703469703168,15554697216,20543488,16,1.062938645191025e-05,6383206400.0,1.1476823492965404e+18,24342.0,2.654763017873295,2.682733011011217,bin_1
config_682,256,9,16,0.159366175532341,0.9311867356300354,0.9687819480895996,0.1329576969146728,1.062938645191025e-05,128,59336.0,2797587703469703168,15554697216,20543488,16,1.062938645191025e-05,7982284800.0,1.434626510738441e+18,30428.0,2.5766715386656465,2.603606390093194,bin_1
config_682,256,9,16,0.159366175532341,0.9311867356300354,0.9687819480895996,0.1329576969146728,1.062938645191025e-05,128,59336.0,2797587703469703168,15554697216,20543488,16,1.062938645191025e-05,9568256000.0,1.7215706721803412e+18,36514.0,2.504208892017114,2.5313845378062765,bin_1
config_682,256,9,16,0.159366175532341,0.9311867356300354,0.9687819480895996,0.1329576969146728,1.062938645191025e-05,128,59336.0,2797587703469703168,15554697216,20543488,16,1.062938645191025e-05,11167334400.0,2.008467685386711e+18,42599.0,2.4335165218447075,2.459529594358851,bin_1
config_682,256,9,16,0.159366175532341,0.9311867356300354,0.9687819480895996,0.1329576969146728,1.062938645191025e-05,128,59336.0,2797587703469703168,15554697216,20543488,16,1.062938645191025e-05,12766412800.0,2.295411846828612e+18,48685.0,2.3731529542657195,2.3981507241530498,bin_1
config_682,256,9,16,0.159366175532341,0.9311867356300354,0.9687819480895996,0.1329576969146728,1.062938645191025e-05,128,59336.0,2797587703469703168,15554697216,20543488,16,6.179029822342554e-06,14352384000.0,2.582308860034981e+18,54770.0,2.3298554283673645,2.352323703414104,bin_1
config_682,256,9,16,0.159366175532341,0.9311867356300354,0.9687819480895996,0.1329576969146728,1.062938645191025e-05,128,59336.0,2797587703469703168,15554697216,20543488,16,4.8505249368585044e-08,15545139200.0,2.797587703469703e+18,59336.0,2.315511507558041,2.3377113952402206,bin_1
config_683,576,20,18,0.0010329867945984,0.8104372024536133,0.9746691584587096,0.0999374166131019,0.0072088558226823,64,16950.0,2076545687000186880,2221783040,108609408,8,0.0072088558226823,1592524800.0,1.4910700623291607e+18,12171.0,3.1833814232857502,3.2157198003081024,bin_1
config_683,576,20,18,0.0010329867945984,0.8104372024536133,0.9746691584587096,0.0999374166131019,0.0072088558226823,64,16950.0,2076545687000186880,2221783040,108609408,8,0.0,2221670400.0,2.076545687000187e+18,16950.0,3.041413923912361,3.073777238267367,bin_1
config_684,576,18,16,0.022196052595973,0.8223684430122375,0.9954942464828492,0.0391060560941696,1.0143279723706655e-05,64,35917.0,4041860545857650688,4707813888,100644480,8,1.0143279723706655e-05,1592524800.0,1.3696434753357317e+18,12171.0,2.564904675425076,2.5928700686869077,bin_1
config_684,576,18,16,0.022196052595973,0.8223684430122375,0.9954942464828492,0.0391060560941696,1.0143279723706655e-05,64,35917.0,4041860545857650688,4707813888,100644480,8,1.0143279723706655e-05,3191603200.0,2.739286950671463e+18,24342.0,2.202722716956842,2.2264257910017107,bin_1
config_684,576,18,16,0.022196052595973,0.8223684430122375,0.9954942464828492,0.0391060560941696,1.0143279723706655e-05,64,35917.0,4041860545857650688,4707813888,100644480,8,1.2281748953205965e-07,4705484800.0,4.04186054585765e+18,35917.0,2.055682418991308,2.077672165788588,bin_1
config_685,1024,4,4,0.0906278416514396,0.9804498553276062,0.9718497395515442,0.088304579257965,1.4886397366353776e-05,32,6776.0,318818660115873792,444132064,102873088,16,1.4886397366353776e-05,222822400.0,1.594093300579369e+17,3388.0,2.859355687938753,2.8887474998098903,bin_0
config_685,1024,4,4,0.0906278416514396,0.9804498553276062,0.9718497395515442,0.088304579257965,1.4886397366353776e-05,32,6776.0,318818660115873792,444132064,102873088,16,6.472346681023388e-07,442368000.0,3.188186601158738e+17,6776.0,2.59375125115035,2.6204051972998945,bin_0
config_686,960,23,10,0.1036543399095535,0.8769903779029846,0.9619134068489076,0.0387625880539417,0.0009234416647814,32,9506.0,1469277042958540800,622996544,302672640,8,0.0009234416647814,311296000.0,7.346385214792704e+17,4753.0,1.9894799597341504,2.009402135180645,bin_1
config_686,960,23,10,0.1036543399095535,0.8769903779029846,0.9619134068489076,0.0387625880539417,0.0009234416647814,32,9506.0,1469277042958540800,622996544,302672640,8,1.5056114099696975e-05,622592000.0,1.4692770429585408e+18,9506.0,1.803801021263248,1.8227473722129568,bin_1
config_687,512,20,16,0.0613085329532623,0.9384379386901855,0.9360055923461914,0.1619830429553985,2.1792495317640714e-05,64,45839.0,4897019061073870848,6008215552,93920256,8,2.1792495317640714e-05,1592524800.0,1.300238203109363e+18,12171.0,2.2620288540300777,2.2852179388921767,bin_1
config_687,512,20,16,0.0613085329532623,0.9384379386901855,0.9360055923461914,0.1619830429553985,2.1792495317640714e-05,64,45839.0,4897019061073870848,6008215552,93920256,8,2.1792495317640714e-05,3191603200.0,2.600476406218726e+18,24342.0,2.0088857944480707,2.030074965641147,bin_1
config_687,512,20,16,0.0613085329532623,0.9384379386901855,0.9360055923461914,0.1619830429553985,2.1792495317640714e-05,64,45839.0,4897019061073870848,6008215552,93920256,8,2.1792495317640714e-05,4784128000.0,3.900821440172153e+18,36514.0,1.9101317494423664,1.929598892008672,bin_1
config_687,512,20,16,0.0613085329532623,0.9384379386901855,0.9360055923461914,0.1619830429553985,2.1792495317640714e-05,64,45839.0,4897019061073870848,6008215552,93920256,8,1.1446563197144587e-07,6003097600.0,4.897019061073871e+18,45839.0,1.855837686022774,1.8749400384895136,bin_1
config_688,576,20,8,0.0937859937548637,0.8414503335952759,0.9687420725822448,0.1424410790205001,0.0003788138565141,64,42237.0,5174201235440664576,5536094208,108609408,8,0.0003788138565141,1592524800.0,1.4909961227489718e+18,12171.0,1.764228776380664,1.7818673970269374,bin_1
config_688,576,20,8,0.0937859937548637,0.8414503335952759,0.9687420725822448,0.1424410790205001,0.0003788138565141,64,42237.0,5174201235440664576,5536094208,108609408,8,0.0003788138565141,3191603200.0,2.981992245497944e+18,24342.0,1.6977009304820514,1.7156558270337152,bin_1
config_688,576,20,8,0.0937859937548637,0.8414503335952759,0.9687420725822448,0.1424410790205001,0.0003788138565141,64,42237.0,5174201235440664576,5536094208,108609408,8,0.0003612458601764,4784128000.0,4.473110872241884e+18,36514.0,1.6698134853409938,1.6861958359108598,bin_1
config_688,576,20,8,0.0937859937548637,0.8414503335952759,0.9687420725822448,0.1424410790205001,0.0003788138565141,64,42237.0,5174201235440664576,5536094208,108609408,8,2.3298059659282444e-06,5531238400.0,5.174201235440665e+18,42237.0,1.5912363004879873,1.60681036280804,bin_1
config_689,384,20,16,0.005698004271835,0.8837832808494568,0.9649093747138976,0.0501873530447483,0.0015757936052978,128,52495.0,7113532059813150720,13761418240,54711552,16,0.0015757936052978,1599078400.0,8.247062789984348e+17,6086.0,1.824905174521149,1.8440330002737828,bin_2
config_689,384,20,16,0.005698004271835,0.8837832808494568,0.9649093747138976,0.0501873530447483,0.0015757936052978,128,52495.0,7113532059813150720,13761418240,54711552,16,0.0015757936052978,3185049600.0,1.6492770492425157e+18,12171.0,1.747587923651836,1.7664544535855775,bin_2
config_689,384,20,16,0.005698004271835,0.8837832808494568,0.9649093747138976,0.0501873530447483,0.0015757936052978,128,52495.0,7113532059813150720,13761418240,54711552,16,0.0015757936052978,4784128000.0,2.4739833282409503e+18,18257.0,1.7177277352379972,1.733960100080146,bin_2
config_689,384,20,16,0.005698004271835,0.8837832808494568,0.9649093747138976,0.0501873530447483,0.0015757936052978,128,52495.0,7113532059813150720,13761418240,54711552,16,0.0015757936052978,6383206400.0,3.298554098485031e+18,24342.0,1.698928623707568,1.714814598052228,bin_2
config_689,384,20,16,0.005698004271835,0.8837832808494568,0.9649093747138976,0.0501873530447483,0.0015757936052978,128,52495.0,7113532059813150720,13761418240,54711552,16,0.0015757936052978,7982284800.0,4.123260377483466e+18,30428.0,1.686128195074738,1.7018991140459403,bin_2
config_689,384,20,16,0.005698004271835,0.8837832808494568,0.9649093747138976,0.0501873530447483,0.0015757936052978,128,52495.0,7113532059813150720,13761418240,54711552,16,0.0015757936052978,9568256000.0,4.947966656481901e+18,36514.0,1.6743173837270893,1.6914293041776438,bin_2
config_689,384,20,16,0.005698004271835,0.8837832808494568,0.9649093747138976,0.0501873530447483,0.0015757936052978,128,52495.0,7113532059813150720,13761418240,54711552,16,0.0015757936052978,11167334400.0,5.772537426725981e+18,42599.0,1.6673555041532049,1.6840516752493186,bin_2
config_689,384,20,16,0.005698004271835,0.8837832808494568,0.9649093747138976,0.0501873530447483,0.0015757936052978,128,52495.0,7113532059813150720,13761418240,54711552,16,0.0015757936052978,12766412800.0,6.597243705724417e+18,48685.0,1.6608671159822432,1.677323968488662,bin_2
config_689,384,20,16,0.005698004271835,0.8837832808494568,0.9649093747138976,0.0501873530447483,0.0015757936052978,128,52495.0,7113532059813150720,13761418240,54711552,16,2.69213030517849e-05,13749452800.0,7.113532059813151e+18,52495.0,1.621747130565956,1.635498716088592,bin_2
config_69,704,4,8,0.0020221639424562,0.9063819646835328,0.935690701007843,0.0581231862306594,0.0011461600661277,64,31705.0,1799242588822339584,4155638016,60632704,16,0.0011461600661277,1592524800.0,6.90698046003996e+17,12171.0,1.84597195148468,1.866401221791252,bin_1
config_69,704,4,8,0.0020221639424562,0.9063819646835328,0.935690701007843,0.0581231862306594,0.0011461600661277,64,31705.0,1799242588822339584,4155638016,60632704,16,0.0011461600661277,3191603200.0,1.381396092007992e+18,24342.0,1.7926637561594854,1.813029037577207,bin_1
config_69,704,4,8,0.0020221639424562,0.9063819646835328,0.935690701007843,0.0581231862306594,0.0011461600661277,64,31705.0,1799242588822339584,4155638016,60632704,16,3.111183675699736e-06,4154982400.0,1.7992425888223396e+18,31705.0,1.7264940023813091,1.7461831500491158,bin_1
config_690,640,11,10,0.013579967431724,0.9660028219223022,0.9002856612205505,0.0294365473091602,0.000351758004399,128,56960.0,10471549678100152320,14931725312,88061440,16,0.000351758004399,1599078400.0,1.1188527271930746e+18,6086.0,1.805549214316196,1.825260079493288,bin_2
config_690,640,11,10,0.013579967431724,0.9660028219223022,0.9002856612205505,0.0294365473091602,0.000351758004399,128,56960.0,10471549678100152320,14931725312,88061440,16,0.000351758004399,3185049600.0,2.2375216139774748e+18,12171.0,1.7140100906716018,1.7327426891248734,bin_2
config_690,640,11,10,0.013579967431724,0.9660028219223022,0.9002856612205505,0.0294365473091602,0.000351758004399,128,56960.0,10471549678100152320,14931725312,88061440,16,0.000351758004399,4784128000.0,3.356374341170549e+18,18257.0,1.676879569233441,1.6936760454881388,bin_2
config_690,640,11,10,0.013579967431724,0.9660028219223022,0.9002856612205505,0.0294365473091602,0.000351758004399,128,56960.0,10471549678100152320,14931725312,88061440,16,0.000351758004399,6383206400.0,4.4750432279549496e+18,24342.0,1.6547233475231733,1.6713993404341525,bin_2
config_690,640,11,10,0.013579967431724,0.9660028219223022,0.9002856612205505,0.0294365473091602,0.000351758004399,128,56960.0,10471549678100152320,14931725312,88061440,16,0.000351758004399,7982284800.0,5.593895955148025e+18,30428.0,1.6397416463445444,1.655972167351207,bin_2
config_690,640,11,10,0.013579967431724,0.9660028219223022,0.9002856612205505,0.0294365473091602,0.000351758004399,128,56960.0,10471549678100152320,14931725312,88061440,16,0.000351758004399,9568256000.0,6.712748682341098e+18,36514.0,1.6281106647507089,1.644438844665152,bin_2
config_690,640,11,10,0.013579967431724,0.9660028219223022,0.9002856612205505,0.0294365473091602,0.000351758004399,128,56960.0,10471549678100152320,14931725312,88061440,16,0.000351758004399,11167334400.0,7.831417569125499e+18,42599.0,1.6190769458207928,1.6352773567105905,bin_2
config_690,640,11,10,0.013579967431724,0.9660028219223022,0.9002856612205505,0.0294365473091602,0.000351758004399,128,56960.0,10471549678100152320,14931725312,88061440,16,0.000351758004399,12766412800.0,8.950270296318574e+18,48685.0,1.6122542720153683,1.6283118917121262,bin_2
config_690,640,11,10,0.013579967431724,0.9660028219223022,0.9002856612205505,0.0294365473091602,0.000351758004399,128,56960.0,10471549678100152320,14931725312,88061440,16,0.000351758004399,14352384000.0,1.0068939183102972e+19,54770.0,1.6076635117608993,1.6226179739686308,bin_2
config_690,640,11,10,0.013579967431724,0.9660028219223022,0.9002856612205505,0.0294365473091602,0.000351758004399,128,56960.0,10471549678100152320,14931725312,88061440,16,2.0987947756504225e-06,14929100800.0,1.0471549678100152e+19,56960.0,1.572019637334542,1.5865303524986645,bin_2
config_691,576,9,16,0.0195221118628978,0.9801703691482544,0.9013912677764891,0.1138575971126556,0.0006094177369959,32,5335.0,180488109093322752,349681408,64802304,16,0.0006094177369959,173670400.0,9.022713907251955e+16,2667.0,2.6415775064562186,2.6698997282591024,bin_0
config_691,576,9,16,0.0195221118628978,0.9801703691482544,0.9013912677764891,0.1138575971126556,0.0006094177369959,32,5335.0,180488109093322752,349681408,64802304,16,3.513940822876232e-05,347340800.0,1.8048810909332275e+17,5335.0,2.198951729829194,2.220967485005738,bin_0
config_693,1152,11,24,0.0128307789564132,0.8462530970573425,0.9636000394821168,0.1737161576747894,0.0060589089989662,32,9548.0,1070055740533800960,625760640,233123328,8,0.0060589089989662,311296000.0,5.350278702669005e+17,4774.0,3.3331104645572727,3.3674383874408536,bin_1
config_693,1152,11,24,0.0128307789564132,0.8462530970573425,0.9636000394821168,0.1737161576747894,0.0060589089989662,32,9548.0,1070055740533800960,625760640,233123328,8,0.0001754087044332,622592000.0,1.070055740533801e+18,9548.0,3.1834920990271645,3.216541107013577,bin_1
config_694,576,20,6,0.0084877712652087,0.8075336813926697,0.943446397781372,0.2573681771755218,0.0003130973491352,64,17705.0,2169024137286451200,2320729600,108609408,8,0.0003130973491352,1592524800.0,1.491058614793188e+18,12171.0,1.769400327049318,1.7877028918070872,bin_1
config_694,576,20,6,0.0084877712652087,0.8075336813926697,0.943446397781372,0.2573681771755218,0.0003130973491352,64,17705.0,2169024137286451200,2320729600,108609408,8,3.436099090597055e-07,2319974400.0,2.1690241372864512e+18,17705.0,1.6811008127595557,1.69867919867156,bin_1
config_695,1152,12,12,0.0745404660701751,0.8159363269805908,0.9223309755325316,0.0964366495609283,5.912655979045667e-05,64,14769.0,3550246995966787584,1935930496,249050880,8,5.912655979045667e-05,1592524800.0,2.925726602201352e+18,12171.0,1.819123984516644,1.8385673698440927,bin_1
config_695,1152,12,12,0.0745404660701751,0.8159363269805908,0.9223309755325316,0.0964366495609283,5.912655979045667e-05,64,14769.0,3550246995966787584,1935930496,249050880,8,7.889077500131169e-07,1933312000.0,3.550246995966788e+18,14769.0,1.7605928768486274,1.779795453997909,bin_1
config_696,832,10,16,0.0035061161033809,0.8280691504478455,0.9636754393577576,0.0008073628414422,0.0008917820523492,64,37410.0,4739836579122118656,4903435264,127044736,16,0.0008917820523492,1592524800.0,1.5420623096630664e+18,12171.0,1.745055962586012,1.7635651051411865,bin_1
config_696,832,10,16,0.0035061161033809,0.8280691504478455,0.9636754393577576,0.0008073628414422,0.0008917820523492,64,37410.0,4739836579122118656,4903435264,127044736,16,0.0008917820523492,3191603200.0,3.0841246193261327e+18,24342.0,1.6761585411087412,1.6940456809372195,bin_1
config_696,832,10,16,0.0035061161033809,0.8280691504478455,0.9636754393577576,0.0008073628414422,0.0008917820523492,64,37410.0,4739836579122118656,4903435264,127044736,16,0.0008917820523492,4784128000.0,4.62631362871064e+18,36514.0,1.64540250051217,1.661061029473289,bin_1
config_696,832,10,16,0.0035061161033809,0.8280691504478455,0.9636754393577576,0.0008073628414422,0.0008917820523492,64,37410.0,4739836579122118656,4903435264,127044736,16,0.0002972606841164,4902092800.0,4.739836579122119e+18,37410.0,1.6347620729149366,1.6503325060156526,bin_1
config_697,640,10,20,0.0032086584251374,0.8297382593154907,0.943712055683136,0.0880990698933601,0.0025852625258266,64,56231.0,4828264266448896000,7370355200,82981120,16,0.0025852625258266,1592524800.0,1.0450606318036228e+18,12171.0,1.7717221736517108,1.790532636525201,bin_1
config_697,640,10,20,0.0032086584251374,0.8297382593154907,0.943712055683136,0.0880990698933601,0.0025852625258266,64,56231.0,4828264266448896000,7370355200,82981120,16,0.0025852625258266,3191603200.0,2.0901212636072456e+18,24342.0,1.7150414666973175,1.7334848170983987,bin_1
config_697,640,10,20,0.0032086584251374,0.8297382593154907,0.943712055683136,0.0880990698933601,0.0025852625258266,64,56231.0,4828264266448896000,7370355200,82981120,16,0.0025852625258266,4784128000.0,3.135267760223275e+18,36514.0,1.695216919906804,1.7118248983680224,bin_1
config_697,640,10,20,0.0032086584251374,0.8297382593154907,0.943712055683136,0.0880990698933601,0.0025852625258266,64,56231.0,4828264266448896000,7370355200,82981120,16,0.0025852625258266,6383206400.0,4.180328392026898e+18,48685.0,1.675913972151084,1.6931633447819068,bin_1
config_697,640,10,20,0.0032086584251374,0.8297382593154907,0.943712055683136,0.0880990698933601,0.0025852625258266,64,56231.0,4828264266448896000,7370355200,82981120,16,1.6180726489123387e-05,7366246400.0,4.828264266448896e+18,56231.0,1.610899022289964,1.627460544656535,bin_1
config_698,512,23,16,0.0150124859064817,0.9128549098968506,0.9817200303077698,0.1606981456279754,4.006415110779926e-05,64,19254.0,2307036126535483392,2523711232,104146944,8,4.006415110779926e-05,1592524800.0,1.458343029815278e+18,12171.0,2.016251749660148,2.0377102788940804,bin_1
config_698,512,23,16,0.0150124859064817,0.9128549098968506,0.9817200303077698,0.1606981456279754,4.006415110779926e-05,64,19254.0,2307036126535483392,2523711232,104146944,8,5.1795929034001626e-08,2523136000.0,2.3070361265354834e+18,19254.0,1.8886229697602692,1.9091634957516777,bin_1
config_699,256,20,8,0.0176966320723295,0.856200098991394,0.9179382920265198,0.2407484054565429,0.0022388054057955,32,4882.0,97690080540868608,319990304,29920768,16,0.0022388054057955,160563200.0,4.88450402704343e+16,2441.0,2.3849670571186503,2.406906602656255,bin_0
config_699,256,20,8,0.0176966320723295,0.856200098991394,0.9179382920265198,0.2407484054565429,0.0022388054057955,32,4882.0,97690080540868608,319990304,29920768,16,6.097172168975174e-05,317849600.0,9.76900805408686e+16,4882.0,2.116614887479876,2.137066336303461,bin_0
config_7,320,16,20,0.0042003933340311,0.8607771992683411,0.9496286511421204,0.0021670283749699,1.0181046491197776e-05,64,73058.0,3409547584123699200,9575917568,38381440,16,1.0181046491197776e-05,1592524800.0,5.6800902907784966e+17,12171.0,2.8736275540855662,2.9027033083061844,bin_1
config_7,320,16,20,0.0042003933340311,0.8607771992683411,0.9496286511421204,0.0021670283749699,1.0181046491197776e-05,64,73058.0,3409547584123699200,9575917568,38381440,16,1.0181046491197776e-05,3191603200.0,1.1360180581556992e+18,24342.0,2.609118189741676,2.6363857286677623,bin_1
config_7,320,16,20,0.0042003933340311,0.8607771992683411,0.9496286511421204,0.0021670283749699,1.0181046491197776e-05,64,73058.0,3409547584123699200,9575917568,38381440,16,1.0181046491197776e-05,4784128000.0,1.704073756285318e+18,36514.0,2.438173023220349,2.4630524970932943,bin_1
config_7,320,16,20,0.0042003933340311,0.8607771992683411,0.9496286511421204,0.0021670283749699,1.0181046491197776e-05,64,73058.0,3409547584123699200,9575917568,38381440,16,1.0181046491197776e-05,6383206400.0,2.2720827853631675e+18,48685.0,2.301544771289499,2.3248468582904485,bin_1
config_7,320,16,20,0.0042003933340311,0.8607771992683411,0.9496286511421204,0.0021670283749699,1.0181046491197776e-05,64,73058.0,3409547584123699200,9575917568,38381440,16,1.0181046491197776e-05,7975731200.0,2.8400918144410173e+18,60856.0,2.217088041675701,2.239444002057716,bin_1
config_7,320,16,20,0.0042003933340311,0.8607771992683411,0.9496286511421204,0.0021670283749699,1.0181046491197776e-05,64,73058.0,3409547584123699200,9575917568,38381440,16,5.15496024870774e-07,9574809600.0,3.408100843518867e+18,73027.0,2.150204041834539,2.172695986276528,bin_1
config_7,320,16,20,0.0042003933340311,0.8607771992683411,0.9496286511421204,0.0021670283749699,1.0181046491197776e-05,64,73058.0,3409547584123699200,9575917568,38381440,16,5.15496024870774e-07,9574809600.0,3.409547584123699e+18,73058.0,2.149051837307194,2.171583775795312,bin_1
config_70,576,9,12,0.0021633733995258,0.8554425835609436,0.9366718530654908,0.1451856791973114,0.0005860120872966,64,25460.0,1722450608108863488,3337111552,64802304,16,0.0005860120872966,1592524800.0,8.234071622660242e+17,12171.0,1.8263028264827412,1.8448403816144971,bin_1
config_70,576,9,12,0.0021633733995258,0.8554425835609436,0.9366718530654908,0.1451856791973114,0.0005860120872966,64,25460.0,1722450608108863488,3337111552,64802304,16,0.0001759938898537,3191603200.0,1.6468143245320484e+18,24342.0,1.7225061620649744,1.740602788886086,bin_1
config_70,576,9,12,0.0021633733995258,0.8554425835609436,0.9366718530654908,0.1451856791973114,0.0005860120872966,64,25460.0,1722450608108863488,3337111552,64802304,16,1.5855305392225997e-06,3335782400.0,1.7224506081088635e+18,25460.0,1.70574701043426,1.7237104440907962,bin_1
config_700,512,17,4,0.031878150999546,0.8824419975280762,0.951210618019104,0.0107985557988286,5.1830746087944135e-05,32,8177.0,383677679415951360,535890080,83693568,16,5.1830746087944135e-05,268697600.0,1.918153789228824e+17,4088.0,2.4149626454759816,2.439776329212501,bin_0
config_700,512,17,4,0.031878150999546,0.8824419975280762,0.951210618019104,0.0107985557988286,5.1830746087944135e-05,32,8177.0,383677679415951360,535890080,83693568,16,1.5902615276982864e-05,534118400.0,3.8367767941595136e+17,8177.0,2.150533881304694,2.172389146148181,bin_0
config_702,768,5,8,0.0147751374170184,0.903531014919281,0.9961085915565492,0.1365995705127716,0.000254164537182,32,8229.0,290356780355518464,539310784,74010624,16,0.000254164537182,268697600.0,1.4516074788948874e+17,4114.0,2.058619131260231,2.0788799879199167,bin_0
config_702,768,5,8,0.0147751374170184,0.903531014919281,0.9961085915565492,0.1365995705127716,0.000254164537182,32,8229.0,290356780355518464,539310784,74010624,16,6.557625959324059e-06,537395200.0,2.9035678035551846e+17,8229.0,1.8936286715601311,1.9128744841403649,bin_0
config_703,1088,20,16,0.1008146330714225,0.9618801474571228,0.9257341027259828,0.2679194211959839,0.0001097813801607,32,7271.0,1255498862628003840,476575040,349985664,8,0.0001097813801607,239206400.0,6.27663095262384e+17,3635.0,2.12216901656057,2.143250451302919,bin_1
config_703,1088,20,16,0.1008146330714225,0.9618801474571228,0.9257341027259828,0.2679194211959839,0.0001097813801607,32,7271.0,1255498862628003840,476575040,349985664,8,1.1834748374614702e-06,475136000.0,1.2554988626280038e+18,7271.0,1.8905452345824632,1.908970603512936,bin_1
config_704,832,21,8,0.0099479407072067,0.9398114085197448,0.9389932155609132,0.0110499504953622,1.768649963196367e-05,64,24390.0,5606827951175073792,3196860672,220779520,8,1.768649963196367e-05,1592524800.0,2.797896801711842e+18,12171.0,2.051601984266375,2.072316433210842,bin_2
config_704,832,21,8,0.0099479407072067,0.9398114085197448,0.9389932155609132,0.0110499504953622,1.768649963196367e-05,64,24390.0,5606827951175073792,3196860672,220779520,8,2.62996277055222e-06,3191603200.0,5.595793603423684e+18,24342.0,1.8616035344561592,1.8814226063939392,bin_2
config_704,832,21,8,0.0099479407072067,0.9398114085197448,0.9389932155609132,0.0110499504953622,1.768649963196367e-05,64,24390.0,5606827951175073792,3196860672,220779520,8,2.62996277055222e-06,3191603200.0,5.606827951175074e+18,24390.0,1.8599287782731604,1.8796909107731992,bin_2
config_706,384,7,16,0.0044598863460123,0.9571568369865416,0.971009373664856,0.0153508549556136,3.8843842048663646e-05,128,45983.0,3088529547594301440,12054382592,31698432,16,3.8843842048663646e-05,1599078400.0,4.087769572811456e+17,6086.0,2.550922170975169,2.5783812823061085,bin_1
config_706,384,7,16,0.0044598863460123,0.9571568369865416,0.971009373664856,0.0153508549556136,3.8843842048663646e-05,128,45983.0,3088529547594301440,12054382592,31698432,16,3.8843842048663646e-05,3185049600.0,8.174867477931027e+17,12171.0,2.195319543744697,2.2184194311939303,bin_1
config_706,384,7,16,0.0044598863460123,0.9571568369865416,0.971009373664856,0.0153508549556136,3.8843842048663646e-05,128,45983.0,3088529547594301440,12054382592,31698432,16,3.8843842048663646e-05,4784128000.0,1.2262637050742482e+18,18257.0,2.077565835772968,2.099287287368149,bin_1
config_706,384,7,16,0.0044598863460123,0.9571568369865416,0.971009373664856,0.0153508549556136,3.8843842048663646e-05,128,45983.0,3088529547594301440,12054382592,31698432,16,3.8843842048663646e-05,6383206400.0,1.6349734955862054e+18,24342.0,2.0102603040757727,2.032305224762588,bin_1
config_706,384,7,16,0.0044598863460123,0.9571568369865416,0.971009373664856,0.0153508549556136,3.8843842048663646e-05,128,45983.0,3088529547594301440,12054382592,31698432,16,3.8843842048663646e-05,7982284800.0,2.043750452867351e+18,30428.0,1.9681352041979303,1.989617705853259,bin_1
config_706,384,7,16,0.0044598863460123,0.9571568369865416,0.971009373664856,0.0153508549556136,3.8843842048663646e-05,128,45983.0,3088529547594301440,12054382592,31698432,16,3.8843842048663646e-05,9568256000.0,2.4525274101484964e+18,36514.0,1.9368628847794456,1.9583278095526773,bin_1
config_706,384,7,16,0.0044598863460123,0.9571568369865416,0.971009373664856,0.0153508549556136,3.8843842048663646e-05,128,45983.0,3088529547594301440,12054382592,31698432,16,3.8843842048663646e-05,11167334400.0,2.861237200660454e+18,42599.0,1.914563777016812,1.9358285780422024,bin_1
config_706,384,7,16,0.0044598863460123,0.9571568369865416,0.971009373664856,0.0153508549556136,3.8843842048663646e-05,128,45983.0,3088529547594301440,12054382592,31698432,16,1.818222393767236e-06,12045516800.0,3.0885295475943014e+18,45983.0,1.89354165065484,1.9141804270275304,bin_1
config_707,320,20,10,0.0055963681079447,0.8101410865783691,0.92073255777359,0.0857290178537368,0.0002304161171196,64,24082.0,1328674651449753600,3156483840,43954560,16,0.0002304161171196,1592524800.0,6.715098074410327e+17,12171.0,1.8976891710719124,1.9177727419821944,bin_1
config_707,320,20,10,0.0055963681079447,0.8101410865783691,0.92073255777359,0.0857290178537368,0.0002304161171196,64,24082.0,1328674651449753600,3156483840,43954560,16,3.5723429010791397e-06,3152281600.0,1.3286746514497536e+18,24082.0,1.787178539604437,1.8062763968842928,bin_1
config_708,512,20,16,0.0669433251023292,0.9135338664054872,0.9364457726478576,0.1880503445863723,0.0084221689030528,32,8308.0,443800589017743360,544504640,93920256,8,0.0084221689030528,271974400.0,2.2190029450887168e+17,4154.0,3.6056559292214816,3.642090456642088,bin_0
config_708,512,20,16,0.0669433251023292,0.9135338664054872,0.9364457726478576,0.1880503445863723,0.0084221689030528,32,8308.0,443800589017743360,544504640,93920256,8,4.313530808221743e-05,543948800.0,4.4380058901774336e+17,8308.0,3.5218758460732755,3.5590499274457086,bin_0
config_71,1088,10,8,0.0101549969986081,0.9835765957832336,0.971740424633026,0.2814498841762543,0.0009788949973881,32,3646.0,353985785371348992,238967392,202344064,8,0.0009788949973881,117964800.0,1.769928926856745e+17,1823.0,2.837910463145522,2.8679487388251257,bin_0
config_71,1088,10,8,0.0101549969986081,0.9835765957832336,0.971740424633026,0.2814498841762543,0.0009788949973881,32,3646.0,353985785371348992,238967392,202344064,8,4.388807980492576e-05,235929600.0,3.53985785371349e+17,3646.0,2.6737999731204547,2.7027616814707147,bin_0
config_712,832,9,16,0.0215689614415168,0.8526833653450012,0.980858564376831,0.0783860087394714,2.852044053724967e-05,64,20672.0,2425216596904378368,2709525504,118523392,16,2.852044053724967e-05,1592524800.0,1.4278885062366093e+18,12171.0,2.028351825182555,2.0494614540162632,bin_1
config_712,832,9,16,0.0215689614415168,0.8526833653450012,0.980858564376831,0.0783860087394714,2.852044053724967e-05,64,20672.0,2425216596904378368,2709525504,118523392,16,3.873146245799306e-07,2706636800.0,2.4252165969043784e+18,20672.0,1.890206143582453,1.9105725452548168,bin_1
config_713,1152,19,18,0.1039065718650817,0.8378977179527283,0.9988051056861876,0.07396150380373,0.0001299929281231,32,11530.0,2040951486949097472,755652608,360543744,8,0.0001299929281231,376832000.0,1.0204757434745487e+18,5765.0,1.9218478775415264,1.9411296618571048,bin_1
config_713,1152,19,18,0.1039065718650817,0.8378977179527283,0.9988051056861876,0.07396150380373,0.0001299929281231,32,11530.0,2040951486949097472,755652608,360543744,8,4.577215778982458e-06,753664000.0,2.0409514869490972e+18,11530.0,1.7488713451291693,1.7673332493422462,bin_1
config_714,256,20,16,0.0297300238162279,0.9161108136177064,0.932673156261444,0.0263557266443967,0.0010201428085565,64,7885.0,315525543864041472,1033524736,29920768,16,0.0010201428085565,517734400.0,1.5774276397109088e+17,3942.0,2.059251238127224,2.08100729117628,bin_0
config_714,256,20,16,0.0297300238162279,0.9161108136177064,0.932673156261444,0.0263557266443967,0.0010201428085565,64,7885.0,315525543864041472,1033524736,29920768,16,0.0001724879144902,1028915200.0,3.155255438640415e+17,7885.0,1.9156088141926,1.936377657984124,bin_0
config_715,640,10,20,0.074920043349266,0.8924638628959656,0.978118896484375,0.0565723516047,0.001683086506091,32,5354.0,229891300043489280,350929536,82981120,16,0.001683086506091,176947200.0,1.1494565002174464e+17,2677.0,2.1551480142405777,2.176574291557562,bin_0
config_715,640,10,20,0.074920043349266,0.8924638628959656,0.978118896484375,0.0565723516047,0.001683086506091,32,5354.0,229891300043489280,350929536,82981120,16,2.2292536504517173e-05,350617600.0,2.2989130004348928e+17,5354.0,1.946691695510364,1.9663011634545249,bin_0
config_716,704,22,16,0.0598586574196815,0.929834008216858,0.9390429854393004,0.1858315169811248,0.0028265845030546,32,3419.0,319527222066708480,224129280,174199168,8,0.0028265845030546,111411200.0,1.5971688286399674e+17,1709.0,3.24524350643158,3.278673725362684,bin_0
config_716,704,22,16,0.0598586574196815,0.929834008216858,0.9390429854393004,0.1858315169811248,0.0028265845030546,32,3419.0,319527222066708480,224129280,174199168,8,8.457496938273643e-05,222822400.0,3.195272220667085e+17,3419.0,3.25639559554272,3.289721330111144,bin_0
config_717,960,11,6,0.0019363710889592,0.9342352151870728,0.9715167880058287,0.1124250814318656,3.577261304599233e-05,64,44149.0,7401493777622630400,5786823680,169939200,8,3.577261304599233e-05,1592524800.0,2.040444421559832e+18,12171.0,1.906560129904356,1.9269576973016145,bin_2
config_717,960,11,6,0.0019363710889592,0.9342352151870728,0.9715167880058287,0.1124250814318656,3.577261304599233e-05,64,44149.0,7401493777622630400,5786823680,169939200,8,3.577261304599233e-05,3191603200.0,4.080888843119664e+18,24342.0,1.778670276286172,1.7976516247968204,bin_2
config_717,960,11,6,0.0019363710889592,0.9342352151870728,0.9715167880058287,0.1124250814318656,3.577261304599233e-05,64,44149.0,7401493777622630400,5786823680,169939200,8,3.577261304599233e-05,4784128000.0,6.121500912729908e+18,36514.0,1.722588537696932,1.7393308023937413,bin_2
config_717,960,11,6,0.0019363710889592,0.9342352151870728,0.9715167880058287,0.1124250814318656,3.577261304599233e-05,64,44149.0,7401493777622630400,5786823680,169939200,8,3.531851781691801e-07,5780275200.0,7.40149377762263e+18,44149.0,1.6780891796018256,1.6946731598064548,bin_2
config_718,640,9,16,0.1031805351376533,0.9012197852134703,0.9247916340827942,0.0952487140893936,0.0075379791669547,64,20615.0,1645273710143078400,2702088704,77900800,16,0.0075379791669547,1592524800.0,9.71361936752433e+17,12171.0,1.982640450587038,2.0028821530107592,bin_1
config_718,640,9,16,0.1031805351376533,0.9012197852134703,0.9247916340827942,0.0952487140893936,0.0075379791669547,64,20615.0,1645273710143078400,2702088704,77900800,16,5.76004521163128e-05,2700083200.0,1.6452737101430784e+18,20615.0,1.7670868077043629,1.7846655887853904,bin_1
config_719,384,19,16,0.0024190053809434,0.9286954402923584,0.9727170467376708,0.0029817940667271,0.0016147185815498,32,6446.0,209915255431102464,422479872,52941312,16,0.0016147185815498,209715200.0,1.0495762771555123e+17,3223.0,2.160577913307753,2.18138626716176,bin_0
config_719,384,19,16,0.0024190053809434,0.9286954402923584,0.9727170467376708,0.0029817940667271,0.0016147185815498,32,6446.0,209915255431102464,422479872,52941312,16,0.0016147185815498,419430400.0,2.0991525543110246e+17,6446.0,2.002367161141067,2.0229295711830013,bin_0
config_720,768,11,16,0.0038147738669067,0.9701622128486632,0.907460629940033,0.0235442537814378,1.2918905667902436e-05,32,4852.0,288247020032212992,318000736,116487168,16,1.2918905667902436e-05,160563200.0,1.441235100161065e+17,2426.0,3.0312974547558142,3.063275932483986,bin_0
config_720,768,11,16,0.0038147738669067,0.9701622128486632,0.907460629940033,0.0235442537814378,1.2918905667902436e-05,32,4852.0,288247020032212992,318000736,116487168,16,2.2664746785793765e-07,317849600.0,2.88247020032213e+17,4852.0,2.7620362678903048,2.7910011687825937,bin_0
config_721,384,8,24,0.0011695130961015,0.8836775422096252,0.9016852378845216,0.0107332533225417,3.239454235881567e-05,32,8288.0,150068525923270656,543194496,33468672,16,3.239454235881567e-05,271974400.0,7.503426296163533e+16,4144.0,2.8908459657137517,2.9209769440478968,bin_0
config_721,384,8,24,0.0011695130961015,0.8836775422096252,0.9016852378845216,0.0107332533225417,3.239454235881567e-05,32,8288.0,150068525923270656,543194496,33468672,16,1.3988552382215858e-05,540672000.0,1.5006852592327066e+17,8288.0,2.661959716218417,2.6902313857000384,bin_0
config_722,768,20,16,0.1428120136260986,0.8037372827529907,0.907921016216278,0.090318851172924,5.695795698557049e-05,64,73023.0,13959970428121251840,9571389440,180201984,8,5.695795698557049e-05,1592524800.0,2.326757324139843e+18,12171.0,1.9202596656220856,1.940441324319996,bin_2
config_722,768,20,16,0.1428120136260986,0.8037372827529907,0.907921016216278,0.090318851172924,5.695795698557049e-05,64,73023.0,13959970428121251840,9571389440,180201984,8,5.695795698557049e-05,3191603200.0,4.653514648279686e+18,24342.0,1.779337019568584,1.7987016796088608,bin_2
config_722,768,20,16,0.1428120136260986,0.8037372827529907,0.907921016216278,0.090318851172924,5.695795698557049e-05,64,73023.0,13959970428121251840,9571389440,180201984,8,5.695795698557049e-05,4784128000.0,6.980463144658798e+18,36514.0,1.7177619123654286,1.7353178459894465,bin_2
config_722,768,20,16,0.1428120136260986,0.8037372827529907,0.907921016216278,0.090318851172924,5.695795698557049e-05,64,73023.0,13959970428121251840,9571389440,180201984,8,5.695795698557049e-05,6383206400.0,9.307220468798642e+18,48685.0,1.6798968931495166,1.696095013110364,bin_2
config_722,768,20,16,0.1428120136260986,0.8037372827529907,0.907921016216278,0.090318851172924,5.695795698557049e-05,64,73023.0,13959970428121251840,9571389440,180201984,8,5.695795698557049e-05,7975731200.0,1.1633977792938484e+19,60856.0,1.6539541749680629,1.6701369884756745,bin_2
config_722,768,20,16,0.1428120136260986,0.8037372827529907,0.907921016216278,0.090318851172924,5.695795698557049e-05,64,73023.0,13959970428121251840,9571389440,180201984,8,1.9864033520365762e-07,9568256000.0,1.3959970428121252e+19,73023.0,1.5997598964073618,1.615275839313132,bin_2
config_723,640,14,4,0.0015027116751298,0.8542921543121338,0.9095690250396729,0.1191113963723182,0.0048051225021481,32,14559.0,801402854393856000,954160064,103302400,16,0.0048051225021481,478412800.0,4.0067390460422266e+17,7279.0,2.8453261336342237,2.8750127747019785,bin_0
config_723,640,14,4,0.0015027116751298,0.8542921543121338,0.9095690250396729,0.1191113963723182,0.0048051225021481,32,14559.0,801402854393856000,954160064,103302400,16,2.4940082191079668e-05,953548800.0,8.01402854393856e+17,14559.0,2.6275461350112663,2.6562064874367635,bin_0
config_724,960,14,20,0.0066998023539781,0.8289960026741028,0.9017101526260376,0.0476975291967392,6.795619265176356e-05,64,52824.0,10723994757539758080,6923755008,203122560,8,6.795619265176356e-05,1592524800.0,2.470879528131463e+18,12171.0,1.8623559884946852,1.8824236619081651,bin_2
config_724,960,14,20,0.0066998023539781,0.8289960026741028,0.9017101526260376,0.0476975291967392,6.795619265176356e-05,64,52824.0,10723994757539758080,6923755008,203122560,8,6.795619265176356e-05,3191603200.0,4.941759056262926e+18,24342.0,1.7459795331564103,1.764875459416968,bin_2
config_724,960,14,20,0.0066998023539781,0.8289960026741028,0.9017101526260376,0.0476975291967392,6.795619265176356e-05,64,52824.0,10723994757539758080,6923755008,203122560,8,6.795619265176356e-05,4784128000.0,7.412841598076759e+18,36514.0,1.6944615046899827,1.711203182368982,bin_2
config_724,960,14,20,0.0066998023539781,0.8289960026741028,0.9017101526260376,0.0476975291967392,6.795619265176356e-05,64,52824.0,10723994757539758080,6923755008,203122560,8,6.795619265176356e-05,6383206400.0,9.88372112620822e+18,48685.0,1.6618520217840789,1.677941078768402,bin_2
config_724,960,14,20,0.0066998023539781,0.8289960026741028,0.9017101526260376,0.0476975291967392,6.795619265176356e-05,64,52824.0,10723994757539758080,6923755008,203122560,8,6.474587628591992e-07,6920601600.0,1.0723994757539758e+19,52824.0,1.6249408413152229,1.640488788260788,bin_2
config_725,576,15,24,0.0012891965452581,0.8000158071517944,0.9252943992614746,0.2600564360618591,0.0009289702284149,64,10854.0,1059075498171285504,1422700672,88697088,16,0.0009289702284149,714342400.0,5.295377490856428e+17,5427.0,1.8916294267138496,1.9116402363386311,bin_1
config_725,576,15,24,0.0012891965452581,0.8000158071517944,0.9252943992614746,0.2600564360618591,0.0009289702284149,64,10854.0,1059075498171285504,1422700672,88697088,16,1.3167543988872304e-06,1422131200.0,1.0590754981712856e+18,10854.0,1.740567157034014,1.7591032878688124,bin_1
config_727,960,7,20,0.0245003271847963,0.8457738161087036,0.9439943432807922,0.1057042330503463,0.0057361288927495,32,4006.0,241339440760104960,262544464,125694720,16,0.0057361288927495,131072000.0,1.2066972038005248e+17,2003.0,3.3962968071953195,3.4310292569144827,bin_0
config_727,960,7,20,0.0245003271847963,0.8457738161087036,0.9439943432807922,0.1057042330503463,0.0057361288927495,32,4006.0,241339440760104960,262544464,125694720,16,8.13635303936102e-05,262144000.0,2.4133944076010496e+17,4006.0,3.223700412922218,3.257168532043207,bin_0
config_728,384,17,24,0.0643305853009224,0.8541787266731262,0.9624219536781312,0.2206505984067917,2.635051896504592e-05,128,39667.0,4749612585910272000,10398566400,49400832,16,2.635051896504592e-05,1599078400.0,7.287201501966348e+17,6086.0,2.655797779442834,2.6842247189850106,bin_1
config_728,384,17,24,0.0643305853009224,0.8541787266731262,0.9624219536781312,0.2206505984067917,2.635051896504592e-05,128,39667.0,4749612585910272000,10398566400,49400832,16,2.635051896504592e-05,3185049600.0,1.457320563267046e+18,12171.0,2.342348248997673,2.3676018530814376,bin_1
config_728,384,17,24,0.0643305853009224,0.8541787266731262,0.9624219536781312,0.2206505984067917,2.635051896504592e-05,128,39667.0,4749612585910272000,10398566400,49400832,16,2.635051896504592e-05,4784128000.0,2.186040713463681e+18,18257.0,2.163113318193154,2.185278701664972,bin_1
config_728,384,17,24,0.0643305853009224,0.8541787266731262,0.9624219536781312,0.2206505984067917,2.635051896504592e-05,128,39667.0,4749612585910272000,10398566400,49400832,16,2.635051896504592e-05,6383206400.0,2.9146411265340923e+18,24342.0,2.065810175762802,2.087512396163628,bin_1
config_728,384,17,24,0.0643305853009224,0.8541787266731262,0.9624219536781312,0.2206505984067917,2.635051896504592e-05,128,39667.0,4749612585910272000,10398566400,49400832,16,2.635051896504592e-05,7982284800.0,3.643361276730728e+18,30428.0,2.005394931269474,2.0264923181690158,bin_1
config_728,384,17,24,0.0643305853009224,0.8541787266731262,0.9624219536781312,0.2206505984067917,2.635051896504592e-05,128,39667.0,4749612585910272000,10398566400,49400832,16,9.535202646515133e-06,9568256000.0,4.372081426927362e+18,36514.0,1.9581329759613413,1.9795563686871136,bin_1
config_728,384,17,24,0.0643305853009224,0.8541787266731262,0.9624219536781312,0.2206505984067917,2.635051896504592e-05,128,39667.0,4749612585910272000,10398566400,49400832,16,5.118359488183078e-08,10394009600.0,4.749612585910272e+18,39667.0,1.946817138507718,1.968125725378756,bin_1
config_729,768,14,6,0.1448873281478881,0.9514679312705994,0.96370667219162,0.0040422142483294,0.0067138229496777,64,56862.0,8127304745181511680,7453096448,137725440,8,0.0067138229496777,1592524800.0,1.7396051150786847e+18,12171.0,1.945927330685444,1.9653709412402796,bin_2
config_729,768,14,6,0.1448873281478881,0.9514679312705994,0.96370667219162,0.0040422142483294,0.0067138229496777,64,56862.0,8127304745181511680,7453096448,137725440,8,0.0067138229496777,3191603200.0,3.4792102301573693e+18,24342.0,2.094222758148537,2.115370166008589,bin_2
config_729,768,14,6,0.1448873281478881,0.9514679312705994,0.96370667219162,0.0040422142483294,0.0067138229496777,64,56862.0,8127304745181511680,7453096448,137725440,8,0.0067138229496777,4784128000.0,5.218958275571695e+18,36514.0,2.017882832093317,2.0352737512158567,bin_2
config_729,768,14,6,0.1448873281478881,0.9514679312705994,0.96370667219162,0.0040422142483294,0.0067138229496777,64,56862.0,8127304745181511680,7453096448,137725440,8,0.0067138229496777,6383206400.0,6.958563390650379e+18,48685.0,1.9638548259461512,1.9817433521004972,bin_2
config_729,768,14,6,0.1448873281478881,0.9514679312705994,0.96370667219162,0.0040422142483294,0.0067138229496777,64,56862.0,8127304745181511680,7453096448,137725440,8,0.0003518160497647,7451443200.0,8.127304745181512e+18,56862.0,2.065194794604036,2.0843002676182105,bin_2
config_73,576,17,6,0.0035822440404444,0.9715679883956908,0.9843760132789612,0.0545642152428627,0.0021072516683489,64,11018.0,1184952579139878912,1444184704,96662016,8,0.0021072516683489,720896000.0,5.924762895699395e+17,5509.0,1.9096374611776383,1.930212268067188,bin_1
config_73,576,17,6,0.0035822440404444,0.9715679883956908,0.9843760132789612,0.0545642152428627,0.0021072516683489,64,11018.0,1184952579139878912,1444184704,96662016,8,6.31123627791684e-05,1441792000.0,1.184952579139879e+18,11018.0,1.7682098959703914,1.7869386297757508,bin_1
config_730,320,18,16,0.0782708674669265,0.8912646770477295,0.9391283988952636,0.0140838511288166,9.120537288254128e-05,32,11322.0,288280188439511040,742044032,41168000,16,9.120537288254128e-05,370278400.0,1.4414009421975552e+17,5661.0,2.430460773296044,2.455300140068179,bin_0
config_730,320,18,16,0.0782708674669265,0.8912646770477295,0.9391283988952636,0.0140838511288166,9.120537288254128e-05,32,11322.0,288280188439511040,742044032,41168000,16,1.2619611342238413e-05,740556800.0,2.8828018843951104e+17,11322.0,2.150197539290444,2.172876899007891,bin_0
config_731,768,21,12,0.0046827639453113,0.954605519771576,0.9774730205535888,0.0249472633004188,0.0002105057210428,128,38251.0,15240166113816870912,10027401216,187281408,8,0.0002105057210428,1599078400.0,2.424816369995281e+18,6086.0,1.761228141823753,1.7799480793319764,bin_2
config_731,768,21,12,0.0046827639453113,0.954605519771576,0.9774730205535888,0.0249472633004188,0.0002105057210428,128,38251.0,15240166113816870912,10027401216,187281408,8,0.0002105057210428,3185049600.0,4.849234314691515e+18,12171.0,1.657533850064043,1.6754611837668496,bin_2
config_731,768,21,12,0.0046827639453113,0.954605519771576,0.9774730205535888,0.0249472633004188,0.0002105057210428,128,38251.0,15240166113816870912,10027401216,187281408,8,0.0002105057210428,4784128000.0,7.274050684686796e+18,18257.0,1.6117782992808545,1.6270320384815091,bin_2
config_731,768,21,12,0.0046827639453113,0.954605519771576,0.9774730205535888,0.0249472633004188,0.0002105057210428,128,38251.0,15240166113816870912,10027401216,187281408,8,0.0002105057210428,6383206400.0,9.69846862938303e+18,24342.0,1.5834482879521417,1.5983146921337628,bin_2
config_731,768,21,12,0.0046827639453113,0.954605519771576,0.9774730205535888,0.0249472633004188,0.0002105057210428,128,38251.0,15240166113816870912,10027401216,187281408,8,0.0002105057210428,7982284800.0,1.2123284999378311e+19,30428.0,1.5639388691499585,1.5780094199102432,bin_2
config_731,768,21,12,0.0046827639453113,0.954605519771576,0.9774730205535888,0.0249472633004188,0.0002105057210428,128,38251.0,15240166113816870912,10027401216,187281408,8,0.0002105057210428,9568256000.0,1.4548101369373592e+19,36514.0,1.548431492252428,1.562238313233266,bin_2
config_731,768,21,12,0.0046827639453113,0.954605519771576,0.9774730205535888,0.0249472633004188,0.0002105057210428,128,38251.0,15240166113816870912,10027401216,187281408,8,2.206558920784911e-07,10027008000.0,1.524016611381687e+19,38251.0,1.5196992706470802,1.5332679402828218,bin_2
config_732,576,10,8,0.0016130479052662,0.9299361705780028,0.934737503528595,0.2004774510860443,2.993580528709572e-05,32,4646.0,168764884694175744,304523232,68784768,16,2.993580528709572e-05,150732800.0,8.438244234708787e+16,2323.0,2.8821673342439,2.912410966841901,bin_0
config_732,576,10,8,0.0016130479052662,0.9299361705780028,0.934737503528595,0.2004774510860443,2.993580528709572e-05,32,4646.0,168764884694175744,304523232,68784768,16,1.479105309566491e-06,301465600.0,1.6876488469417574e+17,4646.0,2.643669430623289,2.671018982324444,bin_0
config_733,768,18,16,0.0224868543446064,0.8689357042312622,0.9081039428710938,0.2223656475543975,0.0005827107233926,32,4407.0,385896508849225728,288882112,166043136,8,0.0005827107233926,144179200.0,1.92904472202143e+17,2203.0,2.1928459174320345,2.215398611103902,bin_0
config_733,768,18,16,0.0224868543446064,0.8689357042312622,0.9081039428710938,0.2223656475543975,0.0005827107233926,32,4407.0,385896508849225728,288882112,166043136,8,4.166470953777929e-06,288358400.0,3.858965088492257e+17,4407.0,1.959302816840469,1.9801670085797545,bin_0
config_734,960,6,12,0.0168947018682956,0.8170038461685181,0.9300928115844728,0.0461524315178394,4.716390685644001e-05,128,44129.0,9593385351714570240,11568268288,114633600,16,4.716390685644001e-05,1599078400.0,1.3230606460725345e+18,6086.0,2.055420551769069,2.0774524783697284,bin_2
config_734,960,6,12,0.0168947018682956,0.8170038461685181,0.9300928115844728,0.0461524315178394,4.716390685644001e-05,128,44129.0,9593385351714570240,11568268288,114633600,16,4.716390685644001e-05,3185049600.0,2.645903898019852e+18,12171.0,1.885468264016949,1.9056705675750485,bin_2
config_734,960,6,12,0.0168947018682956,0.8170038461685181,0.9300928115844728,0.0461524315178394,4.716390685644001e-05,128,44129.0,9593385351714570240,11568268288,114633600,16,4.716390685644001e-05,4784128000.0,3.968964544092386e+18,18257.0,1.817150200781275,1.834641827559862,bin_2
config_734,960,6,12,0.0168947018682956,0.8170038461685181,0.9300928115844728,0.0461524315178394,4.716390685644001e-05,128,44129.0,9593385351714570240,11568268288,114633600,16,4.716390685644001e-05,6383206400.0,5.291807796039704e+18,24342.0,1.774570331065381,1.7908790749018308,bin_2
config_734,960,6,12,0.0168947018682956,0.8170038461685181,0.9300928115844728,0.0461524315178394,4.716390685644001e-05,128,44129.0,9593385351714570240,11568268288,114633600,16,4.716390685644001e-05,7982284800.0,6.614868442112239e+18,30428.0,1.7466545968368403,1.7622980792014324,bin_2
config_734,960,6,12,0.0168947018682956,0.8170038461685181,0.9300928115844728,0.0461524315178394,4.716390685644001e-05,128,44129.0,9593385351714570240,11568268288,114633600,16,4.716390685644001e-05,9568256000.0,7.937929088184772e+18,36514.0,1.7229378989876294,1.7401605697538032,bin_2
config_734,960,6,12,0.0168947018682956,0.8170038461685181,0.9300928115844728,0.0461524315178394,4.716390685644001e-05,128,44129.0,9593385351714570240,11568268288,114633600,16,3.541926010977248e-05,11167334400.0,9.26077234013209e+18,42599.0,1.7008059530570858,1.7180509305000304,bin_2
config_734,960,6,12,0.0168947018682956,0.8170038461685181,0.9300928115844728,0.0461524315178394,4.716390685644001e-05,128,44129.0,9593385351714570240,11568268288,114633600,16,6.71784527915892e-07,11560550400.0,9.59338535171457e+18,44129.0,1.68346227575521,1.7002289498047751,bin_2
config_735,1152,16,12,0.0069817840121686,0.8890353441238403,0.9904550313949584,0.2444171160459518,0.0001175290235551,64,8882.0,2711791435497799680,1164197120,312761088,8,0.0001175290235551,583270400.0,1.3558957177488998e+18,4441.0,1.8846682788700355,1.9027157576944007,bin_1
config_735,1152,16,12,0.0069817840121686,0.8890353441238403,0.9904550313949584,0.2444171160459518,0.0001175290235551,64,8882.0,2711791435497799680,1164197120,312761088,8,1.7331468911352334e-06,1159987200.0,2.7117914354978e+18,8882.0,1.7224816265067115,1.74056767922933,bin_1
config_736,256,21,16,0.0010148882865905,0.8423331379890442,0.9781225919723512,0.2218004614114761,0.0006266343407332,64,9562.0,396916856486166528,1253313408,30773248,16,0.0006266343407332,629145600.0,1.9845842824308326e+17,4781.0,2.040649155515139,2.063026941838812,bin_0
config_736,256,21,16,0.0010148882865905,0.8423331379890442,0.9781225919723512,0.2218004614114761,0.0006266343407332,64,9562.0,396916856486166528,1253313408,30773248,16,3.546986834339393e-06,1251737600.0,3.969168564861665e+17,9562.0,1.88662181690091,1.9071411801557072,bin_0
config_737,320,4,8,0.0040349373593926,0.9426829814910888,0.9430006146430968,0.164415031671524,4.1469145799055696e-05,64,40547.0,857845152530104320,5314614784,21662080,16,4.1469145799055696e-05,1592524800.0,2.574995277441956e+17,12171.0,2.339587366307368,2.363661074364772,bin_0
config_737,320,4,8,0.0040349373593926,0.9426829814910888,0.9430006146430968,0.164415031671524,4.1469145799055696e-05,64,40547.0,857845152530104320,5314614784,21662080,16,4.1469145799055696e-05,3191603200.0,5.149990554883912e+17,24342.0,2.137082763929836,2.159753380994328,bin_0
config_737,320,4,8,0.0040349373593926,0.9426829814910888,0.9430006146430968,0.164415031671524,4.1469145799055696e-05,64,40547.0,857845152530104320,5314614784,21662080,16,2.517636259357612e-05,4784128000.0,7.72519740042031e+17,36514.0,2.0601677222720918,2.0815101947549914,bin_0
config_737,320,4,8,0.0040349373593926,0.9426829814910888,0.9430006146430968,0.164415031671524,4.1469145799055696e-05,64,40547.0,857845152530104320,5314614784,21662080,16,2.9238671655500186e-07,5308416000.0,8.578451525301043e+17,40547.0,2.045592502414203,2.066988355253564,bin_0
config_738,256,9,16,0.0069168820045888,0.8410594463348389,0.975665271282196,0.2649116814136505,0.0011384793324396,32,12853.0,151507398791725056,842387072,20543488,16,0.0011384793324396,422707200.0,7.57478055423345e+16,6426.0,2.109337016480868,2.131710953204358,bin_0
config_738,256,9,16,0.0069168820045888,0.8410594463348389,0.975665271282196,0.2649116814136505,0.0011384793324396,32,12853.0,151507398791725056,842387072,20543488,16,1.0033601637246536e-06,842137600.0,1.5150739879172506e+17,12853.0,1.95741017982608,1.977282882479371,bin_0
config_739,1024,22,16,0.0021330807358026,0.8460180163383484,0.9524922370910645,0.1537852138280868,0.0001702956215012,32,8582.0,1438803319664148480,562450560,334120960,8,0.0001702956215012,281804800.0,7.194016598320742e+17,4291.0,2.015423182112272,2.035145222534899,bin_1
config_739,1024,22,16,0.0021330807358026,0.8460180163383484,0.9524922370910645,0.1537852138280868,0.0001702956215012,32,8582.0,1438803319664148480,562450560,334120960,8,4.131508633844588e-06,560332800.0,1.4388033196641485e+18,8582.0,1.8167426198427796,1.8351374996490168,bin_1
config_740,768,14,12,0.1944297552108764,0.9586019515991212,0.9060513973236084,0.0550382174551487,0.0021414314396679,64,10339.0,1477832645028741120,1355237632,137725440,8,0.0021414314396679,675020800.0,7.388448536757484e+17,5169.0,1.9527980826721816,1.9732988540070957,bin_1
config_740,768,14,12,0.1944297552108764,0.9586019515991212,0.9060513973236084,0.0550382174551487,0.0021414314396679,64,10339.0,1477832645028741120,1355237632,137725440,8,0.0001467764958647,1350041600.0,1.477832645028741e+18,10339.0,1.7750391864581183,1.793099001919637,bin_1
config_742,448,10,14,0.1996979117393493,0.8463528156280518,0.953440010547638,0.2748601138591766,0.0021153348498046,32,11097.0,288454393825812480,727257280,47764864,16,0.0021153348498046,363724800.0,1.4421419995905267e+17,5548.0,2.0992595803151364,2.119429571354976,bin_0
config_742,448,10,14,0.1996979117393493,0.8463528156280518,0.953440010547638,0.2748601138591766,0.0021153348498046,32,11097.0,288454393825812480,727257280,47764864,16,3.259696325928459e-05,724172800.0,2.884543938258125e+17,11097.0,1.8661605505083427,1.8845689444854608,bin_0
config_743,768,6,16,0.1868115812540054,0.9556628465652466,0.9064823389053344,0.1891055107116699,4.734258618555032e-05,32,4318.0,169719247875833856,282994368,81090048,16,4.734258618555032e-05,140902400.0,8.485962393791693e+16,2159.0,2.723487266477991,2.7520615042233074,bin_0
config_743,768,6,16,0.1868115812540054,0.9556628465652466,0.9064823389053344,0.1891055107116699,4.734258618555032e-05,32,4318.0,169719247875833856,282994368,81090048,16,1.0443217540930195e-06,281804800.0,1.6971924787583386e+17,4318.0,2.428751284411696,2.4532056103378044,bin_0
config_744,1152,18,8,0.0031101638451218,0.8774908781051636,0.926428496837616,0.0114138722419738,5.527566463570111e-05,64,52540.0,17747212743675740160,6886640640,344616192,8,5.527566463570111e-05,1592524800.0,4.11117865061434e+18,12171.0,1.8025416705061177,1.821608691137345,bin_2
config_744,1152,18,8,0.0031101638451218,0.8774908781051636,0.926428496837616,0.0114138722419738,5.527566463570111e-05,64,52540.0,17747212743675740160,6886640640,344616192,8,5.527566463570111e-05,3191603200.0,8.22235730122868e+18,24342.0,1.6902196713744615,1.70820564227026,bin_2
config_744,1152,18,8,0.0031101638451218,0.8774908781051636,0.926428496837616,0.0114138722419738,5.527566463570111e-05,64,52540.0,17747212743675740160,6886640640,344616192,8,5.527566463570111e-05,4784128000.0,1.2333873736630682e+19,36514.0,1.6387149338644058,1.654525943349619,bin_2
config_744,1152,18,8,0.0031101638451218,0.8774908781051636,0.926428496837616,0.0114138722419738,5.527566463570111e-05,64,52540.0,17747212743675740160,6886640640,344616192,8,5.527566463570111e-05,6383206400.0,1.644505238724502e+19,48685.0,1.6057307107526748,1.6211759371835677,bin_2
config_744,1152,18,8,0.0031101638451218,0.8774908781051636,0.926428496837616,0.0114138722419738,5.527566463570111e-05,64,52540.0,17747212743675740160,6886640640,344616192,8,3.691196302884879e-06,6881280000.0,1.774721274367574e+19,52540.0,1.578505741768196,1.5933767666191352,bin_2
config_745,1088,16,16,0.00249008461833,0.8470131754875183,0.9325708150863647,0.1713699549436569,0.0014596554683521,128,38262.0,21797311140773756928,10030155776,290929024,8,0.0014596554683521,1599078400.0,3.467106675101905e+18,6086.0,1.6789468900102085,1.6963569885199188,bin_2
config_745,1088,16,16,0.00249008461833,0.8470131754875183,0.9325708150863647,0.1713699549436569,0.0014596554683521,128,38262.0,21797311140773756928,10030155776,290929024,8,0.0014596554683521,3185049600.0,6.93364366458516e+18,12171.0,1.5971686403477778,1.6140700659986402,bin_2
config_745,1088,16,16,0.00249008461833,0.8470131754875183,0.9325708150863647,0.1713699549436569,0.0014596554683521,128,38262.0,21797311140773756928,10030155776,290929024,8,0.0014596554683521,4784128000.0,1.0400750339687064e+19,18257.0,1.5597101310432937,1.5748044185560257,bin_2
config_745,1088,16,16,0.00249008461833,0.8470131754875183,0.9325708150863647,0.1713699549436569,0.0014596554683521,128,38262.0,21797311140773756928,10030155776,290929024,8,0.0014596554683521,6383206400.0,1.386728732917032e+19,24342.0,1.5373405177866826,1.5515679084472969,bin_2
config_745,1088,16,16,0.00249008461833,0.8470131754875183,0.9325708150863647,0.1713699549436569,0.0014596554683521,128,38262.0,21797311140773756928,10030155776,290929024,8,0.0014596554683521,7982284800.0,1.7334394004272224e+19,30428.0,1.5214359866986509,1.5356586316179055,bin_2
config_745,1088,16,16,0.00249008461833,0.8470131754875183,0.9325708150863647,0.1713699549436569,0.0014596554683521,128,38262.0,21797311140773756928,10030155776,290929024,8,0.0003922991054357,9568256000.0,2.0801500679374127e+19,36514.0,1.4714277713416053,1.4847670875807275,bin_2
config_745,1088,16,16,0.00249008461833,0.8470131754875183,0.9325708150863647,0.1713699549436569,0.0014596554683521,128,38262.0,21797311140773756928,10030155776,290929024,8,2.6717305705041463e-06,10027008000.0,2.179731114077376e+19,38262.0,1.458914072689463,1.4720355749618812,bin_2
config_746,768,13,16,0.0193640198558568,0.8517617583274841,0.9336842894554138,0.2511405944824219,7.895290036685765e-05,32,8367.0,564346567221313536,548378624,130646016,8,7.895290036685765e-05,275251200.0,2.8213955906379283e+17,4183.0,2.2482198737097567,2.271058443667459,bin_0
config_746,768,13,16,0.0193640198558568,0.8517617583274841,0.9336842894554138,0.2511405944824219,7.895290036685765e-05,32,8367.0,564346567221313536,548378624,130646016,8,6.38838318056442e-07,547225600.0,5.643465672213136e+17,8367.0,2.02579304941365,2.048159452168668,bin_0
config_748,1152,22,8,0.0033552646636962,0.8477159142494202,0.9187544584274292,0.169462114572525,0.0044556246139109,64,7856.0,3164031176324087808,1029789952,408326400,8,0.0044556246139109,517734400.0,1.582015588162044e+18,3928.0,3.2771562217884376,3.3112073862357216,bin_1
config_748,1152,22,8,0.0033552646636962,0.8477159142494202,0.9187544584274292,0.169462114572525,0.0044556246139109,64,7856.0,3164031176324087808,1029789952,408326400,8,2.0085460318156403e-05,1028915200.0,3.164031176324088e+18,7856.0,3.0058811229565103,3.036939509813903,bin_1
config_75,1152,17,8,0.0018994017736986,0.8657504320144653,0.9110482931137084,0.0464258044958114,2.1190589905017987e-05,64,8579.0,2758619852644220928,1124504832,328688640,8,2.1190589905017987e-05,563609600.0,1.379149148850806e+18,4289.0,2.2669054807209577,2.290551075466344,bin_1
config_75,1152,17,8,0.0018994017736986,0.8657504320144653,0.9110482931137084,0.0464258044958114,2.1190589905017987e-05,64,8579.0,2758619852644220928,1124504832,328688640,8,1.5440379579033211e-06,1120665600.0,2.758619852644221e+18,8579.0,2.0172860706829634,2.0381590703471764,bin_1
config_752,448,21,16,0.1020573005080223,0.8242319226264954,0.9807158708572388,0.026914769783616,2.3565913579659536e-05,64,15380.0,1379468838310133760,2015969408,75529216,16,2.3565913579659536e-05,1592524800.0,1.091645983814866e+18,12171.0,2.2628282127614883,2.286725933121853,bin_1
config_752,448,21,16,0.1020573005080223,0.8242319226264954,0.9807158708572388,0.026914769783616,2.3565913579659536e-05,64,15380.0,1379468838310133760,2015969408,75529216,16,1.7118097031229684e-06,2011955200.0,1.3794688383101338e+18,15380.0,2.1587722155696056,2.181857527709398,bin_1
config_753,1152,21,12,0.0315340086817741,0.927095592021942,0.903426706790924,0.0973085835576057,0.0015728696016594,32,9086.0,1755807488188710912,595463808,392398848,8,0.0015728696016594,298188800.0,8.779037440943555e+17,4543.0,3.3403660689025627,3.37493397622812,bin_1
config_753,1152,21,12,0.0315340086817741,0.927095592021942,0.903426706790924,0.0973085835576057,0.0015728696016594,32,9086.0,1755807488188710912,595463808,392398848,8,6.405351318975231e-05,593100800.0,1.755807488188711e+18,9086.0,3.104843692623201,3.137073602520052,bin_1
config_754,256,5,16,0.0221895445138216,0.9530310034751892,0.9193756580352784,0.2345913499593734,0.0003279883530922,64,15127.0,266169556207534080,1982762240,17133568,16,0.0002752033052862,1592524800.0,2.1415678380392e+17,12171.0,2.03060194273464,2.0532440627989224,bin_0
config_754,256,5,16,0.0221895445138216,0.9530310034751892,0.9193756580352784,0.2345913499593734,0.0003279883530922,64,15127.0,266169556207534080,1982762240,17133568,16,2.49596548294531e-06,1979187200.0,2.6616955620753408e+17,15127.0,1.9788240059868236,2.001106194160024,bin_0
config_755,1152,17,18,0.0261438582092523,0.8056340217590332,0.9145852327346802,0.0817004293203353,0.0009862644365057,64,62142.0,19981450983290830848,8145101312,328688640,8,0.0009862644365057,1592524800.0,3.913524507058555e+18,12171.0,1.718147763463317,1.7354025069025696,bin_2
config_755,1152,17,18,0.0261438582092523,0.8056340217590332,0.9145852327346802,0.0817004293203353,0.0009862644365057,64,62142.0,19981450983290830848,8145101312,328688640,8,0.0009862644365057,3191603200.0,7.82704901411711e+18,24342.0,1.6467524871083556,1.663857467057275,bin_2
config_755,1152,17,18,0.0261438582092523,0.8056340217590332,0.9145852327346802,0.0817004293203353,0.0009862644365057,64,62142.0,19981450983290830848,8145101312,328688640,8,0.0009862644365057,4784128000.0,1.1740895066201303e+19,36514.0,1.6159176174929886,1.631642168643045,bin_2
config_755,1152,17,18,0.0261438582092523,0.8056340217590332,0.9145852327346802,0.0817004293203353,0.0009862644365057,64,62142.0,19981450983290830848,8145101312,328688640,8,0.0009862644365057,6383206400.0,1.5654419573259858e+19,48685.0,1.5970635179613455,1.6122788984267438,bin_2
config_755,1152,17,18,0.0261438582092523,0.8056340217590332,0.9145852327346802,0.0817004293203353,0.0009862644365057,64,62142.0,19981450983290830848,8145101312,328688640,8,0.0002509855528787,7975731200.0,1.956794408031841e+19,60856.0,1.5206225823085815,1.5348716749715023,bin_2
config_755,1152,17,18,0.0261438582092523,0.8056340217590332,0.9145852327346802,0.0817004293203353,0.0009862644365057,64,62142.0,19981450983290830848,8145101312,328688640,8,8.15897308119773e-06,8139571200.0,1.998145098329083e+19,62142.0,1.5034300102757625,1.5169949337693511,bin_2
config_756,704,22,22,0.0161959901452064,0.9280139207839966,0.9185270667076112,0.1931466311216354,2.5706256565172225e-05,64,67791.0,12667575067413184512,8885548032,174199168,8,2.5706256565172225e-05,1592524800.0,2.274299776452418e+18,12171.0,2.103583583284597,2.12571818799269,bin_2
config_756,704,22,22,0.0161959901452064,0.9280139207839966,0.9185270667076112,0.1931466311216354,2.5706256565172225e-05,64,67791.0,12667575067413184512,8885548032,174199168,8,2.5706256565172225e-05,3191603200.0,4.548599552904836e+18,24342.0,1.8980945001664709,1.919312125131732,bin_2
config_756,704,22,22,0.0161959901452064,0.9280139207839966,0.9185270667076112,0.1931466311216354,2.5706256565172225e-05,64,67791.0,12667575067413184512,8885548032,174199168,8,2.5706256565172225e-05,4784128000.0,6.823086191552345e+18,36514.0,1.8149750056032277,1.8335643473804972,bin_2
config_756,704,22,22,0.0161959901452064,0.9280139207839966,0.9185270667076112,0.1931466311216354,2.5706256565172225e-05,64,67791.0,12667575067413184512,8885548032,174199168,8,2.5706256565172225e-05,6383206400.0,9.097385968004764e+18,48685.0,1.7646357022738848,1.7827622006955697,bin_2
config_756,704,22,22,0.0161959901452064,0.9280139207839966,0.9185270667076112,0.1931466311216354,2.5706256565172225e-05,64,67791.0,12667575067413184512,8885548032,174199168,8,1.3627673323062736e-05,7975731200.0,1.137168574445718e+19,60856.0,1.718985719055426,1.7364316325109512,bin_2
config_756,704,22,22,0.0161959901452064,0.9280139207839966,0.9185270667076112,0.1931466311216354,2.5706256565172225e-05,64,67791.0,12667575067413184512,8885548032,174199168,8,8.049771016360259e-08,8880128000.0,1.2667575067413185e+19,67791.0,1.696580507188547,1.715223727519395,bin_2
config_757,960,6,6,0.0400218442082405,0.8117691874504089,0.9142698049545288,0.2402243912220001,3.105373980361037e-05,64,64999.0,7065170038988144640,8519597568,114633600,16,3.105373980361037e-05,1592524800.0,1.3229462690891354e+18,12171.0,2.0362117857620365,2.057308261199076,bin_2
config_757,960,6,6,0.0400218442082405,0.8117691874504089,0.9142698049545288,0.2402243912220001,3.105373980361037e-05,64,64999.0,7065170038988144640,8519597568,114633600,16,3.105373980361037e-05,3191603200.0,2.6458925381782707e+18,24342.0,1.891496576559348,1.911922815588654,bin_2
config_757,960,6,6,0.0400218442082405,0.8117691874504089,0.9142698049545288,0.2402243912220001,3.105373980361037e-05,64,64999.0,7065170038988144640,8519597568,114633600,16,3.105373980361037e-05,4784128000.0,3.9689475038633385e+18,36514.0,1.8288438839208885,1.8483085042531373,bin_2
config_757,960,6,6,0.0400218442082405,0.8117691874504089,0.9142698049545288,0.2402243912220001,3.105373980361037e-05,64,64999.0,7065170038988144640,8519597568,114633600,16,3.105373980361037e-05,6383206400.0,5.291893772952474e+18,48685.0,1.7891621391499628,1.8081290699224004,bin_2
config_757,960,6,6,0.0400218442082405,0.8117691874504089,0.9142698049545288,0.2402243912220001,3.105373980361037e-05,64,64999.0,7065170038988144640,8519597568,114633600,16,8.25169504580373e-06,7975731200.0,6.614840042041609e+18,60856.0,1.7500961757487938,1.7679239515398368,bin_2
config_757,960,6,6,0.0400218442082405,0.8117691874504089,0.9142698049545288,0.2402243912220001,3.105373980361037e-05,64,64999.0,7065170038988144640,8519597568,114633600,16,9.74531350311821e-08,8513126400.0,7.065170038988145e+18,64999.0,1.7424440541423736,1.760047209731868,bin_2
config_758,384,9,12,0.1597993820905685,0.9719820618629456,0.9281602501869202,0.1783487498760223,1.190273633255856e-05,64,51521.0,2001098205158178816,6753067008,35238912,16,1.190273633255856e-05,1592524800.0,4.727269706523591e+17,12171.0,2.7290409897976238,2.758224011874589,bin_1
config_758,384,9,12,0.1597993820905685,0.9719820618629456,0.9281602501869202,0.1783487498760223,1.190273633255856e-05,64,51521.0,2001098205158178816,6753067008,35238912,16,1.190273633255856e-05,3191603200.0,9.454539413047182e+17,24342.0,2.401553000348513,2.4267569342597586,bin_1
config_758,384,9,12,0.1597993820905685,0.9719820618629456,0.9281602501869202,0.1783487498760223,1.190273633255856e-05,64,51521.0,2001098205158178816,6753067008,35238912,16,1.190273633255856e-05,4784128000.0,1.4182197523950572e+18,36514.0,2.2341224086480063,2.2568761460507503,bin_1
config_758,384,9,12,0.1597993820905685,0.9719820618629456,0.9281602501869202,0.1783487498760223,1.190273633255856e-05,64,51521.0,2001098205158178816,6753067008,35238912,16,3.654507966276416e-06,6383206400.0,1.8909467230474163e+18,48685.0,2.147899211899179,2.170086967984184,bin_1
config_758,384,9,12,0.1597993820905685,0.9719820618629456,0.9281602501869202,0.1783487498760223,1.190273633255856e-05,64,51521.0,2001098205158178816,6753067008,35238912,16,2.720477394250604e-08,6750208000.0,2.0010982051581788e+18,51521.0,2.1412758738486493,2.1635060811433635,bin_1
config_759,576,19,24,0.0270142164081335,0.906076729297638,0.917616605758667,0.1471125930547714,2.2460260879597627e-05,32,8748.0,514030756363960320,573319680,104626944,8,2.2460260879597627e-05,285081600.0,2.5701537818198016e+17,4374.0,2.7656557790764045,2.793468610966792,bin_0
config_759,576,19,24,0.0270142164081335,0.906076729297638,0.917616605758667,0.1471125930547714,2.2460260879597627e-05,32,8748.0,514030756363960320,573319680,104626944,8,8.383301105915156e-07,570163200.0,5.140307563639603e+17,8748.0,2.5261399655850205,2.553408271484688,bin_0
config_76,832,5,16,0.1159383803606033,0.900098443031311,0.9499478936195374,0.1116463989019393,0.0011595545802265,64,28328.0,2260514821950308352,3713009408,84438016,16,0.0011595545802265,1592524800.0,9.712202025542644e+17,12171.0,1.82630212920611,1.8454819527219557,bin_1
config_76,832,5,16,0.1159383803606033,0.900098443031311,0.9499478936195374,0.1116463989019393,0.0011595545802265,64,28328.0,2260514821950308352,3713009408,84438016,16,0.0011595545802265,3191603200.0,1.942440405108529e+18,24342.0,1.787551908414872,1.8065955987914664,bin_1
config_76,832,5,16,0.1159383803606033,0.900098443031311,0.9499478936195374,0.1116463989019393,0.0011595545802265,64,28328.0,2260514821950308352,3713009408,84438016,16,1.0268035498527204e-05,3709337600.0,2.2605148219503084e+18,28328.0,1.6771578267363252,1.6946513205668965,bin_1
config_760,832,14,16,0.0015796424122527,0.9651939868927002,0.9597629904747008,0.2262949049472808,0.0066237971186637,32,3630.0,298073373598420992,237907296,161130112,8,0.0066237971186637,117964800.0,1.490366867992105e+17,1815.0,3.4424203798419137,3.470821858273178,bin_0
config_760,832,14,16,0.0015796424122527,0.9651939868927002,0.9597629904747008,0.2262949049472808,0.0066237971186637,32,3630.0,298073373598420992,237907296,161130112,8,0.0002420388715711,235929600.0,2.98073373598421e+17,3630.0,3.331073441661772,3.3653752966005293,bin_0
config_762,960,15,6,0.0061247167177498,0.8517707586288452,0.9735087156295776,0.1723206341266632,0.00718459719792,64,16867.0,3623182774782197760,2210851328,214183680,8,0.00718459719792,1592524800.0,2.614439885686496e+18,12171.0,3.2048408254639047,3.237282905656784,bin_1
config_762,960,15,6,0.0061247167177498,0.8517707586288452,0.9735087156295776,0.1723206341266632,0.00718459719792,64,16867.0,3623182774782197760,2210851328,214183680,8,4.202964637461948e-05,2208563200.0,3.623182774782198e+18,16867.0,3.069374756969389,3.101711404831683,bin_1
config_763,768,18,24,0.0533718094229698,0.9208446741104126,0.9455596804618835,0.0973999872803688,0.0001557146169943,64,8774.0,1536402919887470592,1150151168,166043136,8,0.0001557146169943,576716800.0,7.682014599437353e+17,4387.0,1.9581685997032727,1.9781543794616323,bin_1
config_763,768,18,24,0.0533718094229698,0.9208446741104126,0.9455596804618835,0.0973999872803688,0.0001557146169943,64,8774.0,1536402919887470592,1150151168,166043136,8,4.3760548101463305e-06,1146880000.0,1.5364029198874706e+18,8774.0,1.7821553419652532,1.8014825798253544,bin_1
config_765,832,17,8,0.0025467916857451,0.8963652849197388,0.9789242148399352,0.2165414243936538,0.0001972500613192,64,16842.0,3239911663160819712,2207636224,186694144,8,0.0001972500613192,1592524800.0,2.341346921525373e+18,12171.0,1.729369425363228,1.7468174593175043,bin_1
config_765,832,17,8,0.0025467916857451,0.8963652849197388,0.9789242148399352,0.2165414243936538,0.0001972500613192,64,16842.0,3239911663160819712,2207636224,186694144,8,2.272216833627762e-06,2202009600.0,3.23991166316082e+18,16842.0,1.645659920700261,1.6631010420009738,bin_1
config_766,256,23,16,0.0707924738526344,0.9818114042282104,0.97754567861557,0.1878903657197952,0.0001318474969593,32,6754.0,150275749450924032,442637728,32478208,16,0.0001318474969593,222822400.0,7.513787472546202e+16,3377.0,2.904934410892549,2.9356732451329464,bin_0
config_766,256,23,16,0.0707924738526344,0.9818114042282104,0.97754567861557,0.1878903657197952,0.0001318474969593,32,6754.0,150275749450924032,442637728,32478208,16,4.155949470744909e-07,442368000.0,1.5027574945092403e+17,6754.0,2.526918798079256,2.5538394092340937,bin_0
config_767,512,13,16,0.0464259274303913,0.814947247505188,0.9186774492263794,0.1437496542930603,0.0003020331496372,64,23599.0,1805970772370128896,3093248256,70057984,16,0.0003020331496372,1592524800.0,9.314153256712928e+17,12171.0,1.8384697962588952,1.8585822339917792,bin_1
config_767,512,13,16,0.0464259274303913,0.814947247505188,0.9186774492263794,0.1437496542930603,0.0003020331496372,64,23599.0,1805970772370128896,3093248256,70057984,16,4.363096796057456e-06,3086745600.0,1.805970772370129e+18,23599.0,1.719575065784767,1.738434793323767,bin_1
config_768,320,12,20,0.0149336131289601,0.9278803467750548,0.9389981627464294,0.0374334827065467,0.0020129438489675,32,10015.0,191111417521643520,656348352,32808320,16,0.0020129438489675,327680000.0,9.554616750183416e+16,5007.0,2.144889663751008,2.1671328029476227,bin_0
config_768,320,12,20,0.0149336131289601,0.9278803467750548,0.9389981627464294,0.0374334827065467,0.0020129438489675,32,10015.0,191111417521643520,656348352,32808320,16,8.073304207089119e-05,655360000.0,1.9111141752164352e+17,10015.0,1.972388767492576,1.9930632636977024,bin_0
config_769,896,18,14,0.0011259589809924,0.8521500825881958,0.9042542576789856,0.1443623006343841,0.0001820899778977,32,3748.0,431499257029177344,245638192,226747136,8,0.0001820899778977,121241600.0,2.1574962851458867e+17,1874.0,2.341712574607036,2.365562816897377,bin_0
config_769,896,18,14,0.0011259589809924,0.8521500825881958,0.9042542576789856,0.1443623006343841,0.0001820899778977,32,3748.0,431499257029177344,245638192,226747136,8,1.615585755839147e-05,242483200.0,4.314992570291773e+17,3748.0,2.051987370506662,2.072440740319549,bin_0
config_77,576,11,12,0.0014019997324794,0.8952630162239075,0.9969131350517272,0.1869204193353653,0.0006785303703509,32,3561.0,138232245710592000,233406800,72767232,16,0.0006785303703509,117964800.0,6.909671366606396e+16,1780.0,2.2183366871270978,2.240187538139156,bin_0
config_77,576,11,12,0.0014019997324794,0.8952630162239075,0.9969131350517272,0.1869204193353653,0.0006785303703509,32,3561.0,138232245710592000,233406800,72767232,16,1.12238106373837e-05,232652800.0,1.38232245710592e+17,3561.0,1.9891332758840967,2.009364939126812,bin_0
config_771,704,20,22,0.013642462901771,0.8213260173797607,0.9629472494125366,0.2983619272708893,5.651082392432727e-05,32,3862.0,332941179195389952,253121584,161580672,8,5.651082392432727e-05,127795200.0,1.6647058959769498e+17,1931.0,2.6983926942309395,2.727190990760678,bin_0
config_771,704,20,22,0.013642462901771,0.8213260173797607,0.9629472494125366,0.2983619272708893,5.651082392432727e-05,32,3862.0,332941179195389952,253121584,161580672,8,5.886544158784091e-07,252313600.0,3.3294117919538995e+17,3862.0,2.4097064945932294,2.4344703799193024,bin_0
config_772,320,20,16,0.0020191087387502,0.9114524722099304,0.9087376594543456,0.081053227186203,0.0024484221357852,64,55569.0,3065951282975539200,7283668480,43954560,16,0.0024484221357852,1592524800.0,6.71519967339619e+17,12171.0,1.878109676095306,1.8980989289283752,bin_1
config_772,320,20,16,0.0020191087387502,0.9114524722099304,0.9087376594543456,0.081053227186203,0.0024484221357852,64,55569.0,3065951282975539200,7283668480,43954560,16,0.0024484221357852,3191603200.0,1.343039934679238e+18,24342.0,1.8217398416800576,1.8411771116491225,bin_1
config_772,320,20,16,0.0020191087387502,0.9114524722099304,0.9087376594543456,0.081053227186203,0.0024484221357852,64,55569.0,3065951282975539200,7283668480,43954560,16,0.0024484221357852,4784128000.0,2.014615075789898e+18,36514.0,1.798298801203243,1.815511513889813,bin_1
config_772,320,20,16,0.0020191087387502,0.9114524722099304,0.9087376594543456,0.081053227186203,0.0024484221357852,64,55569.0,3065951282975539200,7283668480,43954560,16,0.0024484221357852,6383206400.0,2.6861350431295165e+18,48685.0,1.7823323410065448,1.7995618160435412,bin_1
config_772,320,20,16,0.0020191087387502,0.9114524722099304,0.9087376594543456,0.081053227186203,0.0024484221357852,64,55569.0,3065951282975539200,7283668480,43954560,16,1.032860137209577e-05,7281049600.0,3.065951282975539e+18,55569.0,1.7116042246193182,1.727915301791957,bin_1
config_773,576,23,18,0.0019880016334354,0.842632532119751,0.9597398042678832,0.0524972155690193,6.889369979035109e-05,128,38847.0,10680104713335865344,10183542784,120556800,8,6.889369979035109e-05,1599078400.0,1.6732081572672814e+18,6086.0,2.0197602671873374,2.041609910550665,bin_2
config_773,576,23,18,0.0019880016334354,0.842632532119751,0.9597398042678832,0.0524972155690193,6.889369979035109e-05,128,38847.0,10680104713335865344,10183542784,120556800,8,6.889369979035109e-05,3185049600.0,3.34614138713442e+18,12171.0,1.827874924589376,1.8483973912919156,bin_2
config_773,576,23,18,0.0019880016334354,0.842632532119751,0.9597398042678832,0.0524972155690193,6.889369979035109e-05,128,38847.0,10680104713335865344,10183542784,120556800,8,6.889369979035109e-05,4784128000.0,5.019349544401701e+18,18257.0,1.7555412292675894,1.7743506463433876,bin_2
config_773,576,23,18,0.0019880016334354,0.842632532119751,0.9597398042678832,0.0524972155690193,6.889369979035109e-05,128,38847.0,10680104713335865344,10183542784,120556800,8,6.889369979035109e-05,6383206400.0,6.69228277426884e+18,24342.0,1.713127455945875,1.7307946541465695,bin_2
config_773,576,23,18,0.0019880016334354,0.842632532119751,0.9597398042678832,0.0524972155690193,6.889369979035109e-05,128,38847.0,10680104713335865344,10183542784,120556800,8,6.889369979035109e-05,7982284800.0,8.365490931536121e+18,30428.0,1.684655474189852,1.7022547357004196,bin_2
config_773,576,23,18,0.0019880016334354,0.842632532119751,0.9597398042678832,0.0524972155690193,6.889369979035109e-05,128,38847.0,10680104713335865344,10183542784,120556800,8,6.889369979035109e-05,9568256000.0,1.0038699088803402e+19,36514.0,1.663200188015328,1.6796596874174523,bin_2
config_773,576,23,18,0.0019880016334354,0.842632532119751,0.9597398042678832,0.0524972155690193,6.889369979035109e-05,128,38847.0,10680104713335865344,10183542784,120556800,8,1.588035257551001e-06,10171187200.0,1.0680104713335863e+19,38847.0,1.6349692291705336,1.650788376585382,bin_2
config_774,256,17,16,0.0101596275344491,0.8297298550605774,0.9675235748291016,0.2030788511037826,7.439764158334583e-05,128,42958.0,3052753638575308800,11261409280,27363328,16,7.439764158334583e-05,1599078400.0,4.3249356684131776e+17,6086.0,2.437367866547381,2.463669047981012,bin_1
config_774,256,17,16,0.0101596275344491,0.8297298550605774,0.9675235748291016,0.2030788511037826,7.439764158334583e-05,128,42958.0,3052753638575308800,11261409280,27363328,16,7.439764158334583e-05,3185049600.0,8.64916070000933e+17,12171.0,2.116100563573056,2.138560773310114,bin_1
config_774,256,17,16,0.0101596275344491,0.8297298550605774,0.9675235748291016,0.2030788511037826,7.439764158334583e-05,128,42958.0,3052753638575308800,11261409280,27363328,16,7.439764158334583e-05,4784128000.0,1.2974096368422508e+18,18257.0,2.006534360549489,2.027276939368639,bin_1
config_774,256,17,16,0.0101596275344491,0.8297298550605774,0.9675235748291016,0.2030788511037826,7.439764158334583e-05,128,42958.0,3052753638575308800,11261409280,27363328,16,7.439764158334583e-05,6383206400.0,1.729832140001866e+18,24342.0,1.9523712331740584,1.970432885318506,bin_1
config_774,256,17,16,0.0101596275344491,0.8297298550605774,0.9675235748291016,0.2030788511037826,7.439764158334583e-05,128,42958.0,3052753638575308800,11261409280,27363328,16,7.439764158334583e-05,7982284800.0,2.162325706843184e+18,30428.0,1.9186884853488109,1.9354956396681364,bin_1
config_774,256,17,16,0.0101596275344491,0.8297298550605774,0.9675235748291016,0.2030788511037826,7.439764158334583e-05,128,42958.0,3052753638575308800,11261409280,27363328,16,5.507967090969247e-05,9568256000.0,2.594819273684501e+18,36514.0,1.8856472478147408,1.905733292650004,bin_1
config_774,256,17,16,0.0101596275344491,0.8297298550605774,0.9675235748291016,0.2030788511037826,7.439764158334583e-05,128,42958.0,3052753638575308800,11261409280,27363328,16,3.0533481241359493e-06,11167334400.0,3.027241776844117e+18,42599.0,1.8598209626166544,1.8792303713032457,bin_1
config_774,256,17,16,0.0101596275344491,0.8297298550605774,0.9675235748291016,0.2030788511037826,7.439764158334583e-05,128,42958.0,3052753638575308800,11261409280,27363328,16,6.823124299744746e-08,11259084800.0,3.052753638575309e+18,42958.0,1.859218119910506,1.8786078668031536,bin_1
config_775,896,8,16,0.0010783732868731,0.9022493958473206,0.937137007713318,0.2671664655208587,0.0001092425809474,64,14111.0,1721785528254726144,1849608192,125803776,16,5.683860473281539e-05,1592524800.0,1.4850720476499377e+18,12171.0,1.80295247374988,1.822805000914902,bin_1
config_775,896,8,16,0.0010783732868731,0.9022493958473206,0.937137007713318,0.2671664655208587,0.0001092425809474,64,14111.0,1721785528254726144,1849608192,125803776,16,3.188295013059606e-07,1848115200.0,1.721785528254726e+18,14111.0,1.7733700473191307,1.7928105341411027,bin_1
config_776,256,24,4,0.0210985839366912,0.8096269965171814,0.9473833441734314,0.2539562880992889,0.0022666198201477,32,14226.0,327154054370623488,932318336,33330688,16,0.0022666198201477,465305600.0,1.6357702718531174e+17,7113.0,2.0727089192046493,2.093056700385985,bin_0
config_776,256,24,4,0.0210985839366912,0.8096269965171814,0.9473833441734314,0.2539562880992889,0.0022666198201477,32,14226.0,327154054370623488,932318336,33330688,16,1.631564654591385e-05,930611200.0,3.271540543706235e+17,14226.0,1.9004879758397089,1.9190353499475072,bin_0
config_778,448,19,14,0.1295799762010574,0.88786381483078,0.9553414583206176,0.1153574511408805,3.877167182508856e-05,32,4483.0,185696577862397952,293836256,70481152,16,3.877167182508856e-05,147456000.0,9.282757773580946e+16,2241.0,2.917439056771701,2.94829577680494,bin_0
config_778,448,19,14,0.1295799762010574,0.88786381483078,0.9553414583206176,0.1153574511408805,3.877167182508856e-05,32,4483.0,185696577862397952,293836256,70481152,16,2.474787563303524e-06,291635200.0,1.8569657786239795e+17,4483.0,2.652605682435583,2.6809276304088656,bin_0
config_78,1088,20,8,0.0090747708454728,0.8438695073127747,0.9205968379974364,0.1442849487066269,0.0005630479427054,64,27855.0,9618522192251191296,3651096576,349985664,8,0.0005630479427054,1592524800.0,4.202729621320741e+18,12171.0,1.7036786501720302,1.72131334799235,bin_2
config_78,1088,20,8,0.0090747708454728,0.8438695073127747,0.9205968379974364,0.1442849487066269,0.0005630479427054,64,27855.0,9618522192251191296,3651096576,349985664,8,0.0004910383277388,3191603200.0,8.405459242641482e+18,24342.0,1.622187678188574,1.639178828802265,bin_2
config_78,1088,20,8,0.0090747708454728,0.8438695073127747,0.9205968379974364,0.1442849487066269,0.0005630479427054,64,27855.0,9618522192251191296,3651096576,349985664,8,7.00482635861469e-07,3650355200.0,9.618522192251191e+18,27855.0,1.5538458513236435,1.5699827402341562,bin_2
config_780,384,24,16,0.0285761132836341,0.8788357973098755,0.9237896203994752,0.2161082178354263,1.298620190937072e-05,32,14200.0,555726508686213120,930655360,61792512,16,1.298620190937072e-05,465305600.0,2.7786325434310656e+17,7100.0,2.919266899296495,2.9496621170981987,bin_0
config_780,384,24,16,0.0285761132836341,0.8788357973098755,0.9237896203994752,0.2161082178354263,1.298620190937072e-05,32,14200.0,555726508686213120,930655360,61792512,16,0.0,930611200.0,5.557265086862131e+17,14200.0,2.7043797423409632,2.732648225768668,bin_0
config_781,576,22,8,0.0459881201386451,0.933683693408966,0.978369414806366,0.2348031848669052,0.0008960287668742,64,24194.0,3205146928881106944,3171159808,116574336,8,0.0008960287668742,1592524800.0,1.612376757518887e+18,12171.0,1.7394129001312568,1.7574942020705488,bin_1
config_781,576,22,8,0.0459881201386451,0.933683693408966,0.978369414806366,0.2348031848669052,0.0008960287668742,64,24194.0,3205146928881106944,3171159808,116574336,8,6.941067912405951e-06,3165388800.0,3.205146928881107e+18,24194.0,1.6089773215035923,1.6260580089639445,bin_1
config_782,640,5,8,0.0600492544472217,0.9650660157203674,0.9782077074050904,0.0366619192063808,0.0004027874674648,64,50159.0,2788112125506355200,6574525440,57579520,16,0.0004027874674648,1592524800.0,6.765308853752636e+17,12171.0,1.8307931786287024,1.8500985317152052,bin_1
config_782,640,5,8,0.0600492544472217,0.9650660157203674,0.9782077074050904,0.0366619192063808,0.0004027874674648,64,50159.0,2788112125506355200,6574525440,57579520,16,0.0004027874674648,3191603200.0,1.3530617707505272e+18,24342.0,1.770038079355584,1.7881654964118707,bin_1
config_782,640,5,8,0.0600492544472217,0.9650660157203674,0.9782077074050904,0.0366619192063808,0.0004027874674648,64,50159.0,2788112125506355200,6574525440,57579520,16,0.0004027874674648,4784128000.0,2.0296482416064727e+18,36514.0,1.7436787369603015,1.7604981018676134,bin_1
config_782,640,5,8,0.0600492544472217,0.9650660157203674,0.9782077074050904,0.0366619192063808,0.0004027874674648,64,50159.0,2788112125506355200,6574525440,57579520,16,0.000319731727438,6383206400.0,2.706179126981736e+18,48685.0,1.7212621064655116,1.7377361600125425,bin_1
config_782,640,5,8,0.0600492544472217,0.9650660157203674,0.9782077074050904,0.0366619192063808,0.0004027874674648,64,50159.0,2788112125506355200,6574525440,57579520,16,1.9722998950942594e-06,6573260800.0,2.788112125506355e+18,50159.0,1.6820726401297772,1.6978922784914736,bin_1
config_783,896,6,4,0.0088888499885797,0.9492620229721068,0.9128844738006592,0.1202849522233009,0.0001552041649119,64,9119.0,915341043397165056,1195365888,105615104,16,0.0001552041649119,596377600.0,4.576203330241996e+17,4559.0,1.952913776264816,1.9734775875435504,bin_0
config_783,896,6,4,0.0088888499885797,0.9492620229721068,0.9128844738006592,0.1202849522233009,0.0001552041649119,64,9119.0,915341043397165056,1195365888,105615104,16,2.690583150846584e-06,1192755200.0,9.15341043397165e+17,9119.0,1.812903136034481,1.8323967427113017,bin_0
config_784,704,22,16,0.1195189952850341,0.8475511074066162,0.9378842711448668,0.2744840383529663,0.000865239650011,64,23941.0,4473730378842734592,3138054912,174199168,8,0.000865239650011,1592524800.0,2.2743315835134252e+18,12171.0,1.766154253346021,1.7832213002150177,bin_1
config_784,704,22,16,0.1195189952850341,0.8475511074066162,0.9378842711448668,0.2744840383529663,0.000865239650011,64,23941.0,4473730378842734592,3138054912,174199168,8,5.398695122577004e-06,3132620800.0,4.473730378842735e+18,23941.0,1.597676154023311,1.6144365229372115,bin_1
config_785,704,19,8,0.001652866252698,0.977919101715088,0.9611130356788636,0.2316925078630447,4.9213900638278574e-05,64,8247.0,1362308051303350272,1081031808,155271424,8,4.9213900638278574e-05,537395200.0,6.810714314931142e+17,4123.0,2.188498235432828,2.211241729943479,bin_1
config_785,704,19,8,0.001652866252698,0.977919101715088,0.9611130356788636,0.2316925078630447,4.9213900638278574e-05,64,8247.0,1362308051303350272,1081031808,155271424,8,1.2110226858633931e-06,1074790400.0,1.3623080513033503e+18,8247.0,1.950887135013205,1.9708816657691703,bin_1
config_786,1152,16,18,0.0562870539724826,0.9449917674064636,0.9983744621276855,0.0433539599180221,0.0007316312403418,32,3516.0,536841778765307904,230471136,312761088,8,0.0007316312403418,114688000.0,2.6842088938265395e+17,1758.0,2.630743806792087,2.659912489789431,bin_0
config_786,1152,16,18,0.0562870539724826,0.9449917674064636,0.9983744621276855,0.0433539599180221,0.0007316312403418,32,3516.0,536841778765307904,230471136,312761088,8,7.701381477282225e-05,229376000.0,5.368417787653079e+17,3516.0,2.546123440207028,2.573451151456989,bin_0
config_787,256,6,8,0.0073365368880331,0.9516593217849731,0.9878206849098206,0.2007330060005188,1.3966562619316392e-05,64,42959.0,820087051712200704,5630723584,17986048,16,1.3966562619316392e-05,1592524800.0,2.3234431682276576e+17,12171.0,2.8626164019694094,2.892931216896557,bin_0
config_787,256,6,8,0.0073365368880331,0.9516593217849731,0.9878206849098206,0.2007330060005188,1.3966562619316392e-05,64,42959.0,820087051712200704,5630723584,17986048,16,1.3966562619316392e-05,3191603200.0,4.646886336455315e+17,24342.0,2.6162347563759227,2.644591982325569,bin_0
config_787,256,6,8,0.0073365368880331,0.9516593217849731,0.9878206849098206,0.2007330060005188,1.3966562619316392e-05,64,42959.0,820087051712200704,5630723584,17986048,16,1.046155954518898e-05,4784128000.0,6.970520404622849e+17,36514.0,2.436552834549888,2.4616083786917518,bin_0
config_787,256,6,8,0.0073365368880331,0.9516593217849731,0.9878206849098206,0.2007330060005188,1.3966562619316392e-05,64,42959.0,820087051712200704,5630723584,17986048,16,1.4577184689068151e-08,5629542400.0,8.200870517122007e+17,42959.0,2.3965771650095453,2.4211570200372914,bin_0
config_788,704,20,16,0.0010160242673009,0.9537416100502014,0.9362081289291382,0.0048941732384264,4.9837348342407495e-05,32,6536.0,563494494827962368,428401856,161580672,8,4.9837348342407495e-05,212992000.0,2.817472474139812e+17,3268.0,2.495053271582869,2.52104258619371,bin_0
config_788,704,20,16,0.0010160242673009,0.9537416100502014,0.9362081289291382,0.0048941732384264,4.9837348342407495e-05,32,6536.0,563494494827962368,428401856,161580672,8,4.9837348342407495e-05,425984000.0,5.634944948279624e+17,6536.0,2.1676436593884327,2.190468460360512,bin_0
config_79,832,14,16,0.0432093925774097,0.8657392263412476,0.9106143116950988,0.2066121399402618,9.625749953556806e-05,32,9331.0,766228998964715520,611565760,161130112,8,9.625749953556806e-05,304742400.0,3.830734412357087e+17,4665.0,2.149182719031318,2.171770482610484,bin_0
config_79,832,14,16,0.0432093925774097,0.8657392263412476,0.9106143116950988,0.2066121399402618,9.625749953556806e-05,32,9331.0,766228998964715520,611565760,161130112,8,1.5485119281798663e-06,609484800.0,7.662289989647155e+17,9331.0,1.9467891628038687,1.9680193596003488,bin_0
config_790,448,11,14,0.0029223652090877,0.8479397892951965,0.944105863571167,0.0525210164487361,0.0003669055586215,32,7547.0,209132057848197120,494656864,50288896,16,0.0003669055586215,245760000.0,1.0455217361352163e+17,3773.0,2.136255352340761,2.1571624297783023,bin_0
config_790,448,11,14,0.0029223652090877,0.8479397892951965,0.944105863571167,0.0525210164487361,0.0003669055586215,32,7547.0,209132057848197120,494656864,50288896,16,4.354687185659348e-05,491520000.0,2.0913205784819712e+17,7547.0,1.957378002463794,1.976752621893023,bin_0
config_791,384,22,16,0.0194434467703104,0.9364713430404664,0.9259013533592224,0.1921719163656234,3.944508353015408e-05,64,31557.0,2304052791952343040,4136342784,58252032,16,3.944508353015408e-05,1592524800.0,8.886341075150353e+17,12171.0,2.1657840264820662,2.188597726431049,bin_1
config_791,384,22,16,0.0194434467703104,0.9364713430404664,0.9259013533592224,0.1921719163656234,3.944508353015408e-05,64,31557.0,2304052791952343040,4136342784,58252032,16,3.944508353015408e-05,3191603200.0,1.7772682150300703e+18,24342.0,1.9672332200847689,1.988690870042707,bin_1
config_791,384,22,16,0.0194434467703104,0.9364713430404664,0.9259013533592224,0.1921719163656234,3.944508353015408e-05,64,31557.0,2304052791952343040,4136342784,58252032,16,4.5533572676626063e-08,4135321600.0,2.304052791952343e+18,31557.0,1.9041319772845409,1.925756708598528,bin_1
config_792,1088,12,8,0.0410772897303104,0.8530546426773071,0.90278160572052,0.2834625542163849,0.0009826133027672,32,5141.0,576801148251340800,336929280,231872384,8,0.0009826133027672,167116800.0,2.883444759785929e+17,2570.0,2.2159391749882307,2.238438363935127,bin_0
config_792,1088,12,8,0.0410772897303104,0.8530546426773071,0.90278160572052,0.2834625542163849,0.0009826133027672,32,5141.0,576801148251340800,336929280,231872384,8,2.76507518280428e-05,334233600.0,5.768011482513408e+17,5141.0,1.9803681223705167,2.00195451812666,bin_0
config_793,640,18,20,0.0016934552695602,0.9003567099571228,0.9365323781967164,0.2425736337900161,2.92265358439181e-05,64,25550.0,3431743092581990400,3348971520,123623680,8,2.92265358439181e-05,1592524800.0,1.6347454082119534e+18,12171.0,2.100494421798675,2.1229816624961915,bin_1
config_793,640,18,20,0.0016934552695602,0.9003567099571228,0.9365323781967164,0.2425736337900161,2.92265358439181e-05,64,25550.0,3431743092581990400,3348971520,123623680,8,5.659487334629937e-06,3191603200.0,3.269490816423907e+18,24342.0,1.8995412065552884,1.920633808648,bin_1
config_793,640,18,20,0.0016934552695602,0.9003567099571228,0.9365323781967164,0.2425736337900161,2.92265358439181e-05,64,25550.0,3431743092581990400,3348971520,123623680,8,0.0,3348889600.0,3.4317430925819904e+18,25550.0,1.8936527960417704,1.9145405361886885,bin_1
config_794,1024,8,16,0.0018637399189174,0.9555505514144896,0.9473907947540284,0.2794954776763916,0.0002012083859881,64,18973.0,2802225861856591872,2486907904,154261504,16,0.0002012083859881,1592524800.0,1.7976013790468864e+18,12171.0,1.7589193317929253,1.7776648664083636,bin_1
config_794,1024,8,16,0.0018637399189174,0.9555505514144896,0.9473907947540284,0.2794954776763916,0.0002012083859881,64,18973.0,2802225861856591872,2486907904,154261504,16,8.728390942525641e-07,2483814400.0,2.802225861856592e+18,18973.0,1.6639370652886687,1.681391287983441,bin_1
config_795,256,9,4,0.0036670686677098,0.951662540435791,0.9086677432060242,0.2303676754236221,3.003254278155509e-05,32,7978.0,94045996422807552,522899424,20543488,16,3.003254278155509e-05,262144000.0,4.702299821140378e+16,3989.0,3.0029612501332017,3.0351761077661985,bin_0
config_795,256,9,4,0.0036670686677098,0.951662540435791,0.9086677432060242,0.2303676754236221,3.003254278155509e-05,32,7978.0,94045996422807552,522899424,20543488,16,4.577633085920222e-07,521011200.0,9.404599642280755e+16,7978.0,2.7676337332021994,2.797099173186256,bin_0
config_796,1152,5,18,0.0326415598392486,0.9402592182159424,0.988722562789917,0.1145984902977943,3.6890349292662e-05,32,8731.0,553278004143685632,572259968,137558016,16,3.6890349292662e-05,285081600.0,2.7660731738485715e+17,4365.0,2.342839949287352,2.366233422912535,bin_0
config_796,1152,5,18,0.0326415598392486,0.9402592182159424,0.988722562789917,0.1145984902977943,3.6890349292662e-05,32,8731.0,553278004143685632,572259968,137558016,16,1.1436008280725217e-06,570163200.0,5.532780041436856e+17,8731.0,2.0897217936593977,2.1105449231335376,bin_0
config_797,768,13,6,0.0026751803234219,0.965923309326172,0.9239662885665894,0.2390543222427368,5.911618791287765e-05,32,9453.0,637571523852730368,619531712,130646016,8,5.911618791287765e-05,311296000.0,3.187520386890938e+17,4726.0,2.183001354600562,2.2053687520887038,bin_0
config_797,768,13,6,0.0026751803234219,0.965923309326172,0.9239662885665894,0.2390543222427368,5.911618791287765e-05,32,9453.0,637571523852730368,619531712,130646016,8,7.850755366916615e-08,619315200.0,6.375715238527304e+17,9453.0,1.9779253539491872,1.9985469691870643,bin_0
config_798,1088,24,8,0.0019967856351286,0.8185062408447266,0.956879496574402,0.2033477276563644,8.510197949362919e-05,32,6791.0,1377828445270192128,445083552,409042304,8,8.510197949362919e-05,222822400.0,6.888127774543222e+17,3395.0,2.118960060916963,2.140500514096901,bin_1
config_798,1088,24,8,0.0019967856351286,0.8185062408447266,0.956879496574402,0.2033477276563644,8.510197949362919e-05,32,6791.0,1377828445270192128,445083552,409042304,8,2.5283921443759315e-06,442368000.0,1.377828445270192e+18,6791.0,1.903556453595396,1.92394506346984,bin_1
config_8,320,12,8,0.0015598803292959,0.8480591177940369,0.9169910550117492,0.2757506668567657,0.0001402002963004,32,3331.0,63572866165370880,218333088,32808320,16,0.0001402002963004,108134400.0,3.177689047293381e+16,1665.0,2.775332695906554,2.80337430000825,bin_0
config_8,320,12,8,0.0015598803292959,0.8480591177940369,0.9169910550117492,0.2757506668567657,0.0001402002963004,32,3331.0,63572866165370880,218333088,32808320,16,4.734432663741151e-06,216268800.0,6.357286616537088e+16,3331.0,2.470488022940477,2.4951115893974425,bin_0
config_80,832,22,8,0.0021633363794535,0.9252657890319824,0.933542251586914,0.0254243742674589,0.0005315479356795,32,11342.0,1356949206745866240,743362880,229300864,8,0.0005315479356795,370278400.0,6.784746033729331e+17,5671.0,1.946799940124887,1.966787087760988,bin_1
config_80,832,22,8,0.0021633363794535,0.9252657890319824,0.933542251586914,0.0254243742674589,0.0005315479356795,32,11342.0,1356949206745866240,743362880,229300864,8,7.751740728660173e-05,740556800.0,1.3569492067458662e+18,11342.0,1.7928222759825283,1.81134417522149,bin_1
config_800,1088,21,16,0.0027792588807642,0.895333468914032,0.9379719495773317,0.0376054495573043,0.0002115823008352,64,8464.0,3050581318319849472,1109410944,364749824,8,0.0002115823008352,557056000.0,1.5252906591599247e+18,4232.0,1.8633440868385505,1.881855239711824,bin_1
config_800,1088,21,16,0.0027792588807642,0.895333468914032,0.9379719495773317,0.0376054495573043,0.0002115823008352,64,8464.0,3050581318319849472,1109410944,364749824,8,9.314944061930938e-06,1107558400.0,3.050581318319849e+18,8464.0,1.7086203904034662,1.7264679233167992,bin_1
config_801,704,11,4,0.0039491723291575,0.816459596157074,0.9689831733703612,0.1036526635289192,0.0014008216094225,64,18805.0,2018787438244921344,2464929792,104797440,16,0.0014008216094225,1592524800.0,1.3066026009507543e+18,12171.0,1.7567191983441837,1.7753605039784166,bin_1
config_801,704,11,4,0.0039491723291575,0.816459596157074,0.9689831733703612,0.1036526635289192,0.0014008216094225,64,18805.0,2018787438244921344,2464929792,104797440,16,3.5936932001605533e-06,2464153600.0,2.018787438244921e+18,18805.0,1.6643470514797774,1.6818164041003243,bin_1
config_802,704,22,16,0.0120765576139092,0.8215843439102173,0.9284685850143432,0.1703574359416961,1.948569479282014e-05,64,11836.0,2211820310682943488,1551459968,174199168,8,1.948569479282014e-05,773324800.0,1.1059101553414716e+18,5918.0,2.4846125372316017,2.512019502549875,bin_1
config_802,704,22,16,0.0120765576139092,0.8215843439102173,0.9284685850143432,0.1703574359416961,1.948569479282014e-05,64,11836.0,2211820310682943488,1551459968,174199168,8,3.47958835586072e-07,1546649600.0,2.2118203106829435e+18,11836.0,2.1704042515793787,2.1933181789663974,bin_1
config_804,1152,24,8,0.0034755002707242,0.8766075968742371,0.9155803322792052,0.0574495755136013,0.0043500280007719,64,14562.0,6337643612513107968,1908797952,440181504,8,0.0043500280007719,1592524800.0,5.297037522860668e+18,12171.0,2.903207021329786,2.9338961992192667,bin_2
config_804,1152,24,8,0.0034755002707242,0.8766075968742371,0.9155803322792052,0.0574495755136013,0.0043500280007719,64,14562.0,6337643612513107968,1908797952,440181504,8,6.244059331251672e-05,1907097600.0,6.337643612513108e+18,14562.0,2.768704276389347,2.798538489514087,bin_2
config_805,320,23,10,0.0183222070336341,0.8609092831611633,0.9392439126968384,0.245130181312561,4.010658449260518e-05,64,31123.0,1915707124797603840,4079483392,48134400,16,4.010658449260518e-05,1592524800.0,7.491588669444346e+17,12171.0,2.2224669760954185,2.2458576970022235,bin_1
config_805,320,23,10,0.0183222070336341,0.8609092831611633,0.9392439126968384,0.245130181312561,4.010658449260518e-05,64,31123.0,1915707124797603840,4079483392,48134400,16,3.560648797593589e-05,3191603200.0,1.498317733888869e+18,24342.0,2.0000435800239686,2.0226903417853057,bin_1
config_805,320,23,10,0.0183222070336341,0.8609092831611633,0.9392439126968384,0.245130181312561,4.010658449260518e-05,64,31123.0,1915707124797603840,4079483392,48134400,16,1.2091380827499273e-07,4076339200.0,1.915707124797604e+18,31123.0,1.946492784492305,1.96864741587248,bin_1
config_806,576,23,18,0.004852969199419,0.8105490207672119,0.9299166202545166,0.2766675949096679,3.0294369935290888e-05,64,22344.0,3071554931052085248,2928745728,120556800,8,3.0294369935290888e-05,1592524800.0,1.6731066535013844e+18,12171.0,2.10878690723513,2.1309722103251785,bin_1
config_806,576,23,18,0.004852969199419,0.8105490207672119,0.9299166202545166,0.2766675949096679,3.0294369935290888e-05,64,22344.0,3071554931052085248,2928745728,120556800,8,2.156531754008723e-07,2922905600.0,3.071554931052085e+18,22344.0,1.9332790064225431,1.954800051470272,bin_1
config_807,960,10,20,0.1145418211817741,0.824111819267273,0.9229976534843444,0.0250021759420633,0.0002024087589234,64,18877.0,2942154407722844160,2474317568,158878080,8,0.0002024087589234,1592524800.0,1.8969625097417352e+18,12171.0,1.7792279644872322,1.7982125594576852,bin_1
config_807,960,10,20,0.1145418211817741,0.824111819267273,0.9229976534843444,0.0250021759420633,0.0002024087589234,64,18877.0,2942154407722844160,2474317568,158878080,8,1.1603049874590464e-05,2470707200.0,2.942154407722844e+18,18877.0,1.6887644429675868,1.706146476835501,bin_1
config_809,640,18,20,0.0205130018293857,0.957073986530304,0.9193385243415833,0.2906400561332702,0.000108226246084,128,51514.0,13837946208335953920,13504183296,123623680,8,0.000108226246084,1599078400.0,1.6348515087924178e+18,6086.0,1.9103351252196263,1.9312822606719908,bin_2
config_809,640,18,20,0.0205130018293857,0.957073986530304,0.9193385243415833,0.2906400561332702,0.000108226246084,128,51514.0,13837946208335953920,13504183296,123623680,8,0.000108226246084,3185049600.0,3.269434392624469e+18,12171.0,1.7630019451946508,1.7826172215039613,bin_2
config_809,640,18,20,0.0205130018293857,0.957073986530304,0.9193385243415833,0.2906400561332702,0.000108226246084,128,51514.0,13837946208335953920,13504183296,123623680,8,0.000108226246084,4784128000.0,4.904285901416886e+18,18257.0,1.7048967701098958,1.721935127875844,bin_2
config_809,640,18,20,0.0205130018293857,0.957073986530304,0.9193385243415833,0.2906400561332702,0.000108226246084,128,51514.0,13837946208335953920,13504183296,123623680,8,0.000108226246084,6383206400.0,6.538868785248938e+18,24342.0,1.6701134146236982,1.6862876363660468,bin_2
config_809,640,18,20,0.0205130018293857,0.957073986530304,0.9193385243415833,0.2906400561332702,0.000108226246084,128,51514.0,13837946208335953920,13504183296,123623680,8,0.000108226246084,7982284800.0,8.173720294041356e+18,30428.0,1.6459964347471956,1.6621417928132856,bin_2
config_809,640,18,20,0.0205130018293857,0.957073986530304,0.9193385243415833,0.2906400561332702,0.000108226246084,128,51514.0,13837946208335953920,13504183296,123623680,8,0.000108226246084,9568256000.0,9.808571802833773e+18,36514.0,1.6287690980903438,1.6437452775728507,bin_2
config_809,640,18,20,0.0205130018293857,0.957073986530304,0.9193385243415833,0.2906400561332702,0.000108226246084,128,51514.0,13837946208335953920,13504183296,123623680,8,6.443553016253993e-05,11167334400.0,1.1443154686665824e+19,42599.0,1.600598560200363,1.6155586218833924,bin_2
config_809,640,18,20,0.0205130018293857,0.957073986530304,0.9193385243415833,0.2906400561332702,0.000108226246084,128,51514.0,13837946208335953920,13504183296,123623680,8,2.0341214031566895e-05,12766412800.0,1.3078006195458245e+19,48685.0,1.577975579177747,1.5923576017481382,bin_2
config_809,640,18,20,0.0205130018293857,0.957073986530304,0.9193385243415833,0.2906400561332702,0.000108226246084,128,51514.0,13837946208335953920,13504183296,123623680,8,1.0120006980878785e-07,13500416000.0,1.3837946208335954e+19,51514.0,1.5711380803780477,1.5855765011662342,bin_2
config_81,448,22,16,0.0030679898336529,0.9830925464630128,0.9499254822731018,0.0004522562085185,0.0045217392034828,64,12795.0,1191482990150369280,1677153920,78053248,8,0.0045217392034828,1592524800.0,1.1333754961406912e+18,12171.0,3.341091199976499,3.3746031193264194,bin_1
config_81,448,22,16,0.0030679898336529,0.9830925464630128,0.9499254822731018,0.0004522562085185,0.0045217392034828,64,12795.0,1191482990150369280,1677153920,78053248,8,0.0045217392034828,1671168000.0,1.1914829901503693e+18,12795.0,3.3181269273992444,3.350053400563412,bin_1
config_810,512,23,4,0.1391545087099075,0.910499393939972,0.9720612168312072,0.2741803228855133,7.927174010546878e-05,64,9201.0,1102517882093961216,1206065536,104146944,8,7.927174010546878e-05,602931200.0,5.5119902810914266e+17,4600.0,2.0911582684712333,2.112065375398417,bin_1
config_810,512,23,4,0.1391545087099075,0.910499393939972,0.9720612168312072,0.2741803228855133,7.927174010546878e-05,64,9201.0,1102517882093961216,1206065536,104146944,8,3.143209361834557e-08,1205862400.0,1.1025178820939612e+18,9201.0,1.8963907506622253,1.9161508842179036,bin_1
config_811,256,24,8,0.001409217598848,0.8570031523704529,0.9476889967918396,0.1867288649082183,0.0006193539011292,32,5365.0,123382551184588800,351613600,33330688,16,0.0006193539011292,176947200.0,6.167977675248222e+16,2682.0,2.368346522323421,2.390806709899277,bin_0
config_811,256,24,8,0.001409217598848,0.8570031523704529,0.9476889967918396,0.1867288649082183,0.0006193539011292,32,5365.0,123382551184588800,351613600,33330688,16,9.28102748944874e-06,350617600.0,1.233825511845888e+17,5365.0,2.098540482716482,2.1196860916888127,bin_0
config_812,320,18,8,0.0229967292398214,0.8856288194656372,0.9314915537834167,0.0170178115367889,3.151191776851192e-05,64,19711.0,1003716400684400640,2583603712,41168000,16,3.151191776851192e-05,1592524800.0,6.197672524341656e+17,12171.0,2.296987717464322,2.321070984895112,bin_0
config_812,320,18,8,0.0229967292398214,0.8856288194656372,0.9314915537834167,0.0170178115367889,3.151191776851192e-05,64,19711.0,1003716400684400640,2583603712,41168000,16,1.034719687921285e-06,2582118400.0,1.0037164006844006e+18,19711.0,2.1129610025296444,2.135758322027863,bin_0
config_813,960,23,10,0.1700346916913986,0.8750517964363098,0.905539333820343,0.279208093881607,0.000886476074811,64,20874.0,6452764431799910400,2736073472,302672640,8,0.000886476074811,1592524800.0,3.7624123742184873e+18,12171.0,1.757794599904389,1.775953537675201,bin_2
config_813,960,23,10,0.1700346916913986,0.8750517964363098,0.905539333820343,0.279208093881607,0.000886476074811,64,20874.0,6452764431799910400,2736073472,302672640,8,3.6505534995650902e-06,2732851200.0,6.45276443179991e+18,20874.0,1.584445027073876,1.600982408347677,bin_2
config_814,1088,21,8,0.134509727358818,0.9362145066261292,0.9350354671478271,0.0705396309494972,0.0001361849135719,64,39032.0,14067700336155230208,5116028416,364749824,8,0.0001361849135719,1592524800.0,4.3866053697311263e+18,12171.0,1.716284991932697,1.7341442672737308,bin_2
config_814,1088,21,8,0.134509727358818,0.9362145066261292,0.9350354671478271,0.0705396309494972,0.0001361849135719,64,39032.0,14067700336155230208,5116028416,364749824,8,0.0001361849135719,3191603200.0,8.773210739462253e+18,24342.0,1.628339343344579,1.6455501094607057,bin_2
config_814,1088,21,8,0.134509727358818,0.9362145066261292,0.9350354671478271,0.0705396309494972,0.0001361849135719,64,39032.0,14067700336155230208,5116028416,364749824,8,0.0001252525249415,4784128000.0,1.3160176523733658e+19,36514.0,1.586674811097442,1.601756935666819,bin_2
config_814,1088,21,8,0.134509727358818,0.9362145066261292,0.9350354671478271,0.0705396309494972,0.0001361849135719,64,39032.0,14067700336155230208,5116028416,364749824,8,1.58297029941937e-06,5111808000.0,1.406770033615523e+19,39032.0,1.5341765837200352,1.5485858619603954,bin_2
config_815,768,8,6,0.0681371614336967,0.8362150192260742,0.9428708553314208,0.0020836652256548,0.0043482943437993,128,59570.0,11281235682404597760,15616112640,95248896,16,0.0043482943437993,1599078400.0,1.1525533047358464e+18,6086.0,1.807688376043664,1.8270075808587625,bin_2
config_815,768,8,6,0.0681371614336967,0.8362150192260742,0.9428708553314208,0.0020836652256548,0.0043482943437993,128,59570.0,11281235682404597760,15616112640,95248896,16,0.0043482943437993,3185049600.0,2.3049172316694036e+18,12171.0,1.7617924409616188,1.7810014976438928,bin_2
config_815,768,8,6,0.0681371614336967,0.8362150192260742,0.9428708553314208,0.0020836652256548,0.0043482943437993,128,59570.0,11281235682404597760,15616112640,95248896,16,0.0043482943437993,4784128000.0,3.45747053640525e+18,18257.0,1.7475367087614342,1.764733834735683,bin_2
config_815,768,8,6,0.0681371614336967,0.8362150192260742,0.9428708553314208,0.0020836652256548,0.0043482943437993,128,59570.0,11281235682404597760,15616112640,95248896,16,0.0043482943437993,6383206400.0,4.609834463338807e+18,24342.0,1.7375323449197362,1.7547788872875152,bin_2
config_815,768,8,6,0.0681371614336967,0.8362150192260742,0.9428708553314208,0.0020836652256548,0.0043482943437993,128,59570.0,11281235682404597760,15616112640,95248896,16,0.0043482943437993,7982284800.0,5.762387768074653e+18,30428.0,1.7335363208270465,1.7506035104345103,bin_2
config_815,768,8,6,0.0681371614336967,0.8362150192260742,0.9428708553314208,0.0020836652256548,0.0043482943437993,128,59570.0,11281235682404597760,15616112640,95248896,16,0.0043482943437993,9568256000.0,6.9149410728105e+18,36514.0,1.7275644131566656,1.7445871795200911,bin_2
config_815,768,8,6,0.0681371614336967,0.8362150192260742,0.9428708553314208,0.0020836652256548,0.0043482943437993,128,59570.0,11281235682404597760,15616112640,95248896,16,0.0043482943437993,11167334400.0,8.067304999744057e+18,42599.0,1.7209211809908758,1.7382492303457415,bin_2
config_815,768,8,6,0.0681371614336967,0.8362150192260742,0.9428708553314208,0.0020836652256548,0.0043482943437993,128,59570.0,11281235682404597760,15616112640,95248896,16,0.0043482943437993,12766412800.0,9.219858304479904e+18,48685.0,1.720028898989568,1.736785312871464,bin_2
config_815,768,8,6,0.0681371614336967,0.8362150192260742,0.9428708553314208,0.0020836652256548,0.0043482943437993,128,59570.0,11281235682404597760,15616112640,95248896,16,0.0043482943437993,14352384000.0,1.037222223141346e+19,54770.0,1.7218524718675456,1.734943709256219,bin_2
config_815,768,8,6,0.0681371614336967,0.8362150192260742,0.9428708553314208,0.0020836652256548,0.0043482943437993,128,59570.0,11281235682404597760,15616112640,95248896,16,0.0007013377973869,15610675200.0,1.1281235682404598e+19,59570.0,1.6639703099844885,1.6761778271393697,bin_2
config_816,1088,23,16,0.0049761552363634,0.8059919476509094,0.9338050484657288,0.0092958034947514,0.000346931250533,32,6211.0,1213202060980899840,407066720,394278144,8,0.000346931250533,203161600.0,6.065033648922386e+17,3105.0,2.043002222268308,2.063666218382413,bin_1
config_816,1088,23,16,0.0049761552363634,0.8059919476509094,0.9338050484657288,0.0092958034947514,0.000346931250533,32,6211.0,1213202060980899840,407066720,394278144,8,6.695164483971894e-05,406323200.0,1.2132020609808998e+18,6211.0,1.8739473191050235,1.89353866682678,bin_1
config_817,640,4,10,0.014066812582314,0.9644613265991212,0.9039985537528992,0.0158556289970874,0.0007936750771477,32,7198.0,178275606368870400,471784352,52499200,16,0.0007936750771477,235929600.0,8.91378031844352e+16,3599.0,2.1888759811198124,2.2122615039153177,bin_0
config_817,640,4,10,0.014066812582314,0.9644613265991212,0.9039985537528992,0.0158556289970874,0.0007936750771477,32,7198.0,178275606368870400,471784352,52499200,16,0.0003341789798516,468582400.0,1.782756063688704e+17,7198.0,2.0243681055209675,2.046431483948817,bin_0
config_818,256,21,8,0.0028228198643773,0.8362492918968201,0.9356076717376708,0.2885521948337555,0.0010025925002992,128,43622.0,3621485517484326912,11435282432,30773248,16,0.0010025925002992,1599078400.0,5.052579170925132e+17,6086.0,1.8988817862995333,1.919353952837772,bin_1
config_818,256,21,8,0.0028228198643773,0.8362492918968201,0.9356076717376708,0.2885521948337555,0.0010025925002992,128,43622.0,3621485517484326912,11435282432,30773248,16,0.0010025925002992,3185049600.0,1.010432814481265e+18,12171.0,1.830091775362609,1.8497824660676423,bin_1
config_818,256,21,8,0.0028228198643773,0.8362492918968201,0.9356076717376708,0.2885521948337555,0.0010025925002992,128,43622.0,3621485517484326912,11435282432,30773248,16,0.0010025925002992,4784128000.0,1.5156907315737784e+18,18257.0,1.8034099701584363,1.8199899197406453,bin_1
config_818,256,21,8,0.0028228198643773,0.8362492918968201,0.9356076717376708,0.2885521948337555,0.0010025925002992,128,43622.0,3621485517484326912,11435282432,30773248,16,0.0010025925002992,6383206400.0,2.02086562896253e+18,24342.0,1.7867497278041526,1.803304113872716,bin_1
config_818,256,21,8,0.0028228198643773,0.8362492918968201,0.9356076717376708,0.2885521948337555,0.0010025925002992,128,43622.0,3621485517484326912,11435282432,30773248,16,0.0010025925002992,7982284800.0,2.526123546055043e+18,30428.0,1.7752287634474333,1.791725263517411,bin_1
config_818,256,21,8,0.0028228198643773,0.8362492918968201,0.9356076717376708,0.2885521948337555,0.0010025925002992,128,43622.0,3621485517484326912,11435282432,30773248,16,0.0005672887731096,9568256000.0,3.031381463147557e+18,36514.0,1.7459024470751403,1.7616141398226628,bin_1
config_818,256,21,8,0.0028228198643773,0.8362492918968201,0.9356076717376708,0.2885521948337555,0.0010025925002992,128,43622.0,3621485517484326912,11435282432,30773248,16,8.140538137012764e-05,11167334400.0,3.536556360536308e+18,42599.0,1.7165432386710997,1.7315071442088144,bin_1
config_818,256,21,8,0.0028228198643773,0.8362492918968201,0.9356076717376708,0.2885521948337555,0.0010025925002992,128,43622.0,3621485517484326912,11435282432,30773248,16,1.752366330863694e-06,11429478400.0,3.621485517484327e+18,43622.0,1.7131268881578914,1.7281800569862615,bin_1
config_819,640,11,4,0.0026054186746478,0.800910472869873,0.953665018081665,0.1349585056304931,0.004564297851175,32,10536.0,484250797010780160,690509056,88061440,16,0.004564297851175,344064000.0,2.4212539850539008e+17,5268.0,3.065154145584732,3.0961430345597813,bin_0
config_819,640,11,4,0.0026054186746478,0.800910472869873,0.953665018081665,0.1349585056304931,0.004564297851175,32,10536.0,484250797010780160,690509056,88061440,16,0.0001156331616061,688128000.0,4.8425079701078016e+17,10536.0,2.7925168089006767,2.8221656460058493,bin_0
config_82,1088,22,16,0.1696269363164901,0.8053778409957886,0.9304310083389282,0.2562511563301086,0.0005962852737866,64,15810.0,5937102649980518400,2072257280,379513984,8,0.0005387321900911,1592524800.0,4.570555114036236e+18,12171.0,1.700450352723481,1.7180886204711727,bin_2
config_82,1088,22,16,0.1696269363164901,0.8053778409957886,0.9304310083389282,0.2562511563301086,0.0005962852737866,64,15810.0,5937102649980518400,2072257280,379513984,8,1.4719458745658055e-06,2070937600.0,5.937102649980518e+18,15810.0,1.581710277580824,1.5981184005737306,bin_2
config_820,1088,22,16,0.0075764432549476,0.9349201321601868,0.9618345499038696,0.0701014846563339,2.6744990464067087e-05,64,43045.0,16164842713151569920,5642097664,379513984,8,2.6744990464067087e-05,1592524800.0,4.570619134899936e+18,12171.0,1.894837005744215,1.914444114360653,bin_2
config_820,1088,22,16,0.0075764432549476,0.9349201321601868,0.9618345499038696,0.0701014846563339,2.6744990464067087e-05,64,43045.0,16164842713151569920,5642097664,379513984,8,2.6744990464067087e-05,3191603200.0,9.141238269799873e+18,24342.0,1.7459115304516963,1.7647675332280457,bin_2
config_820,1088,22,16,0.0075764432549476,0.9349201321601868,0.9618345499038696,0.0701014846563339,2.6744990464067087e-05,64,43045.0,16164842713151569920,5642097664,379513984,8,2.6744990464067087e-05,4784128000.0,1.371223293827428e+19,36514.0,1.68007144892802,1.6969489089582788,bin_2
config_820,1088,22,16,0.0075764432549476,0.9349201321601868,0.9618345499038696,0.0701014846563339,2.6744990464067087e-05,64,43045.0,16164842713151569920,5642097664,379513984,8,3.989143423543311e-07,5636096000.0,1.616484271315157e+19,43045.0,1.634546158724144,1.6511017910574304,bin_2
config_821,960,20,16,0.0102004464715719,0.8224140405654907,0.977712333202362,0.0923461318016052,1.2624827832041774e-05,64,24192.0,6622824646827048960,3171002368,269489280,8,1.2624827832041774e-05,1592524800.0,3.331944393871197e+18,12171.0,2.1586273196290757,2.180752823352813,bin_2
config_821,960,20,16,0.0102004464715719,0.8224140405654907,0.977712333202362,0.0923461318016052,1.2624827832041774e-05,64,24192.0,6622824646827048960,3171002368,269489280,8,2.373512842192269e-07,3165388800.0,6.622824646827049e+18,24192.0,1.9296587989760228,1.9499783549934135,bin_2
config_822,896,23,14,0.0019574109464883,0.9072592258453368,0.95185649394989,0.2894245982170105,5.48382340639364e-05,128,48852.0,27783709868617629696,12806371328,277218816,8,5.48382340639364e-05,1599078400.0,3.461304721616452e+18,6086.0,1.9217234420580944,1.9421317013756172,bin_2
config_822,896,23,14,0.0019574109464883,0.9072592258453368,0.95185649394989,0.2894245982170105,5.48382340639364e-05,128,48852.0,27783709868617629696,12806371328,277218816,8,5.48382340639364e-05,3185049600.0,6.922040710942135e+18,12171.0,1.750594355825518,1.7697355755626178,bin_2
config_822,896,23,14,0.0019574109464883,0.9072592258453368,0.95185649394989,0.2894245982170105,5.48382340639364e-05,128,48852.0,27783709868617629696,12806371328,277218816,8,5.48382340639364e-05,4784128000.0,1.0383345432558586e+19,18257.0,1.6820114642283956,1.6984452389107376,bin_2
config_822,896,23,14,0.0019574109464883,0.9072592258453368,0.95185649394989,0.2894245982170105,5.48382340639364e-05,128,48852.0,27783709868617629696,12806371328,277218816,8,5.48382340639364e-05,6383206400.0,1.384408142188427e+19,24342.0,1.64038409215505,1.6557557642655294,bin_2
config_822,896,23,14,0.0019574109464883,0.9072592258453368,0.95185649394989,0.2894245982170105,5.48382340639364e-05,128,48852.0,27783709868617629696,12806371328,277218816,8,5.48382340639364e-05,7982284800.0,1.730538614350072e+19,30428.0,1.611227483573507,1.62615514661445,bin_2
config_822,896,23,14,0.0019574109464883,0.9072592258453368,0.95185649394989,0.2894245982170105,5.48382340639364e-05,128,48852.0,27783709868617629696,12806371328,277218816,8,4.791072762468117e-05,9568256000.0,2.076669086511717e+19,36514.0,1.584154584153754,1.599687608890846,bin_2
config_822,896,23,14,0.0019574109464883,0.9072592258453368,0.95185649394989,0.2894245982170105,5.48382340639364e-05,128,48852.0,27783709868617629696,12806371328,277218816,8,2.4250151320394e-05,11167334400.0,2.4227426854442856e+19,42599.0,1.5559609700617243,1.5707156161597515,bin_2
config_822,896,23,14,0.0019574109464883,0.9072592258453368,0.95185649394989,0.2894245982170105,5.48382340639364e-05,128,48852.0,27783709868617629696,12806371328,277218816,8,5.895750161068297e-07,12766412800.0,2.768873157605931e+19,48685.0,1.537703583631359,1.5519681451946008,bin_2
config_822,896,23,14,0.0019574109464883,0.9072592258453368,0.95185649394989,0.2894245982170105,5.48382340639364e-05,128,48852.0,27783709868617629696,12806371328,277218816,8,7.757566001407527e-09,12805734400.0,2.778370986861763e+19,48852.0,1.537608477678455,1.5518796510970003,bin_2
config_823,832,18,16,0.1077295020222663,0.8407419919967651,0.9271214604377748,0.0161154102534055,0.0015960815362632,64,23537.0,4748402071631462400,3085063936,195215488,8,0.0015960815362632,1592524800.0,2.455402201377683e+18,12171.0,1.7743626760263913,1.792051426543564,bin_1
config_823,832,18,16,0.1077295020222663,0.8407419919967651,0.9271214604377748,0.0161154102534055,0.0015960815362632,64,23537.0,4748402071631462400,3085063936,195215488,8,0.0001558179863898,3080192000.0,4.748402071631462e+18,23537.0,1.654894813181924,1.6722302787225751,bin_1
config_825,448,5,14,0.1255468726158142,0.9168097972869872,0.9209222793579102,0.0926535874605178,3.110418765572831e-05,64,18013.0,627771221937979392,2361028352,35144704,16,3.110418765572831e-05,1592524800.0,4.241716283910036e+17,12171.0,2.294022578958605,2.317702616394543,bin_0
config_825,448,5,14,0.1255468726158142,0.9168097972869872,0.9209222793579102,0.0926535874605178,3.110418765572831e-05,64,18013.0,627771221937979392,2361028352,35144704,16,2.424187287316965e-07,2359296000.0,6.277712219379794e+17,18013.0,2.172465057724812,2.1953257273064284,bin_0
config_826,320,17,16,0.0011291558621451,0.903867483139038,0.93341326713562,0.2536405920982361,0.000354524992872,64,60232.0,2939051637280604160,7894849536,39774720,16,0.000354524992872,1592524800.0,5.938902489929312e+17,12171.0,1.8974417333915583,1.9184407984233292,bin_1
config_826,320,17,16,0.0011291558621451,0.903867483139038,0.93341326713562,0.2536405920982361,0.000354524992872,64,60232.0,2939051637280604160,7894849536,39774720,16,0.000354524992872,3191603200.0,1.1877804979858624e+18,24342.0,1.8281035381457844,1.8484335806721544,bin_1
config_826,320,17,16,0.0011291558621451,0.903867483139038,0.93341326713562,0.2536405920982361,0.000354524992872,64,60232.0,2939051637280604160,7894849536,39774720,16,0.000354524992872,4784128000.0,1.7817195424967455e+18,36514.0,1.8019919695228828,1.820620403680645,bin_1
config_826,320,17,16,0.0011291558621451,0.903867483139038,0.93341326713562,0.2536405920982361,0.000354524992872,64,60232.0,2939051637280604160,7894849536,39774720,16,0.0002676168238397,6383206400.0,2.375609791489677e+18,48685.0,1.7721890940431688,1.790375512076206,bin_1
config_826,320,17,16,0.0011291558621451,0.903867483139038,0.93341326713562,0.2536405920982361,0.000354524992872,64,60232.0,2939051637280604160,7894849536,39774720,16,7.426065177655638e-07,7890534400.0,2.939051637280604e+18,60232.0,1.7229588563324976,1.740506926012821,bin_1
config_827,256,17,16,0.0039818827062845,0.8070783615112305,0.912441611289978,0.1767237186431884,1.9762203010031957e-05,32,13702.0,243440469669150720,898036032,27363328,16,1.9762203010031957e-05,448921600.0,1.2172023483457536e+17,6851.0,2.9736459202844587,3.0052525994035064,bin_0
config_827,256,17,16,0.0039818827062845,0.8070783615112305,0.912441611289978,0.1767237186431884,1.9762203010031957e-05,32,13702.0,243440469669150720,898036032,27363328,16,1.6325653044221842e-08,897843200.0,2.4344046966915072e+17,13702.0,2.7613025365892003,2.790354748553917,bin_0
config_828,256,13,16,0.1670511215925216,0.8317388296127319,0.9187300205230712,0.2056170403957367,7.726515468675643e-05,32,7020.0,103739001960824832,460105408,23953408,16,7.726515468675643e-05,229376000.0,5.186950098041242e+16,3510.0,2.819536486062847,2.8486337184124304,bin_0
config_828,256,13,16,0.1670511215925216,0.8317388296127319,0.9187300205230712,0.2056170403957367,7.726515468675643e-05,32,7020.0,103739001960824832,460105408,23953408,16,1.0708961148545634e-06,458752000.0,1.0373900196082483e+17,7020.0,2.5826925311323072,2.6103313237330954,bin_0
config_829,512,13,8,0.0044736028648912,0.91437828540802,0.9500446915626526,0.2890263497829437,4.615275611286052e-05,64,7699.0,589179344850911232,1009140352,70057984,16,4.615275611286052e-05,504627200.0,2.945514090571707e+17,3849.0,2.4014335712839348,2.426217152759677,bin_0
config_829,512,13,8,0.0044736028648912,0.91437828540802,0.9500446915626526,0.2890263497829437,4.615275611286052e-05,64,7699.0,589179344850911232,1009140352,70057984,16,1.0163977750697373e-06,1002700800.0,5.891793448509112e+17,7699.0,2.157762383828397,2.180471919872722,bin_0
config_83,512,5,16,0.0590814463794231,0.9042879939079284,0.9319843649864196,0.290659636259079,0.0019917532335966,32,11867.0,248561301579300864,777722176,42786816,16,0.0019917532335966,389939200.0,1.2427017799528035e+17,5933.0,2.0707073937869462,2.092938620770564,bin_0
config_83,512,5,16,0.0590814463794231,0.9042879939079284,0.9319843649864196,0.290659636259079,0.0019917532335966,32,11867.0,248561301579300864,777722176,42786816,16,9.817281812451051e-06,776601600.0,2.4856130157930086e+17,11867.0,1.886267758353812,1.906753520809236,bin_0
config_830,960,21,16,0.0847128704190254,0.8358458280563354,0.952652871608734,0.2655577957630157,0.0012281835079193,64,13599.0,3883085548650823680,1782452736,280550400,8,0.0004928379681459,1592524800.0,3.4753315841333315e+18,12171.0,1.6579914377165623,1.6754107610905755,bin_1
config_830,960,21,16,0.0847128704190254,0.8358458280563354,0.952652871608734,0.2655577957630157,0.0012281835079193,64,13599.0,3883085548650823680,1782452736,280550400,8,1.666601824648205e-05,1776025600.0,3.883085548650824e+18,13599.0,1.6134055800516098,1.6302525562731949,bin_1
config_831,640,23,10,0.0346257872879505,0.8711721301078796,0.9109623432159424,0.2973773777484894,0.0001877725153462,64,16328.0,2687544115969228800,2140224640,149025280,8,0.0001615887886955,1592524800.0,2.0033132922257157e+18,12171.0,1.76596634473957,1.784930486405482,bin_1
config_831,640,23,10,0.0346257872879505,0.8711721301078796,0.9109623432159424,0.2973773777484894,0.0001877725153462,64,16328.0,2687544115969228800,2140224640,149025280,8,1.082931087476068e-06,2136473600.0,2.687544115969229e+18,16328.0,1.6961279193299716,1.7144314275608687,bin_1
config_832,1152,21,16,0.0027200384065508,0.9778120517730712,0.9764432311058044,0.0981924757361412,0.0083369454368948,32,4746.0,917170078435319808,311048672,392398848,8,0.0083369454368948,154009600.0,4.585850392176599e+17,2373.0,3.5420607866615548,3.575210847346509,bin_0
config_832,1152,21,16,0.0027200384065508,0.9778120517730712,0.9764432311058044,0.0981924757361412,0.0083369454368948,32,4746.0,917170078435319808,311048672,392398848,8,0.0008229602791784,308019200.0,9.171700784353198e+17,4746.0,3.358053698031629,3.3925827294099524,bin_0
config_833,960,8,6,0.0750849843025207,0.9121943712234496,0.9117282032966614,0.0657769441604614,0.0049976115114986,32,13238.0,875538781175808000,867573760,136755840,16,0.0049976115114986,432537600.0,4.37769390587904e+17,6619.0,3.311763063493322,3.3466214843656195,bin_0
config_833,960,8,6,0.0750849843025207,0.9121943712234496,0.9117282032966614,0.0657769441604614,0.0049976115114986,32,13238.0,875538781175808000,867573760,136755840,16,0.0002182864798125,865075200.0,8.75538781175808e+17,13238.0,3.2876676048997973,3.321860240326553,bin_0
config_834,704,12,4,0.0010733114322647,0.8975350260734558,0.9339416027069092,0.0153088513761758,4.3886360799660906e-05,32,12770.0,731621900578111488,836949888,111106688,16,4.3886360799660906e-05,419430400.0,3.658109502890557e+17,6385.0,2.214141109771416,2.2367808463925223,bin_0
config_834,704,12,4,0.0010733114322647,0.8975350260734558,0.9339416027069092,0.0153088513761758,4.3886360799660906e-05,32,12770.0,731621900578111488,836949888,111106688,16,4.501165210221632e-06,835584000.0,7.316219005781115e+17,12770.0,2.0062047794998668,2.027376985667182,bin_0
config_835,320,9,10,0.1795784682035446,0.9526937007904052,0.9775941967964172,0.1582572609186172,2.2098469344200566e-05,64,14662.0,466083207464140800,1921887360,28628480,16,2.2098469344200566e-05,1592524800.0,3.8689801650839296e+17,12171.0,2.526377893119562,2.5533119659736507,bin_0
config_835,320,9,10,0.1795784682035446,0.9526937007904052,0.9775941967964172,0.1582572609186172,2.2098469344200566e-05,64,14662.0,466083207464140800,1921887360,28628480,16,1.1430242764241725e-07,1920204800.0,4.660832074641408e+17,14662.0,2.457218330140974,2.483104928985971,bin_0
config_836,896,23,16,0.1070315092802047,0.8290570378303528,0.934297263622284,0.1654037535190582,0.0002067174791591,32,5565.0,791368678965731328,364766304,277218816,8,0.0002067174791591,183500800.0,3.9561323717568096e+17,2782.0,2.155032302277987,2.1759407066712613,bin_0
config_836,896,23,16,0.1070315092802047,0.8290570378303528,0.934297263622284,0.1654037535190582,0.0002067174791591,32,5565.0,791368678965731328,364766304,277218816,8,3.37039368194226e-06,363724800.0,7.913686789657313e+17,5565.0,1.9178684820112637,1.9374603270311823,bin_0
config_837,384,14,12,0.0013122637756168,0.9629726409912108,0.9055152535438538,0.2840442061424255,7.151019963202998e-05,64,23123.0,1201998252213338112,3030799616,44090112,16,7.151019963202998e-05,1592524800.0,6.326826418582597e+17,12171.0,2.0159993075151914,2.037137840302264,bin_1
config_837,384,14,12,0.0013122637756168,0.9629726409912108,0.9055152535438538,0.2840442061424255,7.151019963202998e-05,64,23123.0,1201998252213338112,3030799616,44090112,16,2.504544832551676e-07,3027763200.0,1.201998252213338e+18,23123.0,1.8856289948010052,1.9062346897359757,bin_1
config_838,576,22,6,0.1472525745630264,0.9792854189872742,0.9204189777374268,0.2921558320522308,0.0007754227262921,32,8901.0,589626625429610496,583374272,116574336,8,0.0007754227262921,291635200.0,2.947801913449912e+17,4450.0,2.1495620388672,2.170043051340541,bin_0
config_838,576,22,6,0.1472525745630264,0.9792854189872742,0.9204189777374268,0.2921558320522308,0.0007754227262921,32,8901.0,589626625429610496,583374272,116574336,8,2.982395101124025e-07,583270400.0,5.896266254296105e+17,8901.0,1.8905081042500795,1.909231624583729,bin_0
config_839,640,4,10,0.0018428824841976,0.8959278464317322,0.9306908845901488,0.1034510359168052,2.813273567880969e-05,64,44403.0,2199245369062195200,5820030976,52499200,16,2.813273567880969e-05,1592524800.0,6.028199758317226e+17,12171.0,2.2235435134856427,2.246925509640428,bin_1
config_839,640,4,10,0.0018428824841976,0.8959278464317322,0.9306908845901488,0.1034510359168052,2.813273567880969e-05,64,44403.0,2199245369062195200,5820030976,52499200,16,2.813273567880969e-05,3191603200.0,1.2056399516634452e+18,24342.0,2.046110922078617,2.068312440778388,bin_1
config_839,640,4,10,0.0018428824841976,0.8959278464317322,0.9306908845901488,0.1034510359168052,2.813273567880969e-05,64,44403.0,2199245369062195200,5820030976,52499200,16,2.813273567880969e-05,4784128000.0,1.8085094567019569e+18,36514.0,1.9737685619416785,1.994206537027828,bin_1
config_839,640,4,10,0.0018428824841976,0.8959278464317322,0.9306908845901488,0.1034510359168052,2.813273567880969e-05,64,44403.0,2199245369062195200,5820030976,52499200,16,1.837539887577491e-08,5819596800.0,2.1992453690621952e+18,44403.0,1.9356311468609044,1.9557562367251664,bin_1
config_84,896,6,14,0.0275354739278554,0.8049829006195068,0.9204747676849364,0.2789964377880096,0.0005907823215238,32,5432.0,272602828908232704,355998592,105615104,16,0.0005907823215238,176947200.0,1.3630141445411635e+17,2716.0,2.1264096426182104,2.148420081568546,bin_0
config_84,896,6,14,0.0275354739278554,0.8049829006195068,0.9204747676849364,0.2789964377880096,0.0005907823215238,32,5432.0,272602828908232704,355998592,105615104,16,1.2478570487633057e-05,353894400.0,2.726028289082327e+17,5432.0,1.9308803870248008,1.9504199302782776,bin_0
config_840,1088,22,4,0.0020387859549373,0.97098046541214,0.940375566482544,0.0034932375419884,0.0006626968388445,64,57708.0,21671089362005852160,7563971072,379513984,8,0.0006626968388445,1592524800.0,4.570576499358377e+18,12171.0,1.681501296074664,1.6977049079879385,bin_2
config_840,1088,22,4,0.0020387859549373,0.97098046541214,0.940375566482544,0.0034932375419884,0.0006626968388445,64,57708.0,21671089362005852160,7563971072,379513984,8,0.0006626968388445,3191603200.0,9.141152998716754e+18,24342.0,1.6001621038405622,1.6158474723628309,bin_2
config_840,1088,22,4,0.0020387859549373,0.97098046541214,0.940375566482544,0.0034932375419884,0.0006626968388445,64,57708.0,21671089362005852160,7563971072,379513984,8,0.0006626968388445,4784128000.0,1.371210502814656e+19,36514.0,1.564195280915401,1.577101191849005,bin_2
config_840,1088,22,4,0.0020387859549373,0.97098046541214,0.940375566482544,0.0034932375419884,0.0006626968388445,64,57708.0,21671089362005852160,7563971072,379513984,8,0.0006626968388445,6383206400.0,1.8282681527504937e+19,48685.0,1.539100362863697,1.5514459384855677,bin_2
config_840,1088,22,4,0.0020387859549373,0.97098046541214,0.940375566482544,0.0034932375419884,0.0006626968388445,64,57708.0,21671089362005852160,7563971072,379513984,8,2.637599358585338e-05,7562854400.0,2.167108936200585e+19,57708.0,1.509401080412943,1.5214134978466347,bin_2
config_842,384,9,16,0.0203765053302049,0.9526320099830629,0.9050393104553224,0.2097041606903076,6.883643072796986e-05,64,9954.0,386613557087404032,1304697216,35238912,16,6.883643072796986e-05,655360000.0,1.93306778543702e+17,4977.0,2.362728654791097,2.386754527365575,bin_0
config_842,384,9,16,0.0203765053302049,0.9526320099830629,0.9050393104553224,0.2097041606903076,6.883643072796986e-05,64,9954.0,386613557087404032,1304697216,35238912,16,1.3193374360895196e-07,1304166400.0,3.86613557087404e+17,9954.0,2.1275057616390165,2.149924394693531,bin_0
config_843,896,23,16,0.0358148403465747,0.8371454477310181,0.9861075282096864,0.1108349934220314,2.6157154934480783e-05,64,26201.0,7450776239602139136,3434293248,277218816,8,2.6157154934480783e-05,1592524800.0,3.4610662803785216e+18,12171.0,1.9471252040003169,1.967178545174052,bin_2
config_843,896,23,16,0.0358148403465747,0.8371454477310181,0.9861075282096864,0.1108349934220314,2.6157154934480783e-05,64,26201.0,7450776239602139136,3434293248,277218816,8,1.6678227276515308e-05,3191603200.0,6.922132560757043e+18,24342.0,1.7759211321736943,1.7952853064263454,bin_2
config_843,896,23,16,0.0358148403465747,0.8371454477310181,0.9861075282096864,0.1108349934220314,2.6157154934480783e-05,64,26201.0,7450776239602139136,3434293248,277218816,8,9.010387507571709e-09,3434086400.0,7.450776239602139e+18,26201.0,1.7527804539829004,1.7717947443782307,bin_2
config_844,320,10,10,0.0021625608205795,0.9166408181190492,0.9787253141403198,0.1275638937950134,3.080590977333486e-05,128,44323.0,3006262868781957120,11619150848,30021760,16,3.080590977333486e-05,1599078400.0,4.12790556131286e+17,6086.0,2.6676439649550643,2.6962801783983825,bin_1
config_844,320,10,10,0.0021625608205795,0.9166408181190492,0.9787253141403198,0.1275638937950134,3.080590977333486e-05,128,44323.0,3006262868781957120,11619150848,30021760,16,3.080590977333486e-05,3185049600.0,8.255132860127969e+17,12171.0,2.3000497946973706,2.324454918923925,bin_1
config_844,320,10,10,0.0021625608205795,0.9166408181190492,0.9787253141403198,0.1275638937950134,3.080590977333486e-05,128,44323.0,3006262868781957120,11619150848,30021760,16,3.080590977333486e-05,4784128000.0,1.238303842144083e+18,18257.0,2.148243959888083,2.170715235960288,bin_1
config_844,320,10,10,0.0021625608205795,0.9166408181190492,0.9787253141403198,0.1275638937950134,3.080590977333486e-05,128,44323.0,3006262868781957120,11619150848,30021760,16,3.080590977333486e-05,6383206400.0,1.651026572025594e+18,24342.0,2.064403253422409,2.086420733186065,bin_1
config_844,320,10,10,0.0021625608205795,0.9166408181190492,0.9787253141403198,0.1275638937950134,3.080590977333486e-05,128,44323.0,3006262868781957120,11619150848,30021760,16,3.080590977333486e-05,7982284800.0,2.06381712815688e+18,30428.0,2.0105689582277515,2.0322196003648103,bin_1
config_844,320,10,10,0.0021625608205795,0.9166408181190492,0.9787253141403198,0.1275638937950134,3.080590977333486e-05,128,44323.0,3006262868781957120,11619150848,30021760,16,3.080590977333486e-05,9568256000.0,2.476607684288166e+18,36514.0,1.972979064534922,1.9944681398985813,bin_1
config_844,320,10,10,0.0021625608205795,0.9166408181190492,0.9787253141403198,0.1275638937950134,3.080590977333486e-05,128,44323.0,3006262868781957120,11619150848,30021760,16,9.387793162266707e-06,11167334400.0,2.889330414169677e+18,42599.0,1.941030752971524,1.9617801222254017,bin_1
config_844,320,10,10,0.0021625608205795,0.9166408181190492,0.9787253141403198,0.1275638937950134,3.080590977333486e-05,128,44323.0,3006262868781957120,11619150848,30021760,16,1.2531586925835117e-07,11612979200.0,3.006262868781957e+18,44323.0,1.9355745994458435,1.9561212363790288,bin_1
config_845,320,12,16,0.0012124730274081,0.8600640892982483,0.9920790195465088,0.2238373756408691,7.517202902818099e-05,32,3347.0,63882088039710720,219395072,32808320,16,7.517202902818099e-05,108134400.0,3.1931500833712588e+16,1673.0,2.945536753857722,2.976247857984949,bin_0
config_845,320,12,16,0.0012124730274081,0.8600640892982483,0.9920790195465088,0.2238373756408691,7.517202902818099e-05,32,3347.0,63882088039710720,219395072,32808320,16,4.717069912315767e-06,216268800.0,6.388208803971072e+16,3347.0,2.70083833616288,2.729209412199552,bin_0
config_846,448,16,14,0.0079101072624325,0.9721585512161256,0.9414173364639282,0.0422329902648925,0.0001702709269011,32,4258.0,154487730361036800,279097312,62909056,16,0.0001702709269011,140902400.0,7.72438651805184e+16,2129.0,2.718725380350332,2.747791077426222,bin_0
config_846,448,16,14,0.0079101072624325,0.9721585512161256,0.9414173364639282,0.0422329902648925,0.0001702709269011,32,4258.0,154487730361036800,279097312,62909056,16,7.609873827983877e-06,278528000.0,1.544877303610368e+17,4258.0,2.2712292974894166,2.2934438182096013,bin_0
config_847,960,9,16,0.0333090536296367,0.8141725063323975,0.9224276542663574,0.1226493939757347,0.0002434099296806,64,36254.0,5222962898719211520,4751910912,147816960,16,0.0002434099296806,1592524800.0,1.7534253169391386e+18,12171.0,1.7826173232813352,1.8007710957136311,bin_1
config_847,960,9,16,0.0333090536296367,0.8141725063323975,0.9224276542663574,0.1226493939757347,0.0002434099296806,64,36254.0,5222962898719211520,4751910912,147816960,16,0.0002434099296806,3191603200.0,3.506850633878277e+18,24342.0,1.7071402077987543,1.7247822002504694,bin_1
config_847,960,9,16,0.0333090536296367,0.8141725063323975,0.9224276542663574,0.1226493939757347,0.0002434099296806,64,36254.0,5222962898719211520,4751910912,147816960,16,2.189922894113008e-07,4751360000.0,5.222962898719212e+18,36254.0,1.620474799148372,1.6357186545309472,bin_1
config_848,832,24,4,0.0015991409309208,0.9802007079124452,0.9915732145309448,0.2937045395374298,0.0005232234252616,64,18043.0,4655583975076429824,2364980992,246343552,8,0.0005232234252616,1592524800.0,3.140448515249971e+18,12171.0,1.694859520275085,1.7129026685777258,bin_1
config_848,832,24,4,0.0015991409309208,0.9802007079124452,0.9915732145309448,0.2937045395374298,0.0005232234252616,64,18043.0,4655583975076429824,2364980992,246343552,8,4.245821341055333e-06,2359296000.0,4.65558397507643e+18,18043.0,1.6038808503111854,1.6204436226750984,bin_1
config_849,768,16,16,0.0510908588767051,0.8278485536575317,0.9185489416122437,0.0603499375283718,0.0038360538892447,64,15367.0,2443599380668022784,2014270592,151884288,8,0.0038360538892447,1592524800.0,1.935384138876196e+18,12171.0,3.1284728974983342,3.156971046690081,bin_1
config_849,768,16,16,0.0510908588767051,0.8278485536575317,0.9185489416122437,0.0603499375283718,0.0038360538892447,64,15367.0,2443599380668022784,2014270592,151884288,8,7.034834532595666e-05,2011955200.0,2.443599380668023e+18,15367.0,2.8538008470613447,2.883936746589473,bin_1
config_850,1024,18,16,0.0230030640959739,0.9486483335494996,0.9704769253730774,0.265203058719635,0.0078291734680533,32,3080.0,433948020825489408,201915856,282732544,8,0.0078291734680533,101580800.0,2.169740104127447e+17,1540.0,3.4847484580024344,3.5188946712212483,bin_0
config_850,1024,18,16,0.0230030640959739,0.9486483335494996,0.9704769253730774,0.265203058719635,0.0078291734680533,32,3080.0,433948020825489408,201915856,282732544,8,0.0002878372598549,199884800.0,4.339480208254894e+17,3080.0,3.3280104053997603,3.3616805713684834,bin_0
config_851,384,9,12,0.0109363188967108,0.9020748138427734,0.9194850325584412,0.1008998602628707,0.0089497957378625,128,55614.0,4320093402719059968,14578934784,35238912,16,0.0089497957378625,1599078400.0,4.727602482998561e+17,6086.0,1.8596488424989044,1.879346848589475,bin_1
config_851,384,9,12,0.0109363188967108,0.9020748138427734,0.9194850325584412,0.1008998602628707,0.0089497957378625,128,55614.0,4320093402719059968,14578934784,35238912,16,0.0089497957378625,3185049600.0,9.454428166377832e+17,12171.0,1.8147904084940425,1.8339329810220688,bin_1
config_851,384,9,12,0.0109363188967108,0.9020748138427734,0.9194850325584412,0.1008998602628707,0.0089497957378625,128,55614.0,4320093402719059968,14578934784,35238912,16,0.0089497957378625,4784128000.0,1.4182030649376394e+18,18257.0,1.7998666407241195,1.817714366834672,bin_1
config_851,384,9,12,0.0109363188967108,0.9020748138427734,0.9194850325584412,0.1008998602628707,0.0089497957378625,128,55614.0,4320093402719059968,14578934784,35238912,16,0.0089497957378625,6383206400.0,1.8908856332755663e+18,24342.0,1.79145833273403,1.8091127394457327,bin_1
config_851,384,9,12,0.0109363188967108,0.9020748138427734,0.9194850325584412,0.1008998602628707,0.0089497957378625,128,55614.0,4320093402719059968,14578934784,35238912,16,0.0089497957378625,7982284800.0,2.363645881575423e+18,30428.0,1.7869716160414648,1.8043168137894303,bin_1
config_851,384,9,12,0.0109363188967108,0.9020748138427734,0.9194850325584412,0.1008998602628707,0.0089497957378625,128,55614.0,4320093402719059968,14578934784,35238912,16,0.0089497957378625,9568256000.0,2.836406129875279e+18,36514.0,1.7818972421474144,1.7992292982632996,bin_1
config_851,384,9,12,0.0109363188967108,0.9020748138427734,0.9194850325584412,0.1008998602628707,0.0089497957378625,128,55614.0,4320093402719059968,14578934784,35238912,16,0.0089497957378625,11167334400.0,3.309088698213206e+18,42599.0,1.7777570371158788,1.7952196696156362,bin_1
config_851,384,9,12,0.0109363188967108,0.9020748138427734,0.9194850325584412,0.1008998602628707,0.0089497957378625,128,55614.0,4320093402719059968,14578934784,35238912,16,0.0089497957378625,12766412800.0,3.781848946513062e+18,48685.0,1.775135968005071,1.7924007577192589,bin_1
config_851,384,9,12,0.0109363188967108,0.9020748138427734,0.9194850325584412,0.1008998602628707,0.0089497957378625,128,55614.0,4320093402719059968,14578934784,35238912,16,0.0013781186094302,14352384000.0,4.254531514850989e+18,54770.0,1.6984163565323,1.7137736626922109,bin_1
config_851,384,9,12,0.0109363188967108,0.9020748138427734,0.9194850325584412,0.1008998602628707,0.0089497957378625,128,55614.0,4320093402719059968,14578934784,35238912,16,2.2330625615768485e-05,14575206400.0,4.32009340271906e+18,55614.0,1.6862250605567557,1.700853389403859,bin_1
config_852,1088,24,16,0.0212449170649051,0.9648943543434144,0.9210118651390076,0.1633742451667785,0.0034211166203022,32,14243.0,2889629633331191808,933444672,409042304,8,0.0034211166203022,465305600.0,1.4447133763218012e+18,7121.0,3.372034552644511,3.4067160887796373,bin_1
config_852,1088,24,16,0.0212449170649051,0.9648943543434144,0.9210118651390076,0.1633742451667785,0.0034211166203022,32,14243.0,2889629633331191808,933444672,409042304,8,6.324506219819231e-05,930611200.0,2.889629633331192e+18,14243.0,3.2309147040961217,3.26389797699256,bin_1
config_853,640,16,20,0.0465304031968116,0.8444250226020813,0.9500477910041808,0.297003298997879,0.0001615055080037,32,13540.0,827351490741780480,887421248,113463040,8,0.0001615055080037,442368000.0,4.1367574537089024e+17,6770.0,2.0185077202124675,2.0403173824411924,bin_0
config_853,640,16,20,0.0465304031968116,0.8444250226020813,0.9500477910041808,0.297003298997879,0.0001615055080037,32,13540.0,827351490741780480,887421248,113463040,8,1.6066203233400288e-06,884736000.0,8.273514907417805e+17,13540.0,1.8480777530982848,1.8683971668266857,bin_0
config_854,704,10,16,0.0731623247265815,0.9298010468482972,0.973181962966919,0.2365819960832595,0.0013975796755403,64,17934.0,1795624452135714816,2350738432,98488192,16,0.0013975796755403,1592524800.0,1.218609635716727e+18,12171.0,1.7665959458272966,1.785467174561297,bin_1
config_854,704,10,16,0.0731623247265815,0.9298010468482972,0.973181962966919,0.2365819960832595,0.0013975796755403,64,17934.0,1795624452135714816,2350738432,98488192,16,1.1201723000558907e-05,2346188800.0,1.7956244521357148e+18,17934.0,1.6464904118365928,1.6640594385881893,bin_1
config_856,896,15,8,0.0048650568351149,0.9370373487472534,0.9939780831336976,0.1089411750435829,0.0016930588753893,32,4818.0,476531280149299200,315809600,196464128,8,0.0016930588753893,157286400.0,2.382656400746496e+17,2409.0,3.1554563430879936,3.1860002407089607,bin_0
config_856,896,15,8,0.0048650568351149,0.9370373487472534,0.9939780831336976,0.1089411750435829,0.0016930588753893,32,4818.0,476531280149299200,315809600,196464128,8,5.815851098665858e-05,314572800.0,4.765312801492992e+17,4818.0,3.058411717102176,3.0907719897833026,bin_0
config_857,576,4,6,0.0086079770699143,0.9116896390914916,0.9387863874435424,0.1329070925712585,0.0034279897809028,64,15997.0,683441509315166208,2096884352,44889984,16,0.0034279897809028,1592524800.0,5.199829099127892e+17,12171.0,1.8731394336262688,1.8931034593894835,bin_0
config_857,576,4,6,0.0086079770699143,0.9116896390914916,0.9387863874435424,0.1329070925712585,0.0034279897809028,64,15997.0,683441509315166208,2096884352,44889984,16,7.578340531629079e-05,2090598400.0,6.834415093151662e+17,15997.0,1.790793927497551,1.8102237840167807,bin_0
config_858,640,6,20,0.004815568216145,0.8438918590545654,0.9528566002845764,0.176015630364418,0.0001760332961566,64,28809.0,1775866142443438080,3776181248,62659840,16,0.0001760332961566,1592524800.0,7.502539768710849e+17,12171.0,1.873371368040804,1.8941335182111767,bin_1
config_858,640,6,20,0.004815568216145,0.8438918590545654,0.9528566002845764,0.176015630364418,0.0001760332961566,64,28809.0,1775866142443438080,3776181248,62659840,16,0.0001548190271326,3191603200.0,1.50050795374217e+18,24342.0,1.7896507229179632,1.809467797318443,bin_1
config_858,640,6,20,0.004815568216145,0.8438918590545654,0.9528566002845764,0.176015630364418,0.0001760332961566,64,28809.0,1775866142443438080,3776181248,62659840,16,3.124851411065476e-07,3774873600.0,1.775866142443438e+18,28809.0,1.7422788196313577,1.7614387094779094,bin_1
config_859,1088,7,8,0.0023740928154438,0.951324999332428,0.903632879257202,0.2893902063369751,0.0033874597866088,32,5697.0,423919561465958400,373371616,158051584,16,0.0033874597866088,186777600.0,2.1192257522468835e+17,2848.0,3.285622643095548,3.3193125198708207,bin_0
config_859,1088,7,8,0.0023740928154438,0.951324999332428,0.903632879257202,0.2893902063369751,0.0033874597866088,32,5697.0,423919561465958400,373371616,158051584,16,9.660837983653784e-05,370278400.0,4.239195614659584e+17,5697.0,3.1184864208346506,3.151349335498497,bin_0
config_86,576,16,24,0.0019819978624582,0.8605764508247375,0.942360818386078,0.1421839296817779,0.0001457703765481,64,19297.0,1979096174226800640,2529339648,92679552,16,0.0001457703765481,1592524800.0,1.2482551451787528e+18,12171.0,1.8461316648858488,1.8666096053748835,bin_1
config_86,576,16,24,0.0019819978624582,0.8605764508247375,0.942360818386078,0.1421839296817779,0.0001457703765481,64,19297.0,1979096174226800640,2529339648,92679552,16,2.497706050952987e-06,2523136000.0,1.979096174226801e+18,19297.0,1.7489200839058296,1.7681808529134655,bin_1
config_861,1088,13,4,0.0014710819814354,0.8107132911682129,0.9133807420730592,0.0282490793615579,0.0017481237882748,32,5879.0,704082420870893568,385324384,246636544,8,0.0017481237882748,193331200.0,3.5198132929742406e+17,2939.0,3.0186622762680053,3.048006862343335,bin_0
config_861,1088,13,4,0.0014710819814354,0.8107132911682129,0.9133807420730592,0.0282490793615579,0.0017481237882748,32,5879.0,704082420870893568,385324384,246636544,8,0.0003053951196383,383385600.0,7.040824208708936e+17,5879.0,2.81783802993962,2.848097199377466,bin_0
config_862,384,17,16,0.0013547409325838,0.8236398696899414,0.977879762649536,0.0758784264326095,0.0014446800341829,32,3779.0,113143688460472320,247711184,49400832,16,0.0014446800341829,124518400.0,5.65568741735465e+16,1889.0,2.2974533440245954,2.32099610871956,bin_0
config_862,384,17,16,0.0013547409325838,0.8236398696899414,0.977879762649536,0.0758784264326095,0.0014446800341829,32,3779.0,113143688460472320,247711184,49400832,16,0.0001464885349346,245760000.0,1.1314368846047232e+17,3779.0,2.047838989711199,2.068940936151098,bin_0
config_863,1024,16,8,0.034051775932312,0.9240468144416808,0.9804033041000366,0.0850769579410553,0.0005104945739731,32,4803.0,612209674642391040,314812480,257038336,8,0.0005104945739731,157286400.0,3.060411053125923e+17,2401.0,2.0955118236189985,2.1159403812885285,bin_0
config_863,1024,16,8,0.034051775932312,0.9240468144416808,0.9804033041000366,0.0850769579410553,0.0005104945739731,32,4803.0,612209674642391040,314812480,257038336,8,3.7536365733318094e-06,314572800.0,6.12209674642391e+17,4803.0,1.8798423813796437,1.899519485958287,bin_0
config_864,576,23,18,0.0098810363560915,0.91548353433609,0.9719234704971312,0.066335804760456,0.0001367154618492,64,9264.0,1273560715963219968,1214347648,120556800,8,0.0001367154618492,609484800.0,6.3678035798161e+17,4632.0,1.994807494800599,2.0155262253909814,bin_1
config_864,576,23,18,0.0098810363560915,0.91548353433609,0.9719234704971312,0.066335804760456,0.0001367154618492,64,9264.0,1273560715963219968,1214347648,120556800,8,3.117290661057469e-06,1212416000.0,1.27356071596322e+18,9264.0,1.81885901881046,1.83776166007167,bin_1
config_866,1152,4,18,0.0060122343711555,0.951362133026123,0.9612060189247132,0.0362669713795185,0.0003250472655054,32,6647.0,367241810854330368,435653952,121630464,16,0.0003250472655054,216268800.0,1.8359328079869712e+17,3323.0,2.0728251033532814,2.0933111973668708,bin_0
config_866,1152,4,18,0.0060122343711555,0.951362133026123,0.9612060189247132,0.0362669713795185,0.0003250472655054,32,6647.0,367241810854330368,435653952,121630464,16,6.33909604927579e-05,432537600.0,3.672418108543304e+17,6647.0,1.904088991157344,1.9244107339812109,bin_0
config_868,768,7,8,0.0144213484600186,0.8548960089683533,0.952092707157135,0.0550985820591449,3.700056186062284e-05,64,8749.0,758154744114905088,1146862976,88169472,16,3.700056186062284e-05,570163200.0,3.7903404397743686e+17,4374.0,2.309312054172891,2.3329243511450097,bin_0
config_868,768,7,8,0.0144213484600186,0.8548960089683533,0.952092707157135,0.0550985820591449,3.700056186062284e-05,64,8749.0,758154744114905088,1146862976,88169472,16,3.761467906992781e-06,1140326400.0,7.581547441149051e+17,8749.0,2.072852340721693,2.09452044514359,bin_0
config_869,1024,21,8,0.0781054496765136,0.956398069858551,0.940690577030182,0.0893575847148895,0.0029948272276669,32,6968.0,1121561654338584576,456687712,321273856,8,0.0029948272276669,229376000.0,5.607808271692923e+17,3484.0,3.5299308286338555,3.5626504411853728,bin_1
config_869,1024,21,8,0.0781054496765136,0.956398069858551,0.940690577030182,0.0893575847148895,0.0029948272276669,32,6968.0,1121561654338584576,456687712,321273856,8,8.666702588103767e-05,455475200.0,1.1215616543385846e+18,6968.0,3.233012682492616,3.26657555111119,bin_1
config_87,896,16,4,0.1519194096326828,0.8228392601013184,0.9976667761802672,0.0490393675863742,2.182521166105289e-05,64,18193.0,3795271987369476096,2384721408,206558464,8,2.182521166105289e-05,1592524800.0,2.5390125519855933e+18,12171.0,1.96740908765402,1.987179820908875,bin_1
config_87,896,16,4,0.1519194096326828,0.8228392601013184,0.9976667761802672,0.0490393675863742,2.182521166105289e-05,64,18193.0,3795271987369476096,2384721408,206558464,8,1.0521122213287833e-06,2378956800.0,3.795271987369476e+18,18193.0,1.8570299332649984,1.876404748783737,bin_1
config_870,640,21,20,0.0102093312889337,0.9492047429084778,0.9986361861228944,0.0057712197303771,1.9489523765514605e-05,64,73484.0,11204827394451701760,9631732736,138864640,8,1.9489523765514605e-05,1592524800.0,1.855831939168685e+18,12171.0,2.17531255208078,2.1981965128124736,bin_2
config_870,640,21,20,0.0102093312889337,0.9492047429084778,0.9986361861228944,0.0057712197303771,1.9489523765514605e-05,64,73484.0,11204827394451701760,9631732736,138864640,8,1.9489523765514605e-05,3191603200.0,3.71166387833737e+18,24342.0,1.9469506983288,1.967866008828898,bin_2
config_870,640,21,20,0.0102093312889337,0.9492047429084778,0.9986361861228944,0.0057712197303771,1.9489523765514605e-05,64,73484.0,11204827394451701760,9631732736,138864640,8,1.9489523765514605e-05,4784128000.0,5.56764829733016e+18,36514.0,1.853147211876072,1.87274674755628,bin_2
config_870,640,21,20,0.0102093312889337,0.9492047429084778,0.9986361861228944,0.0057712197303771,1.9489523765514605e-05,64,73484.0,11204827394451701760,9631732736,138864640,8,1.9489523765514605e-05,6383206400.0,7.423480236498845e+18,48685.0,1.7985466021006224,1.8173573385301185,bin_2
config_870,640,21,20,0.0102093312889337,0.9492047429084778,0.9986361861228944,0.0057712197303771,1.9489523765514605e-05,64,73484.0,11204827394451701760,9631732736,138864640,8,1.9489523765514605e-05,7975731200.0,9.27931217566753e+18,60856.0,1.760831914944727,1.7793802714934115,bin_2
config_870,640,21,20,0.0102093312889337,0.9492047429084778,0.9986361861228944,0.0057712197303771,1.9489523765514605e-05,64,73484.0,11204827394451701760,9631732736,138864640,8,1.9489523765514605e-05,9574809600.0,1.1135144114836214e+19,73027.0,1.731879443868262,1.7494020221858728,bin_2
config_870,640,21,20,0.0102093312889337,0.9492047429084778,0.9986361861228944,0.0057712197303771,1.9489523765514605e-05,64,73484.0,11204827394451701760,9631732736,138864640,8,1.562839169876169e-06,9627238400.0,1.1204827394451702e+19,73484.0,1.7192374762746154,1.7366047855087967,bin_2
config_871,512,21,8,0.0308371651917696,0.8271836042404175,0.940177857875824,0.2600078582763672,2.304151166754309e-05,64,40369.0,4487450063863283712,5291280384,97329152,8,2.304151166754309e-05,1592524800.0,1.352938014993684e+18,12171.0,2.223827899889868,2.246884577977853,bin_1
config_871,512,21,8,0.0308371651917696,0.8271836042404175,0.940177857875824,0.2600078582763672,2.304151166754309e-05,64,40369.0,4487450063863283712,5291280384,97329152,8,2.304151166754309e-05,3191603200.0,2.705876029987368e+18,24342.0,1.9878043300206545,2.0098218246952437,bin_1
config_871,512,21,8,0.0308371651917696,0.8271836042404175,0.940177857875824,0.2600078582763672,2.304151166754309e-05,64,40369.0,4487450063863283712,5291280384,97329152,8,8.493484055042324e-06,4784128000.0,4.05892520577433e+18,36514.0,1.8872321701831505,1.9071502988064877,bin_1
config_871,512,21,8,0.0308371651917696,0.8271836042404175,0.940177857875824,0.2600078582763672,2.304151166754309e-05,64,40369.0,4487450063863283712,5291280384,97329152,8,4.171005351403793e-08,5288755200.0,4.487450063863284e+18,40369.0,1.8729227754522544,1.892756980012675,bin_1
config_872,448,9,16,0.0010718533303588,0.8219834566116333,0.9898051619529724,0.2496910989284515,2.368013338127639e-05,32,8259.0,200548811099750400,541315200,45240832,16,2.368013338127639e-05,271974400.0,1.0026226432145168e+17,4129.0,2.887700446394623,2.9180761159834314,bin_0
config_872,448,9,16,0.0010718533303588,0.8219834566116333,0.9898051619529724,0.2496910989284515,2.368013338127639e-05,32,8259.0,200548811099750400,541315200,45240832,16,1.033565472509646e-07,540672000.0,2.005488110997504e+17,8259.0,2.6724695232266287,2.7008704869473568,bin_0
config_873,768,15,8,0.1918045282363891,0.8933539986610413,0.90575510263443,0.2202924937009811,0.0001419166655978,64,39020.0,5890931393940946944,5114535424,144804864,8,0.0001419166655978,1592524800.0,1.8374814453012623e+18,12171.0,1.796321293506466,1.81574296343522,bin_2
config_873,768,15,8,0.1918045282363891,0.8933539986610413,0.90575510263443,0.2202924937009811,0.0001419166655978,64,39020.0,5890931393940946944,5114535424,144804864,8,0.0001419166655978,3191603200.0,3.674962890602525e+18,24342.0,1.7126885413732684,1.7315133869843404,bin_2
config_873,768,15,8,0.1918045282363891,0.8933539986610413,0.90575510263443,0.2202924937009811,0.0001419166655978,64,39020.0,5890931393940946944,5114535424,144804864,8,4.1609074730250526e-05,4784128000.0,5.512595308005119e+18,36514.0,1.6322818504396033,1.6483516812715373,bin_2
config_873,768,15,8,0.1918045282363891,0.8933539986610413,0.90575510263443,0.2202924937009811,0.0001419166655978,64,39020.0,5890931393940946944,5114535424,144804864,8,3.30230751827387e-07,5111808000.0,5.890931393940947e+18,39020.0,1.6136334458335502,1.6297224962515908,bin_2
config_875,576,22,8,0.038614559918642,0.8510879874229431,0.9668638110160828,0.297942578792572,0.0098574915900826,32,3582.0,237324101733992448,234807536,116574336,8,0.0098574915900826,117964800.0,1.1866205086699622e+17,1791.0,3.5175009538306563,3.548914903304616,bin_0
config_875,576,22,8,0.038614559918642,0.8510879874229431,0.9668638110160828,0.297942578792572,0.0098574915900826,32,3582.0,237324101733992448,234807536,116574336,8,0.0002956323625891,232652800.0,2.3732410173399245e+17,3582.0,3.397214334441013,3.4318876271951395,bin_0
config_876,1024,18,8,0.0215088278055191,0.8779408931732178,0.9353488683700562,0.1661483198404312,0.0002625170745886,32,3142.0,442603948513886208,205943456,282732544,8,0.0002625170745886,101580800.0,2.213019742569431e+17,1571.0,2.2496442484269377,2.272674504323084,bin_0
config_876,1024,18,8,0.0215088278055191,0.8779408931732178,0.9353488683700562,0.1661483198404312,0.0002625170745886,32,3142.0,442603948513886208,205943456,282732544,8,2.1122063472652907e-05,203161600.0,4.426039485138862e+17,3142.0,1.998281978368759,2.018467049755034,bin_0
config_877,1152,19,24,0.0029607254546135,0.8672369122505188,0.9288090467453004,0.0896909236907959,0.0033743127714842,32,4683.0,829048902368034816,306951424,360543744,8,0.0033743127714842,154009600.0,4.144359343249134e+17,2341.0,3.4675727361929223,3.502879446021846,bin_0
config_877,1152,19,24,0.0029607254546135,0.8672369122505188,0.9288090467453004,0.0896909236907959,0.0033743127714842,32,4683.0,829048902368034816,306951424,360543744,8,0.0002651245749023,304742400.0,8.290489023680348e+17,4683.0,3.2737080366494227,3.307362054488698,bin_0
config_878,704,12,22,0.0025232422631233,0.8510705232620239,0.979032039642334,0.2733150124549866,9.028147906064989e-05,64,9238.0,1058488388541923328,1210873728,111106688,16,9.028147906064989e-05,602931200.0,5.2924419427096166e+17,4619.0,2.075907240969236,2.0973884222937413,bin_1
config_878,704,12,22,0.0025232422631233,0.8510705232620239,0.979032039642334,0.2733150124549866,9.028147906064989e-05,64,9238.0,1058488388541923328,1210873728,111106688,16,1.3592298749226164e-06,1205862400.0,1.0584883885419232e+18,9238.0,1.8895889309195224,1.9101619222125068,bin_1
config_879,896,22,14,0.0025994658935815,0.8356790542602539,0.9844968318939208,0.0861042961478233,0.0001617789675947,64,69756.0,19081140997767561216,9143088128,267124480,8,0.0001617789675947,1592524800.0,3.329270128502623e+18,12171.0,1.7391747313835582,1.7567620001855444,bin_2
config_879,896,22,14,0.0025994658935815,0.8356790542602539,0.9844968318939208,0.0861042961478233,0.0001617789675947,64,69756.0,19081140997767561216,9143088128,267124480,8,0.0001617789675947,3191603200.0,6.658540257005246e+18,24342.0,1.6292066630574524,1.6468252686008078,bin_2
config_879,896,22,14,0.0025994658935815,0.8356790542602539,0.9844968318939208,0.0861042961478233,0.0001617789675947,64,69756.0,19081140997767561216,9143088128,267124480,8,0.0001617789675947,4784128000.0,9.98808392672293e+18,36514.0,1.5831402017835712,1.598594731131538,bin_2
config_879,896,22,14,0.0025994658935815,0.8356790542602539,0.9844968318939208,0.0861042961478233,0.0001617789675947,64,69756.0,19081140997767561216,9143088128,267124480,8,0.0001617789675947,6383206400.0,1.3317354055225557e+19,48685.0,1.5540803126819798,1.5692783733274116,bin_2
config_879,896,22,14,0.0025994658935815,0.8356790542602539,0.9844968318939208,0.0861042961478233,0.0001617789675947,64,69756.0,19081140997767561216,9143088128,267124480,8,0.0001617789675947,7975731200.0,1.6646624183728175e+19,60856.0,1.5343159588438566,1.549187949739519,bin_2
config_879,896,22,14,0.0025994658935815,0.8356790542602539,0.9844968318939208,0.0861042961478233,0.0001617789675947,64,69756.0,19081140997767561216,9143088128,267124480,8,1.616173502444799e-07,9142272000.0,1.908114099776756e+19,69756.0,1.4859555034266143,1.501834123173698,bin_2
config_880,704,6,16,0.0063744946382939,0.8609716296195984,0.9564546942710876,0.1879262775182724,1.858719224401284e-05,32,8773.0,312355992526921728,574964544,73251200,16,1.858719224401284e-05,288358400.0,1.5616019414374544e+17,4386.0,2.793790587206356,2.822655415534973,bin_0
config_880,704,6,16,0.0063744946382939,0.8609716296195984,0.9564546942710876,0.1879262775182724,1.858719224401284e-05,32,8773.0,312355992526921728,574964544,73251200,16,2.594086296191136e-07,573440000.0,3.123559925269217e+17,8773.0,2.5748035041621478,2.602045215465983,bin_0
config_881,576,11,12,0.0033680771011859,0.8331535458564758,0.933527946472168,0.1520596593618393,0.0009258997743017,32,3287.0,127616621755668480,215482192,72767232,16,0.0009258997743017,108134400.0,6.37888985532593e+16,1643.0,2.286698211646471,2.3091262033337454,bin_0
config_881,576,11,12,0.0033680771011859,0.8331535458564758,0.933527946472168,0.1520596593618393,0.0009258997743017,32,3287.0,127616621755668480,215482192,72767232,16,6.865389108049401e-05,212992000.0,1.2761662175566848e+17,3287.0,2.044455485578444,2.0641739854265437,bin_0
config_882,768,16,24,0.0010520544601604,0.84965580701828,0.9379945993423462,0.2372069805860519,0.0001265883183805,32,14850.0,1180651646797479936,973216768,151884288,8,0.0001265883183805,484966400.0,5.9032582339874e+17,7425.0,2.0135617535231543,2.035504549096842,bin_1
config_882,768,16,24,0.0010520544601604,0.84965580701828,0.9379945993423462,0.2372069805860519,0.0001265883183805,32,14850.0,1180651646797479936,973216768,151884288,8,0.0,973209600.0,1.18065164679748e+18,14850.0,1.8420094098614863,1.8619986787780387,bin_1
config_883,320,5,10,0.0977244079113006,0.8068435192108154,0.9849778413772584,0.1445946991443634,1.6844946003402583e-05,32,14087.0,163998558980628480,923245632,23055360,16,1.6844946003402583e-05,462028800.0,8.199345857177301e+16,7043.0,2.9622000555132257,2.993657096409407,bin_0
config_883,320,5,10,0.0977244079113006,0.8068435192108154,0.9849778413772584,0.1445946991443634,1.6844946003402583e-05,32,14087.0,163998558980628480,923245632,23055360,16,3.061213173506357e-07,920780800.0,1.6399855898062848e+17,14087.0,2.750947909980524,2.780282435573515,bin_0
config_884,1024,11,16,0.0047102416865527,0.8369527459144592,0.9307138919830322,0.1127243638038635,0.0068855872377753,32,4999.0,469719164563095552,327673024,192802816,8,0.0068855872377753,163840000.0,2.3481260096882893e+17,2499.0,3.411236681781831,3.444626414658593,bin_0
config_884,1024,11,16,0.0047102416865527,0.8369527459144592,0.9307138919830322,0.1127243638038635,0.0068855872377753,32,4999.0,469719164563095552,327673024,192802816,8,0.000599278462968,324403200.0,4.697191645630956e+17,4999.0,3.2191142595791424,3.2526616055848168,bin_0
config_885,512,9,4,0.0037863254547119,0.8964377641677856,0.9922852516174316,0.2600913643836975,0.0001835050061345,32,11709.0,346662979783557120,767425088,56422400,16,0.0001835050061345,383385600.0,1.7331668662165373e+17,5854.0,2.0233297326134854,2.0448805078522105,bin_0
config_885,512,9,4,0.0037863254547119,0.8964377641677856,0.9922852516174316,0.2600913643836975,0.0001835050061345,32,11709.0,346662979783557120,767425088,56422400,16,5.423793284763947e-07,766771200.0,3.466629797835571e+17,11709.0,1.870740536705392,1.8908758013365696,bin_0
config_886,832,19,16,0.0095499046146869,0.8624489903450012,0.9503028988838196,0.1648828685283661,0.0063321818597614,64,57962.0,12237008946516197376,7597211648,203736832,8,0.0063321818597614,1592524800.0,2.5695565351100483e+18,12171.0,3.243419421774442,3.276323723832115,bin_2
config_886,832,19,16,0.0095499046146869,0.8624489903450012,0.9503028988838196,0.1648828685283661,0.0063321818597614,64,57962.0,12237008946516197376,7597211648,203736832,8,0.0063321818597614,3191603200.0,5.139113070220097e+18,24342.0,3.134268642605328,3.166933398012255,bin_2
config_886,832,19,16,0.0095499046146869,0.8624489903450012,0.9503028988838196,0.1648828685283661,0.0063321818597614,64,57962.0,12237008946516197376,7597211648,203736832,8,0.0063321818597614,4784128000.0,7.708880726563826e+18,36514.0,2.9240782650572354,2.938495206754716,bin_2
config_886,832,19,16,0.0095499046146869,0.8624489903450012,0.9503028988838196,0.1648828685283661,0.0063321818597614,64,57962.0,12237008946516197376,7597211648,203736832,8,0.0061373658837495,6383206400.0,1.0278437261673871e+19,48685.0,2.921227369933832,2.95096663111546,bin_2
config_886,832,19,16,0.0095499046146869,0.8624489903450012,0.9503028988838196,0.1648828685283661,0.0063321818597614,64,57962.0,12237008946516197376,7597211648,203736832,8,7.951672490282176e-06,7595622400.0,1.2237008946516195e+19,57962.0,2.8010892816449777,2.830318548835692,bin_2
config_887,768,16,12,0.0019073141738772,0.8979390263557434,0.945609986782074,0.0197198875248432,0.0004492909065447,64,25651.0,4078886608700964864,3362245632,151884288,8,0.0004492909065447,1592524800.0,1.9353681694475635e+18,12171.0,1.7390078600312844,1.7575393587643984,bin_1
config_887,768,16,12,0.0019073141738772,0.8979390263557434,0.945609986782074,0.0197198875248432,0.0004492909065447,64,25651.0,4078886608700964864,3362245632,151884288,8,0.0004492909065447,3191603200.0,3.870736338895127e+18,24342.0,1.669800805185662,1.6874107076496374,bin_1
config_887,768,16,12,0.0019073141738772,0.8979390263557434,0.945609986782074,0.0197198875248432,0.0004492909065447,64,25651.0,4078886608700964864,3362245632,151884288,8,8.896849634549989e-07,3361996800.0,4.078886608700965e+18,25651.0,1.6277535736951672,1.6451380940538938,bin_1
config_888,1152,16,18,0.0952246263623237,0.8552141189575195,0.9756662249565125,0.1590922176837921,0.0004420794430188,64,55926.0,17074803871762219008,7330371072,312761088,8,0.0004420794430188,1592524800.0,3.715936021228373e+18,12171.0,1.7032030440940231,1.7200664273441817,bin_2
config_888,1152,16,18,0.0952246263623237,0.8552141189575195,0.9756662249565125,0.1590922176837921,0.0004420794430188,64,55926.0,17074803871762219008,7330371072,312761088,8,0.0004420794430188,3191603200.0,7.431872042456745e+18,24342.0,1.629379487741189,1.6457780509698587,bin_2
config_888,1152,16,18,0.0952246263623237,0.8552141189575195,0.9756662249565125,0.1590922176837921,0.0004420794430188,64,55926.0,17074803871762219008,7330371072,312761088,8,0.0004420794430188,4784128000.0,1.114811337434334e+19,36514.0,1.5950416994290273,1.6106824964968884,bin_2
config_888,1152,16,18,0.0952246263623237,0.8552141189575195,0.9756662249565125,0.1590922176837921,0.0004420794430188,64,55926.0,17074803871762219008,7330371072,312761088,8,0.0003590497982751,6383206400.0,1.4864049395571712e+19,48685.0,1.5632499290978323,1.5779645675713898,bin_2
config_888,1152,16,18,0.0952246263623237,0.8552141189575195,0.9756662249565125,0.1590922176837921,0.0004420794430188,64,55926.0,17074803871762219008,7330371072,312761088,8,1.2919035088783891e-06,7326924800.0,1.707480387176222e+19,55926.0,1.484080533355963,1.4980069301558323,bin_2
config_889,576,24,8,0.0282851736992597,0.8513808846473694,0.9050994515419006,0.142000138759613,0.001263938145712,32,9870.0,703035460422328320,646882880,124539264,8,0.001263938145712,324403200.0,3.5151773021116416e+17,4935.0,2.0547056478164234,2.0771289521553475,bin_0
config_889,576,24,8,0.0282851736992597,0.8513808846473694,0.9050994515419006,0.142000138759613,0.001263938145712,32,9870.0,703035460422328320,646882880,124539264,8,1.8043371102241523e-05,645529600.0,7.030354604223283e+17,9870.0,1.8606709901231235,1.8800650656418725,bin_0
config_89,320,20,16,0.0380267202854156,0.97506183385849,0.9559102654457092,0.1020795851945877,3.930078310077079e-05,64,32585.0,1797809811201884160,4270991104,43954560,16,3.930078310077079e-05,1592524800.0,6.715096888794884e+17,12171.0,2.258102673350788,2.281855803005031,bin_1
config_89,320,20,16,0.0380267202854156,0.97506183385849,0.9559102654457092,0.1020795851945877,3.930078310077079e-05,64,32585.0,1797809811201884160,4270991104,43954560,16,3.930078310077079e-05,3191603200.0,1.3430193777589768e+18,24342.0,2.026325845952894,2.048493106638799,bin_1
config_89,320,20,16,0.0380267202854156,0.97506183385849,0.9559102654457092,0.1020795851945877,3.930078310077079e-05,64,32585.0,1797809811201884160,4270991104,43954560,16,4.1356807231719093e-07,4266393600.0,1.7978098112018842e+18,32585.0,1.9456750555116624,1.967809603566029,bin_1
config_891,384,20,8,0.1881317347288131,0.8032315969467163,0.9453505277633668,0.2703138887882232,0.0041462779045104,32,7653.0,259276987757813760,501581920,54711552,16,0.0041462779045104,252313600.0,1.2962155431352352e+17,3826.0,3.0233333228846067,3.055594073358129,bin_0
config_891,384,20,8,0.1881317347288131,0.8032315969467163,0.9453505277633668,0.2703138887882232,0.0041462779045104,32,7653.0,259276987757813760,501581920,54711552,16,6.014909919502959e-06,501350400.0,2.5927698775781376e+17,7653.0,2.4127844684241246,2.437510890257163,bin_0
config_892,384,23,16,0.1119474843144416,0.9232041835784912,0.9377447366714478,0.1761948019266128,1.8673237718758173e-05,64,30429.0,2301687631700951040,3988503040,60022272,16,1.8673237718758173e-05,1592524800.0,9.206296679296814e+17,12171.0,2.517537763705019,2.545474052976389,bin_1
config_892,384,23,16,0.1119474843144416,0.9232041835784912,0.9377447366714478,0.1761948019266128,1.8673237718758173e-05,64,30429.0,2301687631700951040,3988503040,60022272,16,1.8673237718758173e-05,3191603200.0,1.8412593358593628e+18,24342.0,2.189960247688606,2.21375756498243,bin_1
config_892,384,23,16,0.1119474843144416,0.9232041835784912,0.9377447366714478,0.1761948019266128,1.8673237718758173e-05,64,30429.0,2301687631700951040,3988503040,60022272,16,1.0101173173736153e-07,3984588800.0,2.301687631700951e+18,30429.0,2.117508944996068,2.140596796762748,bin_1
config_893,960,9,16,0.0051548168994486,0.8151542544364929,0.98431134223938,0.1887888759374618,0.000141660158988,32,5074.0,365509162939760640,332544384,147816960,16,0.000141660158988,167116800.0,1.8275458146988032e+17,2537.0,2.2334648391848706,2.2566997082507023,bin_0
config_893,960,9,16,0.0051548168994486,0.8151542544364929,0.98431134223938,0.1887888759374618,0.000141660158988,32,5074.0,365509162939760640,332544384,147816960,16,3.5526058680398565e-06,330956800.0,3.6550916293976064e+17,5074.0,1.9962454322517893,2.016540409815116,bin_0
config_895,448,23,4,0.0513821765780448,0.8010730147361755,0.9732292294502258,0.131829172372818,1.976421845029108e-05,64,49754.0,4803473174533963776,6521421312,80577280,8,1.976421845029108e-05,1592524800.0,1.1750426499829737e+18,12171.0,2.262585550546646,2.285538657610534,bin_1
config_895,448,23,4,0.0513821765780448,0.8010730147361755,0.9732292294502258,0.131829172372818,1.976421845029108e-05,64,49754.0,4803473174533963776,6521421312,80577280,8,1.976421845029108e-05,3191603200.0,2.3500852999659474e+18,24342.0,2.018487823087661,2.039961115825372,bin_1
config_895,448,23,4,0.0513821765780448,0.8010730147361755,0.9732292294502258,0.131829172372818,1.976421845029108e-05,64,49754.0,4803473174533963776,6521421312,80577280,8,1.976421845029108e-05,4784128000.0,3.525224494411166e+18,36514.0,1.9179271946578729,1.936413292318094,bin_1
config_895,448,23,4,0.0513821765780448,0.8010730147361755,0.9732292294502258,0.131829172372818,1.976421845029108e-05,64,49754.0,4803473174533963776,6521421312,80577280,8,3.176015588749321e-06,6383206400.0,4.70026714439414e+18,48685.0,1.8493476756674343,1.8662274507616388,bin_1
config_895,448,23,4,0.0513821765780448,0.8010730147361755,0.9732292294502258,0.131829172372818,1.976421845029108e-05,64,49754.0,4803473174533963776,6521421312,80577280,8,1.2053190090132018e-08,6520832000.0,4.803473174533964e+18,49754.0,1.846420170811356,1.863188413342492,bin_1
config_897,1152,11,18,0.0747360736131668,0.8535987138748169,0.9735894203186036,0.2486249655485153,0.0001963504910236,32,3097.0,347125316802195456,202996304,233123328,8,0.0001963504910236,101580800.0,1.7350661621239862e+17,1548.0,2.2936021598636125,2.317046211371656,bin_0
config_897,1152,11,18,0.0747360736131668,0.8535987138748169,0.9735894203186036,0.2486249655485153,0.0001963504910236,32,3097.0,347125316802195456,202996304,233123328,8,1.200061518609916e-05,199884800.0,3.4712531680219546e+17,3097.0,2.01564563964234,2.0362677251120083,bin_0
config_9,1088,12,8,0.1977607160806656,0.8288569450378418,0.9649189114570618,0.0246883407235145,0.0019361430313438,64,9360.0,2100363139398942720,1226893952,231872384,8,0.0019361430313438,616038400.0,1.0501815696994714e+18,4680.0,2.0101042736628343,2.030849442734342,bin_1
config_9,1088,12,8,0.1977607160806656,0.8288569450378418,0.9649189114570618,0.0246883407235145,0.0019361430313438,64,9360.0,2100363139398942720,1226893952,231872384,8,8.381571564258935e-05,1225523200.0,2.1003631393989427e+18,9360.0,1.7958203892767584,1.813974328056425,bin_1
config_90,576,8,8,0.0523914918303489,0.822571337223053,0.9742922782897948,0.0195385888218879,0.0036483854055404,64,18412.0,1153841318455246848,2413356288,60819840,16,0.0036483854055404,1592524800.0,7.627309736540739e+17,12171.0,1.8457933295750224,1.8654448289949384,bin_1
config_90,576,8,8,0.0523914918303489,0.822571337223053,0.9742922782897948,0.0195385888218879,0.0036483854055404,64,18412.0,1153841318455246848,2413356288,60819840,16,0.0001219516012994,2411724800.0,1.1538413184552468e+18,18412.0,1.7538933363898856,1.7724709248542785,bin_1
config_900,320,19,10,0.0619152598083019,0.8146842122077942,0.9600401520729064,0.0437133908271789,0.0003112645936198,64,10946.0,580663981208125440,1434748288,42561280,16,0.0003112645936198,714342400.0,2.903319906040627e+17,5473.0,1.984627054480256,2.005952078748922,bin_0
config_900,320,19,10,0.0619152598083019,0.8146842122077942,0.9600401520729064,0.0437133908271789,0.0003112645936198,64,10946.0,580663981208125440,1434748288,42561280,16,2.99543332772244e-05,1428684800.0,5.806639812081254e+17,10946.0,1.840361138406347,1.8602676543642265,bin_0
config_903,704,5,22,0.0689216032624244,0.970841646194458,0.925786018371582,0.1555619090795517,0.0098203206434845,32,8581.0,274526741539454976,562424832,66941952,16,0.0098203206434845,281804800.0,1.372473745722249e+17,4290.0,3.454865348534506,3.489476914796673,bin_0
config_903,704,5,22,0.0689216032624244,0.970841646194458,0.925786018371582,0.1555619090795517,0.0098203206434845,32,8581.0,274526741539454976,562424832,66941952,16,0.0002282083507856,560332800.0,2.7452674153945498e+17,8581.0,3.4292514923752333,3.4651135185116626,bin_0
config_904,512,16,8,0.0024229753762483,0.8716394305229187,0.967993438243866,0.0954430326819419,1.289624378841836e-05,32,12130.0,542901861243224064,794955968,80284672,16,1.289624378841836e-05,396492800.0,2.7145093062161203e+17,6065.0,2.8372801290574623,2.8668020013121307,bin_0
config_904,512,16,8,0.0024229753762483,0.8716394305229187,0.967993438243866,0.0954430326819419,1.289624378841836e-05,32,12130.0,542901861243224064,794955968,80284672,16,3.343883436927835e-07,792985600.0,5.4290186124322406e+17,12130.0,2.579488611690333,2.606988779208699,bin_0
config_905,640,23,20,0.0159497242420911,0.9595053791999816,0.9198235869407654,0.1815916001796722,0.000242795314989,128,46860.0,15425565394320752640,12284142592,149025280,8,0.000242795314989,1599078400.0,2.003414233671278e+18,6086.0,1.7903292377659532,1.8101046884841607,bin_2
config_905,640,23,20,0.0159497242420911,0.9595053791999816,0.9198235869407654,0.1815916001796722,0.000242795314989,128,46860.0,15425565394320752640,12284142592,149025280,8,0.000242795314989,3185049600.0,4.006499283275243e+18,12171.0,1.6842310730355683,1.7022385029519191,bin_2
config_905,640,23,20,0.0159497242420911,0.9595053791999816,0.9198235869407654,0.1815916001796722,0.000242795314989,128,46860.0,15425565394320752640,12284142592,149025280,8,0.000242795314989,4784128000.0,6.009913516946521e+18,18257.0,1.640338954651942,1.6559286141590994,bin_2
config_905,640,23,20,0.0159497242420911,0.9595053791999816,0.9198235869407654,0.1815916001796722,0.000242795314989,128,46860.0,15425565394320752640,12284142592,149025280,8,0.000242795314989,6383206400.0,8.012998566550486e+18,24342.0,1.613560147695854,1.6284547558182576,bin_2
config_905,640,23,20,0.0159497242420911,0.9595053791999816,0.9198235869407654,0.1815916001796722,0.000242795314989,128,46860.0,15425565394320752640,12284142592,149025280,8,0.000242795314989,7982284800.0,1.0016412800221766e+19,30428.0,1.5950918022921827,1.6100862842114243,bin_2
config_905,640,23,20,0.0159497242420911,0.9595053791999816,0.9198235869407654,0.1815916001796722,0.000242795314989,128,46860.0,15425565394320752640,12284142592,149025280,8,0.000242795314989,9568256000.0,1.2019827033893042e+19,36514.0,1.5810195248635088,1.5957842757467364,bin_2
config_905,640,23,20,0.0159497242420911,0.9595053791999816,0.9198235869407654,0.1815916001796722,0.000242795314989,128,46860.0,15425565394320752640,12284142592,149025280,8,0.0001215545941771,11167334400.0,1.4022912083497007e+19,42599.0,1.547544958630546,1.5617281037862183,bin_2
config_905,640,23,20,0.0159497242420911,0.9595053791999816,0.9198235869407654,0.1815916001796722,0.000242795314989,128,46860.0,15425565394320752640,12284142592,149025280,8,2.853394229510508e-07,12281446400.0,1.5425565394320753e+19,46860.0,1.523298187588082,1.5367641090369617,bin_2
config_906,832,9,16,0.0265969093888998,0.8514686822891235,0.9224408268928528,0.2924539744853973,0.0004402289341669,64,10715.0,1257183100356378624,1404563072,118523392,16,0.0004402289341669,701235200.0,6.285328855444817e+17,5357.0,1.8793121239787245,1.8987480147158515,bin_1
config_906,832,9,16,0.0265969093888998,0.8514686822891235,0.9224408268928528,0.2924539744853973,0.0004402289341669,64,10715.0,1257183100356378624,1404563072,118523392,16,2.1077031639017783e-06,1402470400.0,1.2571831003563786e+18,10715.0,1.7274274860444616,1.7454068113545902,bin_1
config_907,320,23,16,0.0097256647422909,0.9081318378448486,0.9386274814605712,0.2082128822803497,0.0039371796883642,64,10314.0,634859242000220160,1351927808,48134400,16,0.0039371796883642,675020800.0,3.174296210001101e+17,5157.0,1.978496525053118,2.000366626802038,bin_0
config_907,320,23,16,0.0097256647422909,0.9081318378448486,0.9386274814605712,0.2082128822803497,0.0039371796883642,64,10314.0,634859242000220160,1351927808,48134400,16,2.567327230419171e-05,1350041600.0,6.348592420002202e+17,10314.0,1.823615324966243,1.843172103225208,bin_0
config_908,768,18,24,0.0453994162380695,0.9123947024345398,0.9740358591079712,0.2172693610191345,0.0041754334233701,64,58575.0,10255993847207165952,7677636608,166043136,8,0.0041754334233701,1592524800.0,2.1310405653326236e+18,12171.0,1.7720646140223644,1.790694810386564,bin_2
config_908,768,18,24,0.0453994162380695,0.9123947024345398,0.9740358591079712,0.2172693610191345,0.0041754334233701,64,58575.0,10255993847207165952,7677636608,166043136,8,0.0041754334233701,3191603200.0,4.262081130665247e+18,24342.0,1.7305689203152892,1.7486863000861934,bin_2
config_908,768,18,24,0.0453994162380695,0.9123947024345398,0.9740358591079712,0.2172693610191345,0.0041754334233701,64,58575.0,10255993847207165952,7677636608,166043136,8,0.0041754334233701,4784128000.0,6.393296787655526e+18,36514.0,1.7126563397978174,1.7297083233419013,bin_2
config_908,768,18,24,0.0453994162380695,0.9123947024345398,0.9740358591079712,0.2172693610191345,0.0041754334233701,64,58575.0,10255993847207165952,7677636608,166043136,8,0.0032400129699654,6383206400.0,8.52433735298815e+18,48685.0,1.6752529293201008,1.69147569437496,bin_2
config_908,768,18,24,0.0453994162380695,0.9123947024345398,0.9740358591079712,0.2172693610191345,0.0041754334233701,64,58575.0,10255993847207165952,7677636608,166043136,8,8.202564480925233e-06,7674265600.0,1.0255993847207166e+19,58575.0,1.5368483758754417,1.5508252640630378,bin_2
config_909,704,23,16,0.0089489771053195,0.8035682439804077,0.9762145280838012,0.2080814242362976,0.0009990376420319,32,4210.0,408586304032727040,275925184,180508416,8,0.0009990376420319,137625600.0,2.0429315201636352e+17,2105.0,2.171069276547823,2.194128928673072,bin_0
config_909,704,23,16,0.0089489771053195,0.8035682439804077,0.9762145280838012,0.2080814242362976,0.0009990376420319,32,4210.0,408586304032727040,275925184,180508416,8,1.1404539292601691e-05,275251200.0,4.0858630403272704e+17,4210.0,1.9313720324391224,1.9518927791470384,bin_0
config_910,256,15,16,0.0037310416810214,0.9141076803207396,0.9783654808998108,0.2286978214979171,0.0009572403505444,64,13555.0,441112400971038720,1776712960,25658368,16,0.0004339860253355,1592524800.0,3.960737021186656e+17,12171.0,1.8784463365351567,1.898431047572464,bin_0
config_910,256,15,16,0.0037310416810214,0.9141076803207396,0.9783654808998108,0.2286978214979171,0.0009572403505444,64,13555.0,441112400971038720,1776712960,25658368,16,1.5444342538633617e-06,1776025600.0,4.411124009710387e+17,13555.0,1.8493832620245512,1.869099298031604,bin_0
config_911,704,18,8,0.0141069274395704,0.9357550144195556,0.9593930840492249,0.1959232687950134,0.0058846282772719,64,53662.0,8475836456882995200,7033633280,148962176,8,0.0058846282772719,1592524800.0,1.922392112048059e+18,12171.0,1.7566781043029225,1.7745013030044368,bin_2
config_911,704,18,8,0.0141069274395704,0.9357550144195556,0.9593930840492249,0.1959232687950134,0.0058846282772719,64,53662.0,8475836456882995200,7033633280,148962176,8,0.0058846282772719,3191603200.0,3.844784224096118e+18,24342.0,1.7053059588103998,1.7228724038405496,bin_2
config_911,704,18,8,0.0141069274395704,0.9357550144195556,0.9593930840492249,0.1959232687950134,0.0058846282772719,64,53662.0,8475836456882995200,7033633280,148962176,8,0.0058846282772719,4784128000.0,5.767334284719648e+18,36514.0,1.6859018817104277,1.7011130921567073,bin_2
config_911,704,18,8,0.0141069274395704,0.9357550144195556,0.9593930840492249,0.1959232687950134,0.0058846282772719,64,53662.0,8475836456882995200,7033633280,148962176,8,0.002777468421176,6383206400.0,7.689726396767706e+18,48685.0,1.6168475666397908,1.6313937214945184,bin_2
config_911,704,18,8,0.0141069274395704,0.9357550144195556,0.9593930840492249,0.1959232687950134,0.0058846282772719,64,53662.0,8475836456882995200,7033633280,148962176,8,6.7169732071974825e-06,7032012800.0,8.475836456882995e+18,53662.0,1.5552900203231903,1.568443349169903,bin_2
config_912,384,11,16,0.0351026207208633,0.8047528862953186,0.9364473819732666,0.2826704680919647,0.0008135490934364,32,7361.0,162306964417388544,482435616,38779392,16,0.0008135490934364,242483200.0,8.114245741828418e+16,3680.0,2.143975178022853,2.164930452362436,bin_0
config_912,384,11,16,0.0351026207208633,0.8047528862953186,0.9364473819732666,0.2826704680919647,0.0008135490934364,32,7361.0,162306964417388544,482435616,38779392,16,4.302423090288905e-06,481689600.0,1.6230696441738854e+17,7361.0,1.9582558698732344,1.9781804751959,bin_0
config_913,384,21,16,0.0284976325929164,0.9427454471588136,0.9698325991630554,0.1457437574863433,0.0007241757703013,64,7827.0,550926578866765824,1025986496,56481792,16,0.0007241757703013,511180800.0,2.7542809545236422e+17,3913.0,1.9707172211271815,1.9917167089415375,bin_0
config_913,384,21,16,0.0284976325929164,0.9427454471588136,0.9698325991630554,0.1457437574863433,0.0007241757703013,64,7827.0,550926578866765824,1025986496,56481792,16,1.7151531401874624e-05,1022361600.0,5.509265788667658e+17,7827.0,1.803630271700562,1.8229179582439483,bin_0
config_914,576,16,12,0.0711459368467331,0.9285281896591188,0.9474552273750304,0.2731716334819793,3.684003968373872e-05,32,12133.0,622196988602572800,795184960,92679552,16,3.684003968373872e-05,396492800.0,3.1107285361107776e+17,6066.0,2.415879484903617,2.441150486664694,bin_0
config_914,576,16,12,0.0711459368467331,0.9285281896591188,0.9474552273750304,0.2731716334819793,3.684003968373872e-05,32,12133.0,622196988602572800,795184960,92679552,16,3.668440885827988e-07,792985600.0,6.221969886025728e+17,12133.0,2.157021729164436,2.17949727973,bin_0
config_916,832,18,16,0.0390662997961044,0.9717226028442384,0.912940800189972,0.2510578036308288,0.0034470250830054,32,5325.0,537168990518784000,349001760,195215488,8,0.0034470250830054,173670400.0,2.685340568565264e+17,2662.0,3.479729455768085,3.5114024648510043,bin_0
config_916,832,18,16,0.0390662997961044,0.9717226028442384,0.912940800189972,0.2510578036308288,0.0034470250830054,32,5325.0,537168990518784000,349001760,195215488,8,6.450271487659859e-05,347340800.0,5.37168990518784e+17,5325.0,3.326939323261136,3.362643587472009,bin_0
config_917,640,11,20,0.0020622315350919,0.8433573842048645,0.9570168852806092,0.1839313805103302,1.4362096408149227e-05,64,15651.0,1438672085753856000,2051449600,88061440,16,1.4362096408149227e-05,1592524800.0,1.1187833336981778e+18,12171.0,2.3590254679273386,2.3835344655005657,bin_1
config_917,640,11,20,0.0020622315350919,0.8433573842048645,0.9570168852806092,0.1839313805103302,1.4362096408149227e-05,64,15651.0,1438672085753856000,2051449600,88061440,16,4.990304519855815e-09,2051276800.0,1.438672085753856e+18,15651.0,2.275866238562787,2.299902768330496,bin_1
config_918,1152,10,24,0.0104153845459222,0.8295677304267883,0.9764506816864014,0.1681028604507446,0.0002709760738071,64,37576.0,7812096699197030400,4925209600,217195776,8,0.0002709760738071,1592524800.0,2.5303658964745334e+18,12171.0,1.7326172168137597,1.7505610047598354,bin_2
config_918,1152,10,24,0.0104153845459222,0.8295677304267883,0.9764506816864014,0.1681028604507446,0.0002709760738071,64,37576.0,7812096699197030400,4925209600,217195776,8,0.0002709760738071,3191603200.0,5.060731792949067e+18,24342.0,1.641720351996969,1.6592796899647009,bin_2
config_918,1152,10,24,0.0104153845459222,0.8295677304267883,0.9764506816864014,0.1681028604507446,0.0002709760738071,64,37576.0,7812096699197030400,4925209600,217195776,8,4.616375164921555e-05,4784128000.0,7.591305590655747e+18,36514.0,1.5614197733558592,1.5762100801897831,bin_2
config_918,1152,10,24,0.0104153845459222,0.8295677304267883,0.9764506816864014,0.1681028604507446,0.0002709760738071,64,37576.0,7812096699197030400,4925209600,217195776,8,1.1154809878063249e-06,4921753600.0,7.81209669919703e+18,37576.0,1.5550535518614972,1.5699451029105265,bin_2
config_919,384,14,12,0.0232007578015327,0.8974153399467468,0.9186419248580932,0.0643006712198257,0.000231892656302,64,9588.0,498456532758233088,1256841984,44090112,16,0.000231892656302,629145600.0,2.492282663791165e+17,4794.0,2.0446906450537385,2.065339032040268,bin_0
config_919,384,14,12,0.0232007578015327,0.8974153399467468,0.9186419248580932,0.0643006712198257,0.000231892656302,64,9588.0,498456532758233088,1256841984,44090112,16,1.4305066460193215e-05,1251737600.0,4.984565327582331e+17,9588.0,1.886378397277144,1.906711630391293,bin_0
config_92,768,10,16,0.0375810004770755,0.8442776203155518,0.9599568247795104,0.0991046950221061,8.73399039846845e-05,64,52040.0,5764395493275992064,6821016064,109407744,16,8.73399039846845e-05,1592524800.0,1.348164057430094e+18,12171.0,1.8710159453407664,1.891470203165148,bin_2
config_92,768,10,16,0.0375810004770755,0.8442776203155518,0.9599568247795104,0.0991046950221061,8.73399039846845e-05,64,52040.0,5764395493275992064,6821016064,109407744,16,8.73399039846845e-05,3191603200.0,2.696328114860188e+18,24342.0,1.7611123038510808,1.7806006020014404,bin_2
config_92,768,10,16,0.0375810004770755,0.8442776203155518,0.9599568247795104,0.0991046950221061,8.73399039846845e-05,64,52040.0,5764395493275992064,6821016064,109407744,16,8.73399039846845e-05,4784128000.0,4.044602940843189e+18,36514.0,1.712959878952777,1.7304735075841184,bin_2
config_92,768,10,16,0.0375810004770755,0.8442776203155518,0.9599568247795104,0.0991046950221061,8.73399039846845e-05,64,52040.0,5764395493275992064,6821016064,109407744,16,5.656685656560912e-05,6383206400.0,5.392766998273283e+18,48685.0,1.6713314591079462,1.687802526051881,bin_2
config_92,768,10,16,0.0375810004770755,0.8442776203155518,0.9599568247795104,0.0991046950221061,8.73399039846845e-05,64,52040.0,5764395493275992064,6821016064,109407744,16,6.774473840192696e-07,6815744000.0,5.764395493275992e+18,52040.0,1.6461309266872093,1.6624247793682283,bin_2
config_921,768,12,12,0.0025205111596733,0.9157546162605286,0.9385696053504944,0.1850803196430206,0.0085158245638012,32,4955.0,314281247190220800,324745600,123566592,16,0.0085158245638012,163840000.0,1.571089100484716e+17,2477.0,3.4828223612269418,3.5193925876304752,bin_0
config_921,768,12,12,0.0025205111596733,0.9157546162605286,0.9385696053504944,0.1850803196430206,0.0085158245638012,32,4955.0,314281247190220800,324745600,123566592,16,4.643306741440242e-05,324403200.0,3.142812471902208e+17,4955.0,3.2948981192072884,3.326861701949698,bin_0
config_922,256,5,16,0.0042797313071787,0.807597815990448,0.9194815158843994,0.0186186265200376,3.944282434531488e-05,32,7234.0,63649854311301120,474143360,17133568,16,3.944282434531488e-05,235929600.0,3.182492715565056e+16,3617.0,3.04068868809059,3.072733374658178,bin_0
config_922,256,5,16,0.0042797313071787,0.807597815990448,0.9194815158843994,0.0186186265200376,3.944282434531488e-05,32,7234.0,63649854311301120,474143360,17133568,16,1.0007880804035115e-05,471859200.0,6.364985431130112e+16,7234.0,2.80896415061638,2.8382363517167137,bin_0
config_924,1088,11,8,0.042415764182806,0.9024237394332886,0.9572706818580629,0.0541356354951858,0.0023029716685414,32,4609.0,482345553796042752,302103264,217108224,8,0.0023029716685414,150732800.0,2.411204504113869e+17,2304.0,3.260709252513823,3.296168601278399,bin_0
config_924,1088,11,8,0.042415764182806,0.9024237394332886,0.9572706818580629,0.0541356354951858,0.0023029716685414,32,4609.0,482345553796042752,302103264,217108224,8,8.323993982679856e-05,301465600.0,4.823455537960428e+17,4609.0,3.1167880156001107,3.1500804963659066,bin_0
config_925,960,4,12,0.0129958419129252,0.8705670237541199,0.9198662042617798,0.1787852942943573,0.0010649096220731,32,6056.0,257774952208527360,396950496,92511360,16,0.0010649096220731,199884800.0,1.2888747610426368e+17,3028.0,2.1251779764988386,2.147139263270331,bin_0
config_925,960,4,12,0.0129958419129252,0.8705670237541199,0.9198662042617798,0.1787852942943573,0.0010649096220731,32,6056.0,257774952208527360,396950496,92511360,16,5.905228957891985e-06,396492800.0,2.5777495220852736e+17,6056.0,1.928566180526233,1.9489948545127616,bin_0
config_928,1152,22,6,0.040966048836708,0.8933812975883484,0.9452843070030212,0.0898672565817833,0.0011832199525088,128,53568.0,43146106063526559744,14042663936,408326400,8,0.0011832199525088,1599078400.0,4.90194148563737e+18,6086.0,1.6814990166757928,1.6996976032608846,bin_2
config_928,1152,22,6,0.040966048836708,0.8933812975883484,0.9452843070030212,0.0898672565817833,0.0011832199525088,128,53568.0,43146106063526559744,14042663936,408326400,8,0.0011832199525088,3185049600.0,9.803077525746373e+18,12171.0,1.5979365394349958,1.6142527679928014,bin_2
config_928,1152,22,6,0.040966048836708,0.8933812975883484,0.9452843070030212,0.0898672565817833,0.0011832199525088,128,53568.0,43146106063526559744,14042663936,408326400,8,0.0011832199525088,4784128000.0,1.4705019011383745e+19,18257.0,1.562964804524281,1.5772770914093392,bin_2
config_928,1152,22,6,0.040966048836708,0.8933812975883484,0.9452843070030212,0.0898672565817833,0.0011832199525088,128,53568.0,43146106063526559744,14042663936,408326400,8,0.0011832199525088,6383206400.0,1.9606155051492745e+19,24342.0,1.5423852987758448,1.5565357163108764,bin_2
config_928,1152,22,6,0.040966048836708,0.8933812975883484,0.9452843070030212,0.0898672565817833,0.0011832199525088,128,53568.0,43146106063526559744,14042663936,408326400,8,0.0011832199525088,7982284800.0,2.4508096537130115e+19,30428.0,1.5295996126483695,1.5432255810010629,bin_2
config_928,1152,22,6,0.040966048836708,0.8933812975883484,0.9452843070030212,0.0898672565817833,0.0011832199525088,128,53568.0,43146106063526559744,14042663936,408326400,8,0.0011832199525088,9568256000.0,2.941003802276749e+19,36514.0,1.519593997822433,1.5328025695535004,bin_2
config_928,1152,22,6,0.040966048836708,0.8933812975883484,0.9452843070030212,0.0898672565817833,0.0011832199525088,128,53568.0,43146106063526559744,14042663936,408326400,8,0.0011832199525088,11167334400.0,3.431117406287649e+19,42599.0,1.5124772730225422,1.5249740794447602,bin_2
config_928,1152,22,6,0.040966048836708,0.8933812975883484,0.9452843070030212,0.0898672565817833,0.0011832199525088,128,53568.0,43146106063526559744,14042663936,408326400,8,0.0011832199525088,12766412800.0,3.921311554851386e+19,48685.0,1.5053661729468677,1.5192105637710602,bin_2
config_928,1152,22,6,0.040966048836708,0.8933812975883484,0.9452843070030212,0.0898672565817833,0.0011832199525088,128,53568.0,43146106063526559744,14042663936,408326400,8,4.424170989854271e-06,14037811200.0,4.314610606352656e+19,53568.0,1.42780724052523,1.4393920409093135,bin_2
config_929,256,17,16,0.0420360825955867,0.8865866661071777,0.9066233038902284,0.1935167014598846,0.0056492346338927,32,3783.0,67217317250211840,247960304,27363328,16,0.0056492346338927,124518400.0,3.359977449647121e+16,1891.0,2.7510907378743905,2.7802428352637367,bin_0
config_929,256,17,16,0.0420360825955867,0.8865866661071777,0.9066233038902284,0.1935167014598846,0.0056492346338927,32,3783.0,67217317250211840,247960304,27363328,16,0.0002546786105443,245760000.0,6.721731725021184e+16,3783.0,2.369067018970114,2.393351616820351,bin_0
config_93,384,19,8,0.0055541303008794,0.8296937942504883,0.9508715271949768,0.2014370411634445,1.4202274542185478e-05,32,3713.0,120907550938669056,243341088,52941312,16,1.4202274542185478e-05,121241600.0,6.04374938169054e+16,1856.0,3.3552332674870726,3.3915366945892083,bin_0
config_93,384,19,8,0.0055541303008794,0.8296937942504883,0.9508715271949768,0.2014370411634445,1.4202274542185478e-05,32,3713.0,120907550938669056,243341088,52941312,16,2.471614043486076e-07,242483200.0,1.2090755093866906e+17,3713.0,3.1108293229243795,3.1434428533960563,bin_0
config_930,1152,9,18,0.0281097628176212,0.9671726822853088,0.9874879717826844,0.037679299712181,0.0003100031754001,32,8863.0,849383593256484864,580861696,201268224,8,0.0003100031754001,291635200.0,4.246438792417335e+17,4431.0,1.960355741762724,1.9802793250904709,bin_0
config_930,1152,9,18,0.0281097628176212,0.9671726822853088,0.9874879717826844,0.037679299712181,0.0003100031754001,32,8863.0,849383593256484864,580861696,201268224,8,1.2102226066674388e-05,579993600.0,8.493835932564849e+17,8863.0,1.792697706750182,1.811841677427292,bin_0
config_931,832,10,8,0.1750494539737701,0.820957362651825,0.9554890990257264,0.2386589646339416,2.700371805985924e-05,128,41280.0,10460335521459732480,10821381120,127044736,16,2.700371805985924e-05,1599078400.0,1.542189970533041e+18,6086.0,2.190225172238272,2.2128597764890703,bin_2
config_931,832,10,8,0.1750494539737701,0.820957362651825,0.9554890990257264,0.2386589646339416,2.700371805985924e-05,128,41280.0,10460335521459732480,10821381120,127044736,16,2.700371805985924e-05,3185049600.0,3.084126541465272e+18,12171.0,1.956917805828032,1.97807630738274,bin_2
config_931,832,10,8,0.1750494539737701,0.820957362651825,0.9554890990257264,0.2386589646339416,2.700371805985924e-05,128,41280.0,10460335521459732480,10821381120,127044736,16,2.700371805985924e-05,4784128000.0,4.626316511998312e+18,18257.0,1.8639906620197608,1.882854693561304,bin_2
config_931,832,10,8,0.1750494539737701,0.820957362651825,0.9554890990257264,0.2386589646339416,2.700371805985924e-05,128,41280.0,10460335521459732480,10821381120,127044736,16,2.700371805985924e-05,6383206400.0,6.168253082930543e+18,24342.0,1.8097762637451047,1.8276096425290969,bin_2
config_931,832,10,8,0.1750494539737701,0.820957362651825,0.9554890990257264,0.2386589646339416,2.700371805985924e-05,128,41280.0,10460335521459732480,10821381120,127044736,16,2.700371805985924e-05,7982284800.0,7.710443053463584e+18,30428.0,1.7724128036420854,1.7901083282564507,bin_2
config_931,832,10,8,0.1750494539737701,0.820957362651825,0.9554890990257264,0.2386589646339416,2.700371805985924e-05,128,41280.0,10460335521459732480,10821381120,127044736,16,1.3103012113097876e-05,9568256000.0,9.252633023996625e+18,36514.0,1.7359975099954448,1.7541855717877872,bin_2
config_931,832,10,8,0.1750494539737701,0.820957362651825,0.9554890990257264,0.2386589646339416,2.700371805985924e-05,128,41280.0,10460335521459732480,10821381120,127044736,16,8.223647769726727e-08,10813440000.0,1.0460335521459732e+19,41280.0,1.7195103678937818,1.7372389828963355,bin_2
config_932,576,6,24,0.0050445646047592,0.8467416763305664,0.9169852137565612,0.158636525273323,0.0007132766186259,128,44127.0,4650435428637081600,11567694848,52854912,16,0.0007132766186259,1599078400.0,6.413884927297409e+17,6086.0,1.872373182421825,1.8923619453242568,bin_1
config_932,576,6,24,0.0050445646047592,0.8467416763305664,0.9169852137565612,0.158636525273323,0.0007132766186259,128,44127.0,4650435428637081600,11567694848,52854912,16,0.0007132766186259,3185049600.0,1.282671597931922e+18,12171.0,1.7978683157827031,1.816993893638986,bin_1
config_932,576,6,24,0.0050445646047592,0.8467416763305664,0.9169852137565612,0.158636525273323,0.0007132766186259,128,44127.0,4650435428637081600,11567694848,52854912,16,0.0007132766186259,4784128000.0,1.9240600906616627e+18,18257.0,1.7681466282391158,1.7852243648591588,bin_1
config_932,576,6,24,0.0050445646047592,0.8467416763305664,0.9169852137565612,0.158636525273323,0.0007132766186259,128,44127.0,4650435428637081600,11567694848,52854912,16,0.0007132766186259,6383206400.0,2.565343195863844e+18,24342.0,1.7497664228032848,1.7669600956948075,bin_1
config_932,576,6,24,0.0050445646047592,0.8467416763305664,0.9169852137565612,0.158636525273323,0.0007132766186259,128,44127.0,4650435428637081600,11567694848,52854912,16,0.0007132766186259,7982284800.0,3.2067316885935846e+18,30428.0,1.73674054184898,1.7539406687705243,bin_1
config_932,576,6,24,0.0050445646047592,0.8467416763305664,0.9169852137565612,0.158636525273323,0.0007132766186259,128,44127.0,4650435428637081600,11567694848,52854912,16,0.0007132766186259,9568256000.0,3.848120181323325e+18,36514.0,1.727239164446221,1.7445272279958255,bin_1
config_932,576,6,24,0.0050445646047592,0.8467416763305664,0.9169852137565612,0.158636525273323,0.0007132766186259,128,44127.0,4650435428637081600,11567694848,52854912,16,0.0001555961995202,11167334400.0,4.489403286525507e+18,42599.0,1.681161635195623,1.69771540153222,bin_1
config_932,576,6,24,0.0050445646047592,0.8467416763305664,0.9169852137565612,0.158636525273323,0.0007132766186259,128,44127.0,4650435428637081600,11567694848,52854912,16,2.751209814700174e-06,11560550400.0,4.650435428637082e+18,44127.0,1.671347634792328,1.687846996197935,bin_1
config_933,320,22,16,0.0389739871025085,0.8672309517860413,0.9578651785850524,0.0846775770187377,0.0004463092191144,32,5527.0,164244400477286400,362270240,46741120,16,0.0004463092191144,180224000.0,8.210734187058845e+16,2763.0,2.2817637944221496,2.3039691891044867,bin_0
config_933,320,22,16,0.0389739871025085,0.8672309517860413,0.9578651785850524,0.0846775770187377,0.0004463092191144,32,5527.0,164244400477286400,362270240,46741120,16,2.5748608795066305e-05,360448000.0,1.642444004772864e+17,5527.0,2.0358568236085235,2.055793950205944,bin_0
config_934,832,21,16,0.0064679570496082,0.9427167773246764,0.9213820695877076,0.1144028678536415,0.0006442559533752,64,33161.0,7623213347268919296,4346548736,220779520,8,0.0006442559533752,1592524800.0,2.7979291833663043e+18,12171.0,1.718580218319033,1.7358123620611725,bin_2
config_934,832,21,16,0.0064679570496082,0.9427167773246764,0.9213820695877076,0.1144028678536415,0.0006442559533752,64,33161.0,7623213347268919296,4346548736,220779520,8,0.0006442559533752,3191603200.0,5.595858366732609e+18,24342.0,1.6465527847751242,1.6633982859087773,bin_2
config_934,832,21,16,0.0064679570496082,0.9427167773246764,0.9213820695877076,0.1144028678536415,0.0006442559533752,64,33161.0,7623213347268919296,4346548736,220779520,8,1.868393220966994e-06,4345036800.0,7.623213347268919e+18,33161.0,1.558918613723067,1.5758339536190034,bin_2
config_935,896,23,14,0.0582132264971733,0.92836332321167,0.9909638166427612,0.1182259991765022,0.0021597412414848,64,11362.0,3231028033722187776,1489280768,277218816,8,0.0021597412414848,747110400.0,1.615514016861094e+18,5681.0,3.2080519553090707,3.2398415992689915,bin_1
config_935,896,23,14,0.0582132264971733,0.92836332321167,0.9909638166427612,0.1182259991765022,0.0021597412414848,64,11362.0,3231028033722187776,1489280768,277218816,8,1.929776239599284e-05,1487667200.0,3.231028033722188e+18,11362.0,3.05612717691015,3.088449210573416,bin_1
config_937,512,16,16,0.0219347365200519,0.8255900740623474,0.9345985651016236,0.1536719501018524,0.0011180402943864,64,50421.0,4513402292424671232,6608848384,80284672,16,0.0011180402943864,1592524800.0,1.0894789730687744e+18,12171.0,1.811145176105812,1.829394513270894,bin_1
config_937,512,16,16,0.0219347365200519,0.8255900740623474,0.9345985651016236,0.1536719501018524,0.0011180402943864,64,50421.0,4513402292424671232,6608848384,80284672,16,0.0011180402943864,3191603200.0,2.1789579461375488e+18,24342.0,1.746941291543304,1.7659646789363173,bin_1
config_937,512,16,16,0.0219347365200519,0.8255900740623474,0.9345985651016236,0.1536719501018524,0.0011180402943864,64,50421.0,4513402292424671232,6608848384,80284672,16,0.0011180402943864,4784128000.0,3.2685264335414697e+18,36514.0,1.7223098453146513,1.7391875707907756,bin_1
config_937,512,16,16,0.0219347365200519,0.8255900740623474,0.9345985651016236,0.1536719501018524,0.0011180402943864,64,50421.0,4513402292424671232,6608848384,80284672,16,0.0002483411650282,6383206400.0,4.358005406610244e+18,48685.0,1.6444979106402788,1.659874602067666,bin_1
config_937,512,16,16,0.0219347365200519,0.8255900740623474,0.9345985651016236,0.1536719501018524,0.0011180402943864,64,50421.0,4513402292424671232,6608848384,80284672,16,3.0303105552549094e-06,6606028800.0,4.513402292424671e+18,50421.0,1.6280990519289111,1.643065017246809,bin_1
config_938,960,6,16,0.00899522844702,0.8901885747909546,0.9084866046905518,0.0991379171609878,5.875293936696835e-05,64,19009.0,2066208801462190080,2491556096,114633600,16,5.875293936696835e-05,1592524800.0,1.3229432017779113e+18,12171.0,1.9195937661264764,1.940425581463048,bin_1
config_938,960,6,16,0.00899522844702,0.8901885747909546,0.9084866046905518,0.0991379171609878,5.875293936696835e-05,64,19009.0,2066208801462190080,2491556096,114633600,16,2.806669078039961e-07,2490368000.0,2.06620880146219e+18,19009.0,1.8257005925647547,1.8458382142176395,bin_1
config_939,1088,20,16,0.0057392450980842,0.8282347917556763,0.9159026741981506,0.1805349886417389,0.0094487043097615,64,12686.0,4380667501460963328,1662858368,349985664,8,0.0022115744585293,1592524800.0,4.202830219161389e+18,12171.0,3.0518972477756563,3.082818910098467,bin_1
config_939,1088,20,16,0.0057392450980842,0.8282347917556763,0.9159026741981506,0.1805349886417389,0.0094487043097615,64,12686.0,4380667501460963328,1662858368,349985664,8,0.0001485385830355,1658060800.0,4.3806675014609633e+18,12686.0,3.0242964272030064,3.0548573477541816,bin_1
config_94,896,7,8,0.0011437655193731,0.8389226794242859,0.9393162727355956,0.1194719225168228,0.003972927108407,128,49528.0,11014142775148412928,12983527424,115709440,16,0.003972927108407,1599078400.0,1.3534177218856655e+18,6086.0,1.7410359890343714,1.7584748922410558,bin_2
config_94,896,7,8,0.0011437655193731,0.8389226794242859,0.9393162727355956,0.1194719225168228,0.003972927108407,128,49528.0,11014142775148412928,12983527424,115709440,16,0.003972927108407,3185049600.0,2.706613061628399e+18,12171.0,1.6723905694289285,1.6891318650714686,bin_2
config_94,896,7,8,0.0011437655193731,0.8389226794242859,0.9393162727355956,0.1194719225168228,0.003972927108407,128,49528.0,11014142775148412928,12983527424,115709440,16,0.003972927108407,4784128000.0,4.060030783514064e+18,18257.0,1.6446527346235806,1.6587099303573858,bin_2
config_94,896,7,8,0.0011437655193731,0.8389226794242859,0.9393162727355956,0.1194719225168228,0.003972927108407,128,49528.0,11014142775148412928,12983527424,115709440,16,0.003972927108407,6383206400.0,5.413226123256798e+18,24342.0,1.627098391564166,1.6411776130316686,bin_2
config_94,896,7,8,0.0011437655193731,0.8389226794242859,0.9393162727355956,0.1194719225168228,0.003972927108407,128,49528.0,11014142775148412928,12983527424,115709440,16,0.003972927108407,7982284800.0,6.766643845142463e+18,30428.0,1.616110245477958,1.6289917887234298,bin_2
config_94,896,7,8,0.0011437655193731,0.8389226794242859,0.9393162727355956,0.1194719225168228,0.003972927108407,128,49528.0,11014142775148412928,12983527424,115709440,16,0.003972927108407,9568256000.0,8.120061567028129e+18,36514.0,1.605949707070335,1.6187318025260675,bin_2
config_94,896,7,8,0.0011437655193731,0.8389226794242859,0.9393162727355956,0.1194719225168228,0.003972927108407,128,49528.0,11014142775148412928,12983527424,115709440,16,0.003972927108407,11167334400.0,9.473256906770862e+18,42599.0,1.5983574373995673,1.611129092662061,bin_2
config_94,896,7,8,0.0011437655193731,0.8389226794242859,0.9393162727355956,0.1194719225168228,0.003972927108407,128,49528.0,11014142775148412928,12983527424,115709440,16,0.000555954646909,12766412800.0,1.0826674628656527e+19,48685.0,1.5523533597148833,1.5643753007591747,bin_2
config_94,896,7,8,0.0011437655193731,0.8389226794242859,0.9393162727355956,0.1194719225168228,0.003972927108407,128,49528.0,11014142775148412928,12983527424,115709440,16,1.880039868774625e-05,12976128000.0,1.1014142775148413e+19,49528.0,1.543992280999168,1.558912298952947,bin_2
config_940,384,11,12,0.0703652575612068,0.883891761302948,0.9041836261749268,0.2584390342235565,0.0005807465058751,32,3574.0,78811896667299840,234257760,38779392,16,0.0005807465058751,117964800.0,3.940594833364992e+16,1787.0,2.396543853634693,2.4196830985976048,bin_0
config_940,384,11,12,0.0703652575612068,0.883891761302948,0.9041836261749268,0.2584390342235565,0.0005807465058751,32,3574.0,78811896667299840,234257760,38779392,16,1.5100667541715468e-05,232652800.0,7.881189666729984e+16,3574.0,2.1365640806370094,2.157159385642067,bin_0
config_942,576,23,12,0.1370530575513839,0.8752363920211792,0.9468250870704652,0.2361691445112228,0.0004518312343861,32,6537.0,449336658600824832,428445152,120556800,8,0.0004518312343861,212992000.0,2.2463396057939357e+17,3268.0,2.107958846932552,2.129165856349664,bin_0
config_942,576,23,12,0.1370530575513839,0.8752363920211792,0.9468250870704652,0.2361691445112228,0.0004518312343861,32,6537.0,449336658600824832,428445152,120556800,8,1.0834579178411595e-05,425984000.0,4.493366586008248e+17,6537.0,1.893990654730406,1.9137392613145168,bin_0
config_943,1024,21,8,0.005132052116096,0.8877931237220764,0.9553965926170348,0.040259975939989,2.884045352402609e-05,64,27272.0,8778962880909803520,3574698240,321273856,8,2.884045352402609e-05,1592524800.0,3.9178922419900713e+18,12171.0,1.8931950983844816,1.913097032953481,bin_2
config_943,1024,21,8,0.005132052116096,0.8877931237220764,0.9553965926170348,0.040259975939989,2.884045352402609e-05,64,27272.0,8778962880909803520,3574698240,321273856,8,2.884045352402609e-05,3191603200.0,7.835784483980143e+18,24342.0,1.7549617172655512,1.7742666839771584,bin_2
config_943,1024,21,8,0.005132052116096,0.8877931237220764,0.9553965926170348,0.040259975939989,2.884045352402609e-05,64,27272.0,8778962880909803520,3574698240,321273856,8,5.783864881755463e-07,3571712000.0,8.778962880909804e+18,27272.0,1.7155249575708733,1.7342234633985112,bin_2
config_944,512,14,16,0.0326683819293975,0.9036071300506592,0.9280173182487488,0.0802240520715713,0.0001326314231846,32,13557.0,548108423644446720,888527232,73466880,16,0.0001326314231846,445644800.0,2.740339968622896e+17,6778.0,2.106354288155915,2.1279503586644037,bin_0
config_944,512,14,16,0.0326683819293975,0.9036071300506592,0.9280173182487488,0.0802240520715713,0.0001326314231846,32,13557.0,548108423644446720,888527232,73466880,16,8.541122008210919e-07,888012800.0,5.481084236444467e+17,13557.0,1.9235299789710123,1.944019037191985,bin_0
config_945,640,18,20,0.1838158220052719,0.9017532467842102,0.9940812587738036,0.1336964666843414,0.000443983473815,64,9408.0,1263648093493985280,1233169664,123623680,8,0.000443983473815,616038400.0,6.318240467469926e+17,4704.0,1.8727684866404923,1.891559231378993,bin_1
config_945,640,18,20,0.1838158220052719,0.9017532467842102,0.9940812587738036,0.1336964666843414,0.000443983473815,64,9408.0,1263648093493985280,1233169664,123623680,8,2.825670477740846e-06,1232076800.0,1.2636480934939853e+18,9408.0,1.7099756661399466,1.7280345119609208,bin_1
config_946,512,11,16,0.0299524795264005,0.8208543062210083,0.9324527978897096,0.2667144536972046,0.0013698934344574,128,57223.0,7767155459830579200,15000806400,63240192,16,0.0013698934344574,1599078400.0,8.260823118069466e+17,6086.0,1.8299839362550956,1.8495915693142373,bin_2
config_946,512,11,16,0.0299524795264005,0.8208543062210083,0.9324527978897096,0.2667144536972046,0.0013698934344574,128,57223.0,7767155459830579200,15000806400,63240192,16,0.0013698934344574,3185049600.0,1.6520288887614766e+18,12171.0,1.754802475092841,1.7735691743600563,bin_2
config_946,512,11,16,0.0299524795264005,0.8208543062210083,0.9324527978897096,0.2667144536972046,0.0013698934344574,128,57223.0,7767155459830579200,15000806400,63240192,16,0.0013698934344574,4784128000.0,2.4781112005684234e+18,18257.0,1.726692352334007,1.7431604028920658,bin_2
config_946,512,11,16,0.0299524795264005,0.8208543062210083,0.9324527978897096,0.2667144536972046,0.0013698934344574,128,57223.0,7767155459830579200,15000806400,63240192,16,0.0013698934344574,6383206400.0,3.304057777522953e+18,24342.0,1.7097812847231255,1.726012372892411,bin_2
config_946,512,11,16,0.0299524795264005,0.8208543062210083,0.9324527978897096,0.2667144536972046,0.0013698934344574,128,57223.0,7767155459830579200,15000806400,63240192,16,0.0013698934344574,7982284800.0,4.1301400893299e+18,30428.0,1.6987887132754091,1.715179985781185,bin_2
config_946,512,11,16,0.0299524795264005,0.8208543062210083,0.9324527978897096,0.2667144536972046,0.0013698934344574,128,57223.0,7767155459830579200,15000806400,63240192,16,0.0013698934344574,9568256000.0,4.956222401136847e+18,36514.0,1.6909396327909876,1.7069824540028806,bin_2
config_946,512,11,16,0.0299524795264005,0.8208543062210083,0.9324527978897096,0.2667144536972046,0.0013698934344574,128,57223.0,7767155459830579200,15000806400,63240192,16,0.0013125377861402,11167334400.0,5.782168978091377e+18,42599.0,1.6811475923022283,1.6969376981844668,bin_2
config_946,512,11,16,0.0299524795264005,0.8208543062210083,0.9324527978897096,0.2667144536972046,0.0013698934344574,128,57223.0,7767155459830579200,15000806400,63240192,16,0.0007650112529079,12766412800.0,6.608251289898323e+18,48685.0,1.6487278087803574,1.6638833174549166,bin_2
config_946,512,11,16,0.0299524795264005,0.8208543062210083,0.9324527978897096,0.2667144536972046,0.0013698934344574,128,57223.0,7767155459830579200,15000806400,63240192,16,0.0002219726420792,14352384000.0,7.434197866852853e+18,54770.0,1.615448395541457,1.6279202166541678,bin_2
config_946,512,11,16,0.0299524795264005,0.8208543062210083,0.9324527978897096,0.2667144536972046,0.0013698934344574,128,57223.0,7767155459830579200,15000806400,63240192,16,2.064444305629803e-06,14994636800.0,7.767155459830579e+18,57223.0,1.602681632589121,1.61495935545593,bin_2
config_947,320,23,16,0.0010431179543957,0.8281490802764893,0.9483137130737304,0.0885433703660965,0.0004640633706003,64,45647.0,2809670330804797440,5983171072,48134400,16,0.0004640633706003,1592524800.0,7.49151041606791e+17,12171.0,1.871279827024116,1.8913418460673972,bin_1
config_947,320,23,16,0.0010431179543957,0.8281490802764893,0.9483137130737304,0.0885433703660965,0.0004640633706003,64,45647.0,2809670330804797440,5983171072,48134400,16,0.0004640633706003,3191603200.0,1.498302083213582e+18,24342.0,1.8129309812920995,1.832188186020148,bin_1
config_947,320,23,16,0.0010431179543957,0.8281490802764893,0.9483137130737304,0.0885433703660965,0.0004640633706003,64,45647.0,2809670330804797440,5983171072,48134400,16,0.0004640633706003,4784128000.0,2.2475146769559089e+18,36514.0,1.7826257121758382,1.800808105351495,bin_1
config_947,320,23,16,0.0010431179543957,0.8281490802764893,0.9483137130737304,0.0885433703660965,0.0004640633706003,64,45647.0,2809670330804797440,5983171072,48134400,16,5.397421038905268e-06,5976883200.0,2.8096703308047974e+18,45647.0,1.7182026873260248,1.7347458732714418,bin_1
config_949,512,18,16,0.0052215522155165,0.80809485912323,0.9188672304153442,0.0149613628163933,2.550324279582128e-05,64,9564.0,939010200109056000,1253696000,87102464,8,2.550324279582128e-05,629145600.0,4.69505100054528e+17,4782.0,2.6389704064072155,2.667051781572279,bin_0
config_949,512,18,16,0.0052215522155165,0.80809485912323,0.9188672304153442,0.0149613628163933,2.550324279582128e-05,64,9564.0,939010200109056000,1253696000,87102464,8,2.496820973017468e-06,1251737600.0,9.39010200109056e+17,9564.0,2.30874102637416,2.332895346000546,bin_0
config_950,448,6,16,0.0326864086091518,0.8447169661521912,0.9848087430000304,0.224954068660736,0.0018887841142714,64,11544.0,441901707272847360,1513166336,37668736,16,0.0018887841142714,753664000.0,2.2095085363642368e+17,5772.0,1.917937747494119,1.938364688881108,bin_0
config_950,448,6,16,0.0326864086091518,0.8447169661521912,0.9848087430000304,0.224954068660736,0.0018887841142714,64,11544.0,441901707272847360,1513166336,37668736,16,3.201329007239688e-05,1507328000.0,4.4190170727284736e+17,11544.0,1.7886585937171686,1.8082295202036371,bin_0
config_952,576,5,6,0.0010198529344052,0.9815547466278076,0.9330384135246276,0.0596671551465988,0.0086375931277871,32,12172.0,290368444173336576,797769088,48872448,16,0.0086375931277871,399769600.0,1.451842220866683e+17,6086.0,3.358345095056002,3.3902259841512463,bin_0
config_952,576,5,6,0.0010198529344052,0.9815547466278076,0.9330384135246276,0.0596671551465988,0.0086375931277871,32,12172.0,290368444173336576,797769088,48872448,16,0.0002617452462965,796262400.0,2.903684441733366e+17,12172.0,3.187227532980872,3.220056616126514,bin_0
config_956,1088,7,16,0.0460517145693302,0.9252250790596008,0.9954620599746704,0.238180860877037,7.310631190193817e-05,32,6108.0,454532195887718400,400334016,158051584,16,7.310631190193817e-05,199884800.0,2.272660979438592e+17,3054.0,2.2272410596785,2.2500631072091277,bin_0
config_956,1088,7,16,0.0460517145693302,0.9252250790596008,0.9954620599746704,0.238180860877037,7.310631190193817e-05,32,6108.0,454532195887718400,400334016,158051584,16,4.02235553793336e-07,399769600.0,4.545321958877184e+17,6108.0,2.014666597960425,2.0352881621532752,bin_0
config_958,448,22,8,0.0254484098404645,0.8462859392166138,0.9301247000694276,0.2276359349489212,0.0008469525491818,64,61093.0,5688781049475170304,8007635456,78053248,8,0.0008469525491818,1592524800.0,1.1333238530300084e+18,12171.0,1.8155312763081224,1.8354397976593888,bin_2
config_958,448,22,8,0.0254484098404645,0.8462859392166138,0.9301247000694276,0.2276359349489212,0.0008469525491818,64,61093.0,5688781049475170304,8007635456,78053248,8,0.0008469525491818,3191603200.0,2.266647706060017e+18,24342.0,1.7550277231364957,1.7741933438426158,bin_2
config_958,448,22,8,0.0254484098404645,0.8462859392166138,0.9301247000694276,0.2276359349489212,0.0008469525491818,64,61093.0,5688781049475170304,8007635456,78053248,8,0.0008469525491818,4784128000.0,3.400064675830887e+18,36514.0,1.729754999817395,1.746790639025266,bin_2
config_958,448,22,8,0.0254484098404645,0.8462859392166138,0.9301247000694276,0.2276359349489212,0.0008469525491818,64,61093.0,5688781049475170304,8007635456,78053248,8,0.0007548024551999,6383206400.0,4.533388528860895e+18,48685.0,1.7047733113218526,1.721402743194924,bin_2
config_958,448,22,8,0.0254484098404645,0.8462859392166138,0.9301247000694276,0.2276359349489212,0.0008469525491818,64,61093.0,5688781049475170304,8007635456,78053248,8,1.48000481411763e-05,7975731200.0,5.666712381890903e+18,60856.0,1.621805428676918,1.6372492833215682,bin_2
config_958,448,22,8,0.0254484098404645,0.8462859392166138,0.9301247000694276,0.2276359349489212,0.0008469525491818,64,61093.0,5688781049475170304,8007635456,78053248,8,2.6189385599612166e-06,8001945600.0,5.68878104947517e+18,61093.0,1.621311506931899,1.6367534956580303,bin_2
config_959,1088,22,8,0.1274840086698532,0.8903167843818665,0.9378591775894164,0.1212211325764656,4.417045784066431e-05,64,60793.0,22829454247763312640,7968281088,379513984,8,4.417045784066431e-05,1592524800.0,4.5705473927841577e+18,12171.0,1.821215460437243,1.8405319407533427,bin_2
config_959,1088,22,8,0.1274840086698532,0.8903167843818665,0.9378591775894164,0.1212211325764656,4.417045784066431e-05,64,60793.0,22829454247763312640,7968281088,379513984,8,4.417045784066431e-05,3191603200.0,9.141094785568316e+18,24342.0,1.6969911207722836,1.7153970162594905,bin_2
config_959,1088,22,8,0.1274840086698532,0.8903167843818665,0.9378591775894164,0.1212211325764656,4.417045784066431e-05,64,60793.0,22829454247763312640,7968281088,379513984,8,4.417045784066431e-05,4784128000.0,1.3712017706032431e+19,36514.0,1.6396940199078107,1.656280960567662,bin_2
config_959,1088,22,8,0.1274840086698532,0.8903167843818665,0.9378591775894164,0.1212211325764656,4.417045784066431e-05,64,60793.0,22829454247763312640,7968281088,379513984,8,4.417045784066431e-05,6383206400.0,1.8282565098816588e+19,48685.0,1.6032816833550814,1.6192183275300949,bin_2
config_959,1088,22,8,0.1274840086698532,0.8903167843818665,0.9378591775894164,0.1212211325764656,4.417045784066431e-05,64,60793.0,22829454247763312640,7968281088,379513984,8,2.577459203621335e-07,7962624000.0,2.2829454247763317e+19,60793.0,1.5470228783908435,1.5619814793203697,bin_2
config_96,1024,9,16,0.09421207010746,0.8357014656066895,0.9289611577987672,0.1336427181959152,6.733372720191255e-05,64,26162.0,4214549522024497152,3429174784,167108608,8,6.733372720191255e-05,1592524800.0,1.9606789325189263e+18,12171.0,1.8537957928610629,1.873941319262395,bin_1
config_96,1024,9,16,0.09421207010746,0.8357014656066895,0.9289611577987672,0.1336427181959152,6.733372720191255e-05,64,26162.0,4214549522024497152,3429174784,167108608,8,3.489951764584255e-05,3191603200.0,3.9213578650378527e+18,24342.0,1.730770191130091,1.7495083825119206,bin_1
config_96,1024,9,16,0.09421207010746,0.8357014656066895,0.9289611577987672,0.1336427181959152,6.733372720191255e-05,64,26162.0,4214549522024497152,3429174784,167108608,8,2.3112263341617655e-07,3427532800.0,4.214549522024497e+18,26162.0,1.7092756077305216,1.727665924986855,bin_1
config_962,384,5,16,0.1872196495532989,0.8258960247039795,0.9223802089691162,0.0974951162934303,8.686401270097122e-05,64,72349.0,2049355517495869440,9483002880,28157952,16,8.686401270097122e-05,1592524800.0,3.44755366396802e+17,12171.0,2.149726040832332,2.172440836116916,bin_1
config_962,384,5,16,0.1872196495532989,0.8258960247039795,0.9223802089691162,0.0974951162934303,8.686401270097122e-05,64,72349.0,2049355517495869440,9483002880,28157952,16,8.686401270097122e-05,3191603200.0,6.89510732793604e+17,24342.0,2.0008409024457463,2.023080961274319,bin_1
config_962,384,5,16,0.1872196495532989,0.8258960247039795,0.9223802089691162,0.0974951162934303,8.686401270097122e-05,64,72349.0,2049355517495869440,9483002880,28157952,16,8.686401270097122e-05,4784128000.0,1.0342944251592168e+18,36514.0,1.9466706219266672,1.968135030465048,bin_1
config_962,384,5,16,0.1872196495532989,0.8258960247039795,0.9223802089691162,0.0974951162934303,8.686401270097122e-05,64,72349.0,2049355517495869440,9483002880,28157952,16,8.686401270097122e-05,6383206400.0,1.3790497915560187e+18,48685.0,1.9173589904972763,1.937898464320136,bin_1
config_962,384,5,16,0.1872196495532989,0.8258960247039795,0.9223802089691162,0.0974951162934303,8.686401270097122e-05,64,72349.0,2049355517495869440,9483002880,28157952,16,8.686401270097122e-05,7975731200.0,1.7238051579528207e+18,60856.0,1.898546847828099,1.91896247852044,bin_1
config_962,384,5,16,0.1872196495532989,0.8258960247039795,0.9223802089691162,0.0974951162934303,8.686401270097122e-05,64,72349.0,2049355517495869440,9483002880,28157952,16,6.034788915848017e-07,9476505600.0,2.0493555174958692e+18,72349.0,1.8521696529232088,1.8723798628322412,bin_1
config_964,256,23,8,0.0036767984274774,0.9327013492584229,0.9101734161376952,0.0909989327192306,0.0027576265856623,128,54176.0,4821610844006645760,14202071040,32478208,16,0.0027576265856623,1599078400.0,5.416480285850644e+17,6086.0,1.8801872273742173,1.8998041335481115,bin_1
config_964,256,23,8,0.0036767984274774,0.9327013492584229,0.9101734161376952,0.0909989327192306,0.0027576265856623,128,54176.0,4821610844006645760,14202071040,32478208,16,0.0027576265856623,3185049600.0,1.0832070581513012e+18,12171.0,1.8129153601458816,1.831888731190416,bin_1
config_964,256,23,8,0.0036767984274774,0.9327013492584229,0.9101734161376952,0.0909989327192306,0.0027576265856623,128,54176.0,4821610844006645760,14202071040,32478208,16,0.0027576265856623,4784128000.0,1.6248550867363656e+18,18257.0,1.7867021626722617,1.8035119413547829,bin_1
config_964,256,23,8,0.0036767984274774,0.9327013492584229,0.9101734161376952,0.0909989327192306,0.0027576265856623,128,54176.0,4821610844006645760,14202071040,32478208,16,0.0027576265856623,6383206400.0,2.1664141163026025e+18,24342.0,1.7714168677564528,1.787750331300204,bin_1
config_964,256,23,8,0.0036767984274774,0.9327013492584229,0.9101734161376952,0.0909989327192306,0.0027576265856623,128,54176.0,4821610844006645760,14202071040,32478208,16,0.0027576265856623,7982284800.0,2.708062144887666e+18,30428.0,1.760664421495844,1.7774068051478902,bin_1
config_964,256,23,8,0.0036767984274774,0.9327013492584229,0.9101734161376952,0.0909989327192306,0.0027576265856623,128,54176.0,4821610844006645760,14202071040,32478208,16,0.0027576265856623,9568256000.0,3.249710173472731e+18,36514.0,1.7535035862688158,1.7695175034100892,bin_1
config_964,256,23,8,0.0036767984274774,0.9327013492584229,0.9101734161376952,0.0909989327192306,0.0027576265856623,128,54176.0,4821610844006645760,14202071040,32478208,16,0.0027576265856623,11167334400.0,3.7912692030389673e+18,42599.0,1.7471052422679838,1.763373068160698,bin_1
config_964,256,23,8,0.0036767984274774,0.9327013492584229,0.9101734161376952,0.0909989327192306,0.0027576265856623,128,54176.0,4821610844006645760,14202071040,32478208,16,0.0027576265856623,12766412800.0,4.332917231624032e+18,48685.0,1.7424294104732452,1.7582686022070588,bin_1
config_964,256,23,8,0.0036767984274774,0.9327013492584229,0.9101734161376952,0.0909989327192306,0.0027576265856623,128,54176.0,4821610844006645760,14202071040,32478208,16,1.454621449121932e-05,14195097600.0,4.821610844006646e+18,54176.0,1.691837733651771,1.7037509859194522,bin_1
config_965,768,9,6,0.0010940824868157,0.8894278407096863,0.9024598002433776,0.2743559777736664,0.0001117236097343,64,10270.0,1055020149793751040,1346115328,102328320,16,0.0001117236097343,675020800.0,5.275100748968755e+17,5135.0,1.9904705016730264,2.011374006388617,bin_1
config_965,768,9,6,0.0010940824868157,0.8894278407096863,0.9024598002433776,0.2743559777736664,0.0001117236097343,64,10270.0,1055020149793751040,1346115328,102328320,16,7.932098667683905e-07,1343488000.0,1.055020149793751e+18,10270.0,1.8462096724744703,1.865660092127128,bin_1
config_966,1152,7,16,0.0298108756542205,0.8778911828994751,0.9753968119621276,0.1143874898552894,0.0015226597897708,32,9646.0,767801822088314880,632166720,169413120,16,0.0015226597897708,314572800.0,3.8390091104415744e+17,4823.0,2.102486400057058,2.124093923998661,bin_0
config_966,1152,7,16,0.0298108756542205,0.8778911828994751,0.9753968119621276,0.1143874898552894,0.0015226597897708,32,9646.0,767801822088314880,632166720,169413120,16,6.350167754257357e-05,629145600.0,7.678018220883149e+17,9646.0,1.8950102999171272,1.9139286733064496,bin_0
config_968,832,4,4,0.0014715912984684,0.8719964623451233,0.9164458513259888,0.1803254932165146,0.0005636195419356,64,26362.0,1856388317617127424,3455391232,75916672,16,0.0005636195419356,1592524800.0,8.570708676776442e+17,12171.0,1.8600123858060995,1.880143174265252,bin_1
config_968,832,4,4,0.0014715912984684,0.8719964623451233,0.9164458513259888,0.1803254932165146,0.0005636195419356,64,26362.0,1856388317617127424,3455391232,75916672,16,0.0002385866859613,3191603200.0,1.7141417353552883e+18,24342.0,1.7653687285986104,1.7848696901368313,bin_1
config_968,832,4,4,0.0014715912984684,0.8719964623451233,0.9164458513259888,0.1803254932165146,0.0005636195419356,64,26362.0,1856388317617127424,3455391232,75916672,16,1.4229822224337595e-06,3453747200.0,1.8563883176171277e+18,26362.0,1.7368934618058751,1.7560014789612566,bin_1
config_969,512,8,16,0.0017774045700207,0.9450258016586304,0.9842374324798584,0.2373764365911483,3.071608080063015e-05,32,6204.0,170241666631630848,406603488,53013504,16,3.071608080063015e-05,203161600.0,8.512083331581542e+16,3102.0,2.8592123712477138,2.8887902038605486,bin_0
config_969,512,8,16,0.0017774045700207,0.9450258016586304,0.9842374324798584,0.2373764365911483,3.071608080063015e-05,32,6204.0,170241666631630848,406603488,53013504,16,8.346761087127436e-08,406323200.0,1.7024166663163085e+17,6204.0,2.626539627450412,2.6544701645804234,bin_0
config_971,832,5,16,0.0045982119627296,0.8599691987037659,0.9132108688354492,0.1208895966410636,0.0001913301530294,32,3819.0,152396356232220672,250318688,84438016,16,0.0001913301530294,124518400.0,7.617822572592544e+16,1909.0,2.3749944321835628,2.3992717953197293,bin_0
config_971,832,5,16,0.0045982119627296,0.8599691987037659,0.9132108688354492,0.1208895966410636,0.0001913301530294,32,3819.0,152396356232220672,250318688,84438016,16,7.885624528327175e-06,249036800.0,1.5239635623222067e+17,3819.0,2.126728089637444,2.1472425437364424,bin_0
config_972,1088,24,8,0.0060667004436254,0.8997802734375,0.966655433177948,0.0756280496716499,0.0002210157981608,64,61675.0,25025041345337819136,8083905024,409042304,8,0.0002210157981608,1592524800.0,4.938464178583001e+18,12171.0,1.6899651656385328,1.707521607993079,bin_2
config_972,1088,24,8,0.0060667004436254,0.8997802734375,0.966655433177948,0.0756280496716499,0.0002210157981608,64,61675.0,25025041345337819136,8083905024,409042304,8,0.0002210157981608,3191603200.0,9.876928357166002e+18,24342.0,1.5977331592411292,1.6144868767261504,bin_2
config_972,1088,24,8,0.0060667004436254,0.8997802734375,0.966655433177948,0.0756280496716499,0.0002210157981608,64,61675.0,25025041345337819136,8083905024,409042304,8,0.0002210157981608,4784128000.0,1.48157982923983e+19,36514.0,1.5569696533484536,1.5713209718172667,bin_2
config_972,1088,24,8,0.0060667004436254,0.8997802734375,0.966655433177948,0.0756280496716499,0.0002210157981608,64,61675.0,25025041345337819136,8083905024,409042304,8,0.0002210157981608,6383206400.0,1.97542624709813e+19,48685.0,1.5310144576772315,1.5451124248934571,bin_2
config_972,1088,24,8,0.0060667004436254,0.8997802734375,0.966655433177948,0.0756280496716499,0.0002210157981608,64,61675.0,25025041345337819136,8083905024,409042304,8,3.909477561806716e-05,7975731200.0,2.46927266495643e+19,60856.0,1.4754589142174015,1.4886328646784923,bin_2
config_972,1088,24,8,0.0060667004436254,0.8997802734375,0.966655433177948,0.0756280496716499,0.0002210157981608,64,61675.0,25025041345337819136,8083905024,409042304,8,1.1846901702444626e-06,8080588800.0,2.502504134533782e+19,61675.0,1.4704396287535058,1.4835531978138157,bin_2
config_973,320,14,20,0.0139355575665831,0.8114351630210876,0.987652599811554,0.2538731098175049,0.0001000051342998,32,12769.0,270823458801254400,836871680,35594880,16,0.0001000051342998,419430400.0,1.354011246759502e+17,6384.0,2.3602749677955126,2.385366877845076,bin_0
config_973,320,14,20,0.0139355575665831,0.8114351630210876,0.987652599811554,0.2538731098175049,0.0001000051342998,32,12769.0,270823458801254400,836871680,35594880,16,5.862689144391759e-07,835584000.0,2.708234588012544e+17,12769.0,2.098550042637059,2.120165874684443,bin_0
config_974,1088,22,16,0.002171300118789,0.8533669710159302,0.9573636054992676,0.1080391854047775,0.0015240624779835,64,38073.0,14297729874833571840,4990409728,379513984,8,0.0015240624779835,1592524800.0,4.5706319519501855e+18,12171.0,1.695170858023597,1.7125795110131874,bin_2
config_974,1088,22,16,0.002171300118789,0.8533669710159302,0.9573636054992676,0.1080391854047775,0.0015240624779835,64,38073.0,14297729874833571840,4990409728,379513984,8,0.0015240624779835,3191603200.0,9.141263903900372e+18,24342.0,1.6083898737977762,1.625241165747408,bin_2
config_974,1088,22,16,0.002171300118789,0.8533669710159302,0.9573636054992676,0.1080391854047775,0.0015240624779835,64,38073.0,14297729874833571840,4990409728,379513984,8,0.0005828714509769,4784128000.0,1.3712271390478109e+19,36514.0,1.5335186049586438,1.5480630163091127,bin_2
config_974,1088,22,16,0.002171300118789,0.8533669710159302,0.9573636054992676,0.1080391854047775,0.0015240624779835,64,38073.0,14297729874833571840,4990409728,379513984,8,8.522595913839498e-06,4987289600.0,1.4297729874833572e+19,38073.0,1.5132928498064886,1.5275042297801034,bin_2
config_975,960,17,16,0.0193163137882947,0.9164415001869202,0.9301259517669678,0.0015402854187414,0.0015484727919101,64,15339.0,3656666926529003520,2010578048,236305920,8,0.0015484727919101,1592524800.0,2.901446845477835e+18,12171.0,1.7282939159674722,1.74580916021691,bin_1
config_975,960,17,16,0.0193163137882947,0.9164415001869202,0.9301259517669678,0.0015402854187414,0.0015484727919101,64,15339.0,3656666926529003520,2010578048,236305920,8,0.0015484727919101,2005401600.0,3.656666926529004e+18,15339.0,1.6944894996041158,1.7114380769846869,bin_1
config_976,640,18,20,0.0088098747655749,0.8203990459442139,0.9784173369407654,0.0165969915688037,7.366479985648766e-05,64,17296.0,2323123275568250880,2267090944,123623680,8,7.366479985648766e-05,1592524800.0,1.6347556306048325e+18,12171.0,1.870563402625381,1.8906282074725045,bin_1
config_976,640,18,20,0.0088098747655749,0.8203990459442139,0.9784173369407654,0.0165969915688037,7.366479985648766e-05,64,17296.0,2323123275568250880,2267090944,123623680,8,1.1806901719158314e-05,2260992000.0,2.323123275568251e+18,17296.0,1.7862910821203326,1.8057384744433107,bin_1
config_977,896,7,16,0.0064735542982816,0.9222034811973572,0.9383334517478944,0.2639292478561401,0.0063503636047244,64,15992.0,1778184129504706560,2096132480,115709440,16,0.0057815395661969,1592524800.0,1.3533190995623926e+18,12171.0,2.38632233815115,2.410028266515888,bin_1
config_977,896,7,16,0.0064735542982816,0.9222034811973572,0.9383334517478944,0.2639292478561401,0.0063503636047244,64,15992.0,1778184129504706560,2096132480,115709440,16,6.32026709474938e-05,2090598400.0,1.7781841295047066e+18,15992.0,2.191248059194596,2.213164903062289,bin_1
config_98,448,18,8,0.0129954637959599,0.965359389781952,0.9380303621292114,0.0186958387494087,0.003698862157762,128,55493.0,8813170688714735616,14547407872,67957120,16,0.003698862157762,1599078400.0,9.665535619180416e+17,6086.0,1.787888644601478,1.8071803622558469,bin_2
config_98,448,18,8,0.0129954637959599,0.965359389781952,0.9380303621292114,0.0186958387494087,0.003698862157762,128,55493.0,8813170688714735616,14547407872,67957120,16,0.003698862157762,3185049600.0,1.932948307936984e+18,12171.0,1.7179589660050438,1.736746922829112,bin_2
config_98,448,18,8,0.0129954637959599,0.965359389781952,0.9380303621292114,0.0186958387494087,0.003698862157762,128,55493.0,8813170688714735616,14547407872,67957120,16,0.003698862157762,4784128000.0,2.8995018698550257e+18,18257.0,1.692357092802642,1.7084370699085174,bin_2
config_98,448,18,8,0.0129954637959599,0.965359389781952,0.9380303621292114,0.0186958387494087,0.003698862157762,128,55493.0,8813170688714735616,14547407872,67957120,16,0.003698862157762,6383206400.0,3.865896615873968e+18,24342.0,1.6770975751955002,1.6931710045845785,bin_2
config_98,448,18,8,0.0129954637959599,0.965359389781952,0.9380303621292114,0.0186958387494087,0.003698862157762,128,55493.0,8813170688714735616,14547407872,67957120,16,0.003698862157762,7982284800.0,4.83245017779201e+18,30428.0,1.6664980153568456,1.682489958903829,bin_2
config_98,448,18,8,0.0129954637959599,0.965359389781952,0.9380303621292114,0.0186958387494087,0.003698862157762,128,55493.0,8813170688714735616,14547407872,67957120,16,0.003698862157762,9568256000.0,5.799003739710051e+18,36514.0,1.6592260522920577,1.6748813288719928,bin_2
config_98,448,18,8,0.0129954637959599,0.965359389781952,0.9380303621292114,0.0186958387494087,0.003698862157762,128,55493.0,8813170688714735616,14547407872,67957120,16,0.003698862157762,11167334400.0,6.765398485728993e+18,42599.0,1.6532395522711707,1.6692866213204431,bin_2
config_98,448,18,8,0.0129954637959599,0.965359389781952,0.9380303621292114,0.0186958387494087,0.003698862157762,128,55493.0,8813170688714735616,14547407872,67957120,16,0.003698862157762,12766412800.0,7.731952047647034e+18,48685.0,1.6493925032459322,1.6648466702758289,bin_2
config_98,448,18,8,0.0129954637959599,0.965359389781952,0.9380303621292114,0.0186958387494087,0.003698862157762,128,55493.0,8813170688714735616,14547407872,67957120,16,0.0026501972837195,14352384000.0,8.698346793665977e+18,54770.0,1.6338865194164338,1.6464771490018877,bin_2
config_98,448,18,8,0.0129954637959599,0.965359389781952,0.9380303621292114,0.0186958387494087,0.003698862157762,128,55493.0,8813170688714735616,14547407872,67957120,16,0.000153376155047,14535884800.0,8.813170688714736e+18,55493.0,1.5978267994865043,1.609956305066093,bin_2
config_981,448,7,16,0.1650252640247345,0.8600093722343445,0.9899731874465942,0.2626772224903106,0.0081942798569798,32,5266.0,109828502461009920,345170080,40192768,16,0.0081942798569798,173670400.0,5.491425123050496e+16,2633.0,3.4854567160371874,3.520212439161832,bin_0
config_981,448,7,16,0.1650252640247345,0.8600093722343445,0.9899731874465942,0.2626772224903106,0.0081942798569798,32,5266.0,109828502461009920,345170080,40192768,16,9.480005619065708e-05,344064000.0,1.0982850246100992e+17,5266.0,2.84219762692686,2.8731558691869017,bin_0
config_982,320,9,10,0.0014104673173278,0.9856706857681274,0.9463449120521544,0.1173138171434402,0.0001117541905841,64,47114.0,1497612147953172480,6175382016,28628480,16,0.0001117541905841,1592524800.0,3.868794297393145e+17,12171.0,2.067555389443382,2.08853942062034,bin_1
config_982,320,9,10,0.0014104673173278,0.9856706857681274,0.9463449120521544,0.1173138171434402,0.0001117541905841,64,47114.0,1497612147953172480,6175382016,28628480,16,0.0001117541905841,3191603200.0,7.73758859478629e+17,24342.0,1.916276128722019,1.9367417570411185,bin_1
config_982,320,9,10,0.0014104673173278,0.9856706857681274,0.9463449120521544,0.1173138171434402,0.0001117541905841,64,47114.0,1497612147953172480,6175382016,28628480,16,0.0001117541905841,4784128000.0,1.160670076205844e+18,36514.0,1.864561505513113,1.8832078085180188,bin_1
config_982,320,9,10,0.0014104673173278,0.9856706857681274,0.9463449120521544,0.1173138171434402,0.0001117541905841,64,47114.0,1497612147953172480,6175382016,28628480,16,2.83075568695233e-07,6173491200.0,1.4976121479531725e+18,47114.0,1.8155155109577488,1.8339516819891384,bin_1
config_983,704,20,8,0.0852379575371742,0.8519636988639832,0.9215052723884584,0.2484911233186721,0.0020802628714591,32,14170.0,1221519195923963904,928671168,161580672,8,0.0020802628714591,465305600.0,6.10759597961982e+17,7085.0,2.080459001846001,2.102446780439283,bin_1
config_983,704,20,8,0.0852379575371742,0.8519636988639832,0.9215052723884584,0.2484911233186721,0.0020802628714591,32,14170.0,1221519195923963904,928671168,161580672,8,1.1816318497353488e-05,927334400.0,1.221519195923964e+18,14170.0,1.829808086235015,1.8496256169530207,bin_1
config_984,640,22,20,0.1086228042840957,0.8259413242340088,0.9227816462516784,0.0551689304411411,3.899680086760782e-05,64,31737.0,5031440200629288960,4159841024,143944960,8,3.899680086760782e-05,1592524800.0,1.9295352012433147e+18,12171.0,2.01002951612238,2.031370866396388,bin_1
config_984,640,22,20,0.1086228042840957,0.8259413242340088,0.9227816462516784,0.0551689304411411,3.899680086760782e-05,64,31737.0,5031440200629288960,4159841024,143944960,8,3.899680086760782e-05,3191603200.0,3.859070402486629e+18,24342.0,1.846901156550548,1.8675709002330656,bin_1
config_984,640,22,20,0.1086228042840957,0.8259413242340088,0.9227816462516784,0.0551689304411411,3.899680086760782e-05,64,31737.0,5031440200629288960,4159841024,143944960,8,8.245037897722802e-07,4154982400.0,5.031440200629289e+18,31737.0,1.777130008115143,1.797155740769183,bin_1
config_985,512,15,16,0.0014714102726429,0.8445362448692322,0.9038357734680176,0.0544733442366123,0.0008719900506548,128,41928.0,7143354918223478784,10991415296,76875776,16,0.0008719900506548,1599078400.0,1.0368836584694738e+18,6086.0,1.8093929178597496,1.82880791449156,bin_2
config_985,512,15,16,0.0014714102726429,0.8445362448692322,0.9038357734680176,0.0544733442366123,0.0008719900506548,128,41928.0,7143354918223478784,10991415296,76875776,16,0.0008719900506548,3185049600.0,2.0735969449937505e+18,12171.0,1.73417307169711,1.7529000179494014,bin_2
config_985,512,15,16,0.0014714102726429,0.8445362448692322,0.9038357734680176,0.0544733442366123,0.0008719900506548,128,41928.0,7143354918223478784,10991415296,76875776,16,0.0008719900506548,4784128000.0,3.110480603463224e+18,18257.0,1.7026100038309566,1.7196421207365442,bin_2
config_985,512,15,16,0.0014714102726429,0.8445362448692322,0.9038357734680176,0.0544733442366123,0.0008719900506548,128,41928.0,7143354918223478784,10991415296,76875776,16,0.0008719900506548,6383206400.0,4.147193889987501e+18,24342.0,1.6824317682375671,1.698757688608326,bin_2
config_985,512,15,16,0.0014714102726429,0.8445362448692322,0.9038357734680176,0.0544733442366123,0.0008719900506548,128,41928.0,7143354918223478784,10991415296,76875776,16,0.0008719900506548,7982284800.0,5.184077548456974e+18,30428.0,1.6692590108074126,1.685238302183933,bin_2
config_985,512,15,16,0.0014714102726429,0.8445362448692322,0.9038357734680176,0.0544733442366123,0.0008719900506548,128,41928.0,7143354918223478784,10991415296,76875776,16,0.0008719900506548,9568256000.0,6.220961206926448e+18,36514.0,1.6585954724765215,1.6745673115136193,bin_2
config_985,512,15,16,0.0014714102726429,0.8445362448692322,0.9038357734680176,0.0544733442366123,0.0008719900506548,128,41928.0,7143354918223478784,10991415296,76875776,16,1.0694577931816122e-05,10983833600.0,7.143354918223479e+18,41928.0,1.607342387770043,1.6222568827378945,bin_2
config_987,832,5,16,0.0439998731017112,0.8300049304962158,0.9467779397964478,0.0239667538553476,0.0002807617129292,32,9902.0,395088586900660224,648952896,84438016,16,0.0002807617129292,324403200.0,1.975442934503301e+17,4951.0,2.0565233303288943,2.076615792337011,bin_0
config_987,832,5,16,0.0439998731017112,0.8300049304962158,0.9467779397964478,0.0239667538553476,0.0002807617129292,32,9902.0,395088586900660224,648952896,84438016,16,2.369297155520951e-06,648806400.0,3.950885869006602e+17,9902.0,1.9008728363865712,1.9205185173769463,bin_0
config_988,640,22,10,0.0112422825768589,0.9444506764411926,0.9090839624404908,0.2849893271923065,0.0010379831073805,32,7695.0,610008184064901120,504336128,143944960,8,0.0010379831073805,252313600.0,3.0496445537331706e+17,3847.0,2.1127847873187457,2.1335878570548825,bin_0
config_988,640,22,10,0.0112422825768589,0.9444506764411926,0.9090839624404908,0.2849893271923065,0.0010379831073805,32,7695.0,610008184064901120,504336128,143944960,8,2.130895977742945e-05,501350400.0,6.100081840649011e+17,7695.0,1.89074113306452,1.9104150578428487,bin_0
config_989,256,22,8,0.012510017491877,0.9668425917625428,0.9277886152267456,0.1942853480577469,0.0006462965393438,64,72854.0,3133077759228641280,9549234176,31625728,16,0.0006462965393438,1592524800.0,5.234124331892799e+17,12171.0,1.8939913441314071,1.9139057754297728,bin_1
config_989,256,22,8,0.012510017491877,0.9668425917625428,0.9277886152267456,0.1942853480577469,0.0006462965393438,64,72854.0,3133077759228641280,9549234176,31625728,16,0.0006462965393438,3191603200.0,1.0468248663785596e+18,24342.0,1.836139509091612,1.8553928365863737,bin_1
config_989,256,22,8,0.012510017491877,0.9668425917625428,0.9277886152267456,0.1942853480577469,0.0006462965393438,64,72854.0,3133077759228641280,9549234176,31625728,16,0.0006462965393438,4784128000.0,1.57028030445102e+18,36514.0,1.8115223485524536,1.8292211267987235,bin_1
config_989,256,22,8,0.012510017491877,0.9668425917625428,0.9277886152267456,0.1942853480577469,0.0006462965393438,64,72854.0,3133077759228641280,9549234176,31625728,16,0.0006462965393438,6383206400.0,2.0936927376403e+18,48685.0,1.796804521631022,1.8143555972615224,bin_1
config_989,256,22,8,0.012510017491877,0.9668425917625428,0.9277886152267456,0.1942853480577469,0.0006462965393438,64,72854.0,3133077759228641280,9549234176,31625728,16,0.0005481237571205,7975731200.0,2.61710517082958e+18,60856.0,1.777953990052958,1.7951922182567783,bin_1
config_989,256,22,8,0.012510017491877,0.9668425917625428,0.9277886152267456,0.1942853480577469,0.0006462965393438,64,72854.0,3133077759228641280,9549234176,31625728,16,1.826470366945608e-07,9548595200.0,3.1330777592286413e+18,72854.0,1.7159178461012292,1.732748880777203,bin_1
config_99,960,16,24,0.1774781048297882,0.9020640254020692,0.9400878548622132,0.01721803098917,3.054274930036627e-05,64,26041.0,5900816678364610560,3413311232,225244800,8,3.054274930036627e-05,1592524800.0,2.757914050626922e+18,12171.0,1.9545127040245491,1.975077942453447,bin_2
config_99,960,16,24,0.1774781048297882,0.9020640254020692,0.9400878548622132,0.01721803098917,3.054274930036627e-05,64,26041.0,5900816678364610560,3413311232,225244800,8,3.054274930036627e-05,3191603200.0,5.515828101253844e+18,24342.0,1.8021958056825107,1.8221550589115891,bin_2
config_99,960,16,24,0.1774781048297882,0.9020640254020692,0.9400878548622132,0.01721803098917,3.054274930036627e-05,64,26041.0,5900816678364610560,3413311232,225244800,8,2.79520696722102e-06,3407872000.0,5.900816678364611e+18,26041.0,1.7721996248159253,1.7916693919994793,bin_2
config_990,704,13,16,0.0177435874938964,0.9853432178497314,0.9188015460968018,0.0542804040014743,0.0026331504341214,64,46362.0,5647178473422520320,6076801536,117415936,16,0.0026331504341214,1592524800.0,1.4825031103064036e+18,12171.0,3.6094405905145113,3.643939180843166,bin_2
config_990,704,13,16,0.0177435874938964,0.9853432178497314,0.9188015460968018,0.0542804040014743,0.0026331504341214,64,46362.0,5647178473422520320,6076801536,117415936,16,0.0026331504341214,3191603200.0,2.965006220612807e+18,24342.0,3.642462703048206,3.679387385024399,bin_2
config_990,704,13,16,0.0177435874938964,0.9853432178497314,0.9188015460968018,0.0542804040014743,0.0026331504341214,64,46362.0,5647178473422520320,6076801536,117415936,16,0.0026331504341214,4784128000.0,4.447631137106896e+18,36514.0,3.564979013536797,3.5903052765424133,bin_2
config_990,704,13,16,0.0177435874938964,0.9853432178497314,0.9188015460968018,0.0542804040014743,0.0026331504341214,64,46362.0,5647178473422520320,6076801536,117415936,16,1.2558746108687608e-05,6075187200.0,5.64717847342252e+18,46362.0,3.4271459014298484,3.461943151364561,bin_2
config_992,1088,19,8,0.0384127683937549,0.9715422987937928,0.9716871380805968,0.1220858097076416,0.0002464149729348,32,6168.0,1018341190032297984,404246496,335221504,8,0.0002464149729348,203161600.0,5.09170595016149e+17,3084.0,2.0751656237782026,2.095341039466076,bin_0
config_992,1088,19,8,0.0384127683937549,0.9715422987937928,0.9716871380805968,0.1220858097076416,0.0002464149729348,32,6168.0,1018341190032297984,404246496,335221504,8,5.890397759399351e-06,403046400.0,1.018341190032298e+18,6168.0,1.8504421347281967,1.8690302607270537,bin_0
config_994,448,19,4,0.0377534814178943,0.8111656904220581,0.91541588306427,0.1673393249511718,0.0054784687235951,64,16675.0,1381336757011513344,2185752832,70481152,16,0.0054784687235951,1592524800.0,1.0082308647428562e+18,12171.0,1.9248931880857123,1.9452136813617145,bin_1
config_994,448,19,4,0.0377534814178943,0.8111656904220581,0.91541588306427,0.1673393249511718,0.0054784687235951,64,16675.0,1381336757011513344,2185752832,70481152,16,4.909022153759112e-05,2182348800.0,1.381336757011513e+18,16675.0,1.7712231216274323,1.7898277790429162,bin_1
config_995,256,12,16,0.1567889302968979,0.865519642829895,0.9017388224601746,0.0316737070679664,9.140660404227674e-05,64,17189.0,482292059064238080,2253020672,23100928,16,9.140660404227674e-05,1592524800.0,3.4149611093553094e+17,12171.0,2.176261706313149,2.1989751634832286,bin_0
config_995,256,12,16,0.1567889302968979,0.865519642829895,0.9017388224601746,0.0316737070679664,9.140660404227674e-05,64,17189.0,482292059064238080,2253020672,23100928,16,6.55304698097204e-06,2247884800.0,4.822920590642381e+17,17189.0,2.070095525765028,2.0930498969750326,bin_0
config_996,832,19,8,0.0019753254018723,0.8552501797676086,0.901537835597992,0.1173550710082054,1.4371056749951094e-05,32,4568.0,482275059286904832,299415136,203736832,8,1.4371056749951094e-05,150732800.0,2.411375296434524e+17,2284.0,2.925444133828898,2.955814925373577,bin_0
config_996,832,19,8,0.0019753254018723,0.8552501797676086,0.901537835597992,0.1173550710082054,1.4371056749951094e-05,32,4568.0,482275059286904832,299415136,203736832,8,4.826101147371638e-07,298188800.0,4.822750592869048e+17,4568.0,2.696798707149068,2.7250698683691805,bin_0
config_997,384,10,12,0.1678781658411026,0.9638478755950928,0.9783593416213988,0.2234866917133331,0.0006034533726051,64,27416.0,1136937384237662208,3593600256,37009152,16,0.0006034533726051,1592524800.0,5.047295339785741e+17,12171.0,1.8668520139866187,1.8868994089032785,bin_1
config_997,384,10,12,0.1678781658411026,0.9638478755950928,0.9783593416213988,0.2234866917133331,0.0006034533726051,64,27416.0,1136937384237662208,3593600256,37009152,16,0.0003019729134009,3191603200.0,1.0094590679571482e+18,24342.0,1.779404456146428,1.7983136082477258,bin_1
config_997,384,10,12,0.1678781658411026,0.9638478755950928,0.9783593416213988,0.2234866917133331,0.0006034533726051,64,27416.0,1136937384237662208,3593600256,37009152,16,1.5758534293589454e-06,3591372800.0,1.1369373842376622e+18,27416.0,1.7304978315947486,1.7488396877538963,bin_1
config_999,1024,5,4,0.045400496572256,0.9839205145835876,0.9742733240127563,0.1779716610908508,4.160497701377608e-05,64,14641.0,1573781558755590144,1919052288,115720192,16,3.978426016941121e-05,1592524800.0,1.308277805588026e+18,12171.0,1.9381530119161137,1.958930082672932,bin_1
config_999,1024,5,4,0.045400496572256,0.9839205145835876,0.9742733240127563,0.1779716610908508,4.160497701377608e-05,64,14641.0,1573781558755590144,1919052288,115720192,16,6.548192159557843e-07,1913651200.0,1.57378155875559e+18,14641.0,1.895631537320184,1.916079898271404,bin_1
